# Energy Data Background_expected(NO DSNB) DSNB(Horiuchi+09)
16.0 0.0 17.85063752276867 2.1994535519125686
17.0 12.0 8.606557377049182 2.1994535519125686
19.0 9.0 3.3151183970856106 2.040072859744991
21.0 6.0 4.462659380692168 2.167577413479053
23.0 9.0 4.908925318761384 1.8169398907103826
25.0 4.0 5.92896174863388 1.5619307832422589
27.0 11.0 6.56648451730419 1.4344262295081969
29.0 12.0 7.299635701275046 1.1794171220400729
31.0 11.0 7.9690346083788715 0.8606557377049181
33.0 8.0 8.574681238615666 0.7012750455373407
35.0 8.0 9.307832422586522 0.5100182149362478
37.0 9.0 10.009107468123862 0.38251366120218583
39.0 11.0 10.614754098360656 0.2868852459016394
41.0 12.0 11.22040072859745 0.22313296903460839
43.0 15.0 11.602914389799636 0.19125683060109291
45.0 13.0 11.7304189435337 0.12750455373406194
47.0 8.0 11.539162112932607 0.06375227686703097
49.0 9.0 11.029143897996358 0.06375227686703097
51.0 7.0 10.104735883424409 0.031876138433515486
53.0 11.0 8.797814207650275 0.031876138433515486
55.0 10.0 7.363387978142077 0.0
57.0 4.0 6.183970856102004 0.0
59.0 6.0 5.195810564663025 0.0
61.0 5.0 4.653916211293261 0.0
63.0 8.0 4.462659380692168 0.0
65.0 6.0 4.3670309653916215 0.0
67.0 2.0 4.430783242258652 0.0
69.0 8.0 4.622040072859745 0.0
71.0 3.0 4.781420765027323 0.0
73.0 5.0 4.9408014571949 0.0
75.0 1.0 5.100182149362478 0.0
77.0 7.0 5.259562841530055 0.0
80.0 0.0 5.546448087431695 0.0
100.0 0.0 7.755 0.0
