# m_a[MeV] g_a Z
1.0 2e-06 0.17436854748750114
1.0476157527896648 2e-06 0.17436241264549132
1.0974987654930561 2e-06 0.1743559853933627
1.1497569953977358 2e-06 0.1743492495524038
1.2045035402587823 2e-06 0.17434219936440665
1.2618568830660204 2e-06 0.1743348144274774
1.321941148466029 2e-06 0.17432706982261487
1.384886371393873 2e-06 0.17431894617422353
1.4508287784959397 2e-06 0.17431043678039732
1.5199110829529336 2e-06 0.17430151163853402
1.5922827933410924 2e-06 0.17429216388683177
1.6681005372000588 2e-06 0.1742823642871327
1.7475284000076838 2e-06 0.17427210627749312
1.8307382802953682 2e-06 0.17426135549987362
1.9179102616724888 2e-06 0.17425009031530597
2.0092330025650473 2e-06 0.17423830393309095
2.1049041445120205 2e-06 0.17422595902001636
2.205130739903046 2e-06 0.1742130383568655
2.3101297000831598 2e-06 0.17419950255424954
2.420128264794382 2e-06 0.17418533888976728
2.535364493970112 2e-06 0.17417052033621683
2.6560877829466865 2e-06 0.1741550153545883
2.782559402207125 2e-06 0.1741387488765205
2.915053062825177 2e-06 0.17412174648916431
3.0538555088334154 2e-06 0.1741039227406385
3.1992671377973836 2e-06 0.17408528371323212
3.3516026509388426 2e-06 0.1740657467495984
3.511191734215132 2e-06 0.17404530027994677
3.6783797718286344 2e-06 0.17402386520462984
3.8535285937105295 2e-06 0.17400141572309755
4.0370172585965545 2e-06 0.17397791963702988
4.229242874389499 2e-06 0.1739532875693459
4.430621457583881 2e-06 0.17392748957878532
4.641588833612779 2e-06 0.17390050929360698
4.862601580065355 2e-06 0.173872338928309
5.09413801481638 2e-06 0.17384291720464742
5.3366992312063095 2e-06 0.17381225435064754
5.590810182512224 2e-06 0.17378042306030306
5.857020818056667 2e-06 0.17372932329207197
6.135907273413174 2e-06 0.17364773417996127
6.428073117284322 2e-06 0.1735624148131495
6.734150657750823 2e-06 0.17347350505508385
7.054802310718643 2e-06 0.17338101850659784
7.390722033525779 2e-06 0.1732848136580207
7.742636826811272 2e-06 0.17318468212130975
8.111308307896872 2e-06 0.17308040584119783
8.497534359086444 2e-06 0.1729716939212492
8.902150854450388 2e-06 0.17285825276304348
9.326033468832199 2e-06 0.17274038255778956
9.770099572992255 2e-06 0.17261825256441804
10.235310218990262 2e-06 0.17249304645097088
10.722672220103236 2e-06 0.17233084650462535
11.233240329780276 2e-06 0.1721214343500385
11.768119524349984 2e-06 0.1719078318281108
12.328467394420665 2e-06 0.17168957544292696
12.91549665014884 2e-06 0.17146587623030565
13.530477745798075 2e-06 0.17123667235583812
14.174741629268055 2e-06 0.1710058237886369
14.84968262254465 2e-06 0.17078391097980947
15.556761439304722 2e-06 0.17050850125923636
16.297508346206442 2e-06 0.1428921718024625
17.073526474706913 2e-06 0.1428921718024625
17.886495290574352 2e-06 0.1428921718024625
18.73817422860385 2e-06 0.1428921718024625
19.630406500402714 2e-06 0.1428921718024625
20.565123083486515 2e-06 0.1428921718024625
21.544346900318846 2e-06 0.1428921718024625
22.570197196339205 2e-06 0.1428921718024625
23.644894126454084 2e-06 0.1428921718024625
24.770763559917114 2e-06 0.1428921718024625
25.950242113997373 2e-06 0.1428921718024625
27.185882427329414 2e-06 0.1428921718024625
28.48035868435802 2e-06 0.1428921718024625
29.836472402833405 2e-06 0.1428921718024625
31.25715849688237 2e-06 0.1428921718024625
32.7454916287773 2e-06 0.1428921718024625
34.30469286314919 2e-06 0.1428921718024625
35.938136638046274 2e-06 0.1428921718024625
37.649358067924695 2e-06 0.1428921718024625
39.442060594376564 2e-06 0.1428921718024625
41.32012400115339 2e-06 0.1428921718024625
43.287612810830595 2e-06 0.1428921718024625
45.34878508128585 2e-06 0.1428921718024625
47.50810162102798 2e-06 0.1428921718024625
49.770235643321115 2e-06 0.1428921718024625
52.140082879996875 2e-06 0.1428921718024625
54.62277217684343 2e-06 0.1428921718024625
57.223676593502205 2e-06 0.1428921718024625
59.94842503189412 2e-06 0.1428921718024625
62.80291441834256 2e-06 0.1428921718024625
65.79332246575683 2e-06 0.1428921718024625
68.92612104349699 2e-06 0.1428921718024625
72.20809018385468 2e-06 0.1428921718024625
75.64633275546291 2e-06 0.1428921718024625
79.24828983539177 2e-06 0.1428921718024625
83.02175681319748 2e-06 0.1428921718024625
86.97490026177834 2e-06 0.1428921718024625
91.11627561154896 2e-06 0.1428921718024625
95.45484566618342 2e-06 0.1428921718024625
100.0 2e-06 0.1428921718024625
1.0 3.16764e-06 0.1902361235179358
1.0476157527896648 3.16764e-06 0.19022609458126466
1.0974987654930561 3.16764e-06 0.19021552150104032
1.1497569953977358 3.16764e-06 0.19020449258304223
1.2045035402587823 3.16764e-06 0.19019316180053503
1.2618568830660204 3.16764e-06 0.1901808524612657
1.321941148466029 3.16764e-06 0.19016809760320508
1.384886371393873 3.16764e-06 0.19015470300514387
1.4508287784959397 3.16764e-06 0.19014067412757935
1.5199110829529336 3.16764e-06 0.1901259709929526
1.5922827933410924 3.16764e-06 0.19011043744618417
1.6681005372000588 3.16764e-06 0.19009408357997287
1.7475284000076838 3.16764e-06 0.19007634872605916
1.8307382802953682 3.16764e-06 0.19005850510129507
1.9179102616724888 3.16764e-06 0.1900397746633763
2.0092330025650473 3.16764e-06 0.19002042039439257
2.1049041445120205 3.16764e-06 0.18999995838977246
2.205130739903046 3.16764e-06 0.18997831170958987
2.3101297000831598 3.16764e-06 0.18995563002552132
2.420128264794382 3.16764e-06 0.18993164329937207
2.535364493970112 3.16764e-06 0.1899065445499805
2.6560877829466865 3.16764e-06 0.1898801966919034
2.782559402207125 3.16764e-06 0.18985272259749938
2.915053062825177 3.16764e-06 0.18982415698718966
3.0538555088334154 3.16764e-06 0.1897942254827301
3.1992671377973836 3.16764e-06 0.18976275780620744
3.3516026509388426 3.16764e-06 0.189729951029145
3.511191734215132 3.16764e-06 0.18969566382206932
3.6783797718286344 3.16764e-06 0.1896598944050421
3.8535285937105295 3.16764e-06 0.18962227065797643
4.0370172585965545 3.16764e-06 0.18957913034061363
4.229242874389499 3.16764e-06 0.18953901441877646
4.430621457583881 3.16764e-06 0.1894959743514184
4.641588833612779 3.16764e-06 0.189451416176506
4.862601580065355 3.16764e-06 0.18940482418960083
5.09413801481638 3.16764e-06 0.18935656768104087
5.3366992312063095 3.16764e-06 0.189306053763417
5.590810182512224 3.16764e-06 0.18925306630720035
5.857020818056667 3.16764e-06 0.18916271975274568
6.135907273413174 3.16764e-06 0.18900891833549555
6.428073117284322 3.16764e-06 0.18884873492019674
6.734150657750823 3.16764e-06 0.1886811163297308
7.054802310718643 3.16764e-06 0.18850559385218452
7.390722033525779 3.16764e-06 0.1883219561628999
7.742636826811272 3.16764e-06 0.18813009196478997
8.111308307896872 3.16764e-06 0.18793018894895752
8.497534359086444 3.16764e-06 0.18772230317463104
8.902150854450388 3.16764e-06 0.187506317282415
9.326033468832199 3.16764e-06 0.18727848798215393
9.770099572992255 3.16764e-06 0.18705372555258237
10.235310218990262 3.16764e-06 0.18681106942327186
10.722672220103236 3.16764e-06 0.18650262858187922
11.233240329780276 3.16764e-06 0.18609434903758099
11.768119524349984 3.16764e-06 0.18567050049203876
12.328467394420665 3.16764e-06 0.18524626507897685
12.91549665014884 3.16764e-06 0.18480400384247903
13.530477745798075 3.16764e-06 0.18434495590323244
14.174741629268055 3.16764e-06 0.1838750773242561
14.84968262254465 3.16764e-06 0.1834229128347351
15.556761439304722 3.16764e-06 0.1828458667188013
16.297508346206442 3.16764e-06 0.1428921718024625
17.073526474706913 3.16764e-06 0.1428921718024625
17.886495290574352 3.16764e-06 0.1428921718024625
18.73817422860385 3.16764e-06 0.1428921718024625
19.630406500402714 3.16764e-06 0.1428921718024625
20.565123083486515 3.16764e-06 0.1428921718024625
21.544346900318846 3.16764e-06 0.1428921718024625
22.570197196339205 3.16764e-06 0.1428921718024625
23.644894126454084 3.16764e-06 0.1428921718024625
24.770763559917114 3.16764e-06 0.1428921718024625
25.950242113997373 3.16764e-06 0.1428921718024625
27.185882427329414 3.16764e-06 0.1428921718024625
28.48035868435802 3.16764e-06 0.1428921718024625
29.836472402833405 3.16764e-06 0.1428921718024625
31.25715849688237 3.16764e-06 0.1428921718024625
32.7454916287773 3.16764e-06 0.1428921718024625
34.30469286314919 3.16764e-06 0.1428921718024625
35.938136638046274 3.16764e-06 0.1428921718024625
37.649358067924695 3.16764e-06 0.1428921718024625
39.442060594376564 3.16764e-06 0.1428921718024625
41.32012400115339 3.16764e-06 0.1428921718024625
43.287612810830595 3.16764e-06 0.1428921718024625
45.34878508128585 3.16764e-06 0.1428921718024625
47.50810162102798 3.16764e-06 0.1428921718024625
49.770235643321115 3.16764e-06 0.1428921718024625
52.140082879996875 3.16764e-06 0.1428921718024625
54.62277217684343 3.16764e-06 0.1428921718024625
57.223676593502205 3.16764e-06 0.1428921718024625
59.94842503189412 3.16764e-06 0.1428921718024625
62.80291441834256 3.16764e-06 0.1428921718024625
65.79332246575683 3.16764e-06 0.1428921718024625
68.92612104349699 3.16764e-06 0.1428921718024625
72.20809018385468 3.16764e-06 0.1428921718024625
75.64633275546291 3.16764e-06 0.1428921718024625
79.24828983539177 3.16764e-06 0.1428921718024625
83.02175681319748 3.16764e-06 0.1428921718024625
86.97490026177834 3.16764e-06 0.1428921718024625
91.11627561154896 3.16764e-06 0.1428921718024625
95.45484566618342 3.16764e-06 0.1428921718024625
100.0 3.16764e-06 0.1428921718024625
1.0 5.01697e-06 0.22951833506874172
1.0476157527896648 5.01697e-06 0.22949485022882274
1.0974987654930561 5.01697e-06 0.22947014714098585
1.1497569953977358 5.01697e-06 0.2294442521077962
1.2045035402587823 5.01697e-06 0.229417074995802
1.2618568830660204 5.01697e-06 0.22938879226365683
1.321941148466029 5.01697e-06 0.22935894438895849
1.384886371393873 5.01697e-06 0.22932758436762166
1.4508287784959397 5.01697e-06 0.2292947326331865
1.5199110829529336 5.01697e-06 0.22926038410362565
1.5922827933410924 5.01697e-06 0.22922443014460941
1.6681005372000588 5.01697e-06 0.22918672345450045
1.7475284000076838 5.01697e-06 0.22914729087776034
1.8307382802953682 5.01697e-06 0.22910595929515062
1.9179102616724888 5.01697e-06 0.2290625762201135
2.0092330025650473 5.01697e-06 0.22901703156640557
2.1049041445120205 5.01697e-06 0.22896917926626884
2.205130739903046 5.01697e-06 0.22891888570599045
2.3101297000831598 5.01697e-06 0.22886615641100533
2.420128264794382 5.01697e-06 0.22881110729377982
2.535364493970112 5.01697e-06 0.22875327465304315
2.6560877829466865 5.01697e-06 0.22869261349777426
2.782559402207125 5.01697e-06 0.22862909758504815
2.915053062825177 5.01697e-06 0.22856241675717318
3.0538555088334154 5.01697e-06 0.22849266514362812
3.1992671377973836 5.01697e-06 0.22841954501802117
3.3516026509388426 5.01697e-06 0.228342699167492
3.511191734215132 5.01697e-06 0.22826230408042963
3.6783797718286344 5.01697e-06 0.22817795529884916
3.8535285937105295 5.01697e-06 0.22808975024306105
4.0370172585965545 5.01697e-06 0.22799746132259938
4.229242874389499 5.01697e-06 0.22790108025118747
4.430621457583881 5.01697e-06 0.2278005153489612
4.641588833612779 5.01697e-06 0.2276955931620291
4.862601580065355 5.01697e-06 0.22758514595692145
5.09413801481638 5.01697e-06 0.22747010351961003
5.3366992312063095 5.01697e-06 0.22735037298708477
5.590810182512224 5.01697e-06 0.22722653545046184
5.857020818056667 5.01697e-06 0.22701973233228637
6.135907273413174 5.01697e-06 0.2266780944555227
6.428073117284322 5.01697e-06 0.22631828046849656
6.734150657750823 5.01697e-06 0.22593984443266493
7.054802310718643 5.01697e-06 0.22554294137874592
7.390722033525779 5.01697e-06 0.22512801612220668
7.742636826811272 5.01697e-06 0.2246943357510759
8.111308307896872 5.01697e-06 0.2242421133531423
8.497534359086444 5.01697e-06 0.22377075182997352
8.902150854450388 5.01697e-06 0.22328232067341044
9.326033468832199 5.01697e-06 0.2227752352450231
9.770099572992255 5.01697e-06 0.22225144426661494
10.235310218990262 5.01697e-06 0.2217107753522267
10.722672220103236 5.01697e-06 0.22101168970098994
11.233240329780276 5.01697e-06 0.22010571825791514
11.768119524349984 5.01697e-06 0.21916193324482477
12.328467394420665 5.01697e-06 0.2182029898334977
12.91549665014884 5.01697e-06 0.21722399136137396
13.530477745798075 5.01697e-06 0.21618532811477406
14.174741629268055 5.01697e-06 0.21510855360020112
14.84968262254465 5.01697e-06 0.21404264253728425
15.556761439304722 5.01697e-06 0.21271616635171697
16.297508346206442 5.01697e-06 0.1428921718024625
17.073526474706913 5.01697e-06 0.1428921718024625
17.886495290574352 5.01697e-06 0.1428921718024625
18.73817422860385 5.01697e-06 0.1428921718024625
19.630406500402714 5.01697e-06 0.1428921718024625
20.565123083486515 5.01697e-06 0.1428921718024625
21.544346900318846 5.01697e-06 0.1428921718024625
22.570197196339205 5.01697e-06 0.1428921718024625
23.644894126454084 5.01697e-06 0.1428921718024625
24.770763559917114 5.01697e-06 0.1428921718024625
25.950242113997373 5.01697e-06 0.1428921718024625
27.185882427329414 5.01697e-06 0.1428921718024625
28.48035868435802 5.01697e-06 0.1428921718024625
29.836472402833405 5.01697e-06 0.1428921718024625
31.25715849688237 5.01697e-06 0.1428921718024625
32.7454916287773 5.01697e-06 0.1428921718024625
34.30469286314919 5.01697e-06 0.1428921718024625
35.938136638046274 5.01697e-06 0.1428921718024625
37.649358067924695 5.01697e-06 0.1428921718024625
39.442060594376564 5.01697e-06 0.1428921718024625
41.32012400115339 5.01697e-06 0.1428921718024625
43.287612810830595 5.01697e-06 0.1428921718024625
45.34878508128585 5.01697e-06 0.1428921718024625
47.50810162102798 5.01697e-06 0.1428921718024625
49.770235643321115 5.01697e-06 0.1428921718024625
52.140082879996875 5.01697e-06 0.1428921718024625
54.62277217684343 5.01697e-06 0.1428921718024625
57.223676593502205 5.01697e-06 0.1428921718024625
59.94842503189412 5.01697e-06 0.1428921718024625
62.80291441834256 5.01697e-06 0.1428921718024625
65.79332246575683 5.01697e-06 0.1428921718024625
68.92612104349699 5.01697e-06 0.1428921718024625
72.20809018385468 5.01697e-06 0.1428921718024625
75.64633275546291 5.01697e-06 0.1428921718024625
79.24828983539177 5.01697e-06 0.1428921718024625
83.02175681319748 5.01697e-06 0.1428921718024625
86.97490026177834 5.01697e-06 0.1428921718024625
91.11627561154896 5.01697e-06 0.1428921718024625
95.45484566618342 5.01697e-06 0.1428921718024625
100.0 5.01697e-06 0.1428921718024625
1.0 7.94597e-06 0.3312492424666388
1.0476157527896648 7.94597e-06 0.33120037238103534
1.0974987654930561 7.94597e-06 0.33115806340536263
1.1497569953977358 7.94597e-06 0.3311110129863495
1.2045035402587823 7.94597e-06 0.3310751288132368
1.2618568830660204 7.94597e-06 0.33102620084439743
1.321941148466029 7.94597e-06 0.3309748039165454
1.384886371393873 7.94597e-06 0.3309204314399047
1.4508287784959397 7.94597e-06 0.3308652013783946
1.5199110829529336 7.94597e-06 0.3308062496269561
1.5922827933410924 7.94597e-06 0.33074419342179123
1.6681005372000588 7.94597e-06 0.33068012321277584
1.7475284000076838 7.94597e-06 0.3306122913037803
1.8307382802953682 7.94597e-06 0.33054128756487716
1.9179102616724888 7.94597e-06 0.33046736647601016
2.0092330025650473 7.94597e-06 0.3303902441046083
2.1049041445120205 7.94597e-06 0.3303088128686645
2.205130739903046 7.94597e-06 0.33022301964212336
2.3101297000831598 7.94597e-06 0.33013092183084203
2.420128264794382 7.94597e-06 0.33003654962803136
2.535364493970112 7.94597e-06 0.32993742608245236
2.6560877829466865 7.94597e-06 0.3298291266411815
2.782559402207125 7.94597e-06 0.3297217276702573
2.915053062825177 7.94597e-06 0.32960884831418025
3.0538555088334154 7.94597e-06 0.32948937161188446
3.1992671377973836 7.94597e-06 0.3293647846293154
3.3516026509388426 7.94597e-06 0.3292326321525969
3.511191734215132 7.94597e-06 0.3290955555202427
3.6783797718286344 7.94597e-06 0.32894963346685496
3.8535285937105295 7.94597e-06 0.32879739491949533
4.0370172585965545 7.94597e-06 0.32863975559497316
4.229242874389499 7.94597e-06 0.3284749443849614
4.430621457583881 7.94597e-06 0.3283039011244752
4.641588833612779 7.94597e-06 0.3281242031285024
4.862601580065355 7.94597e-06 0.32793933721583607
5.09413801481638 7.94597e-06 0.32774539430698385
5.3366992312063095 7.94597e-06 0.3275434940025353
5.590810182512224 7.94597e-06 0.3273332710840558
5.857020818056667 7.94597e-06 0.32682212198039484
6.135907273413174 7.94597e-06 0.3258293403320376
6.428073117284322 7.94597e-06 0.3247863386666035
6.734150657750823 7.94597e-06 0.32368882587616143
7.054802310718643 7.94597e-06 0.32254684368354
7.390722033525779 7.94597e-06 0.32133924844783973
7.742636826811272 7.94597e-06 0.3200778801865987
8.111308307896872 7.94597e-06 0.3187570212438968
8.497534359086444 7.94597e-06 0.3173814408396258
8.902150854450388 7.94597e-06 0.31594273055293665
9.326033468832199 7.94597e-06 0.3142835586723296
9.770099572992255 7.94597e-06 0.3128728935882925
10.235310218990262 7.94597e-06 0.31124024975013076
10.722672220103236 7.94597e-06 0.30936753363658787
11.233240329780276 7.94597e-06 0.3071375523441887
11.768119524349984 7.94597e-06 0.3048098704723441
12.328467394420665 7.94597e-06 0.3024388366989045
12.91549665014884 7.94597e-06 0.300012816572287
13.530477745798075 7.94597e-06 0.2974179895309704
14.174741629268055 7.94597e-06 0.2947060390800126
14.84968262254465 7.94597e-06 0.29195630310410486
15.556761439304722 7.94597e-06 0.28860973171147664
16.297508346206442 7.94597e-06 0.1428921718024625
17.073526474706913 7.94597e-06 0.1428921718024625
17.886495290574352 7.94597e-06 0.1428921718024625
18.73817422860385 7.94597e-06 0.1428921718024625
19.630406500402714 7.94597e-06 0.1428921718024625
20.565123083486515 7.94597e-06 0.1428921718024625
21.544346900318846 7.94597e-06 0.1428921718024625
22.570197196339205 7.94597e-06 0.1428921718024625
23.644894126454084 7.94597e-06 0.1428921718024625
24.770763559917114 7.94597e-06 0.1428921718024625
25.950242113997373 7.94597e-06 0.1428921718024625
27.185882427329414 7.94597e-06 0.1428921718024625
28.48035868435802 7.94597e-06 0.1428921718024625
29.836472402833405 7.94597e-06 0.1428921718024625
31.25715849688237 7.94597e-06 0.1428921718024625
32.7454916287773 7.94597e-06 0.1428921718024625
34.30469286314919 7.94597e-06 0.1428921718024625
35.938136638046274 7.94597e-06 0.1428921718024625
37.649358067924695 7.94597e-06 0.1428921718024625
39.442060594376564 7.94597e-06 0.1428921718024625
41.32012400115339 7.94597e-06 0.1428921718024625
43.287612810830595 7.94597e-06 0.1428921718024625
45.34878508128585 7.94597e-06 0.1428921718024625
47.50810162102798 7.94597e-06 0.1428921718024625
49.770235643321115 7.94597e-06 0.1428921718024625
52.140082879996875 7.94597e-06 0.1428921718024625
54.62277217684343 7.94597e-06 0.1428921718024625
57.223676593502205 7.94597e-06 0.1428921718024625
59.94842503189412 7.94597e-06 0.1428921718024625
62.80291441834256 7.94597e-06 0.1428921718024625
65.79332246575683 7.94597e-06 0.1428921718024625
68.92612104349699 7.94597e-06 0.1428921718024625
72.20809018385468 7.94597e-06 0.1428921718024625
75.64633275546291 7.94597e-06 0.1428921718024625
79.24828983539177 7.94597e-06 0.1428921718024625
83.02175681319748 7.94597e-06 0.1428921718024625
86.97490026177834 7.94597e-06 0.1428921718024625
91.11627561154896 7.94597e-06 0.1428921718024625
95.45484566618342 7.94597e-06 0.1428921718024625
100.0 7.94597e-06 0.1428921718024625
1.0 1.2585e-05 0.6142928281914669
1.0476157527896648 1.2585e-05 0.6141065921711634
1.0974987654930561 1.2585e-05 0.6139112893220406
1.1497569953977358 1.2585e-05 0.6137065635334572
1.2045035402587823 1.2585e-05 0.6134916838380831
1.2618568830660204 1.2585e-05 0.6132664054371411
1.321941148466029 1.2585e-05 0.6130302313978441
1.384886371393873 1.2585e-05 0.6127823098286965
1.4508287784959397 1.2585e-05 0.6125219915516262
1.5199110829529336 1.2585e-05 0.6122489344698034
1.5922827933410924 1.2585e-05 0.6119624551671365
1.6681005372000588 1.2585e-05 0.6116620915472789
1.7475284000076838 1.2585e-05 0.6113468655399259
1.8307382802953682 1.2585e-05 0.6110157237348145
1.9179102616724888 1.2585e-05 0.6106682397699152
2.0092330025650473 1.2585e-05 0.6103035874025379
2.1049041445120205 1.2585e-05 0.6099212396337582
2.205130739903046 1.2585e-05 0.6095199351246776
2.3101297000831598 1.2585e-05 0.6090992098799397
2.420128264794382 1.2585e-05 0.6086580007814353
2.535364493970112 1.2585e-05 0.6081959026938523
2.6560877829466865 1.2585e-05 0.6077111565712267
2.782559402207125 1.2585e-05 0.607202753657404
2.915053062825177 1.2585e-05 0.6066697345667307
3.0538555088334154 1.2585e-05 0.6061121863281939
3.1992671377973836 1.2585e-05 0.6055277457706905
3.3516026509388426 1.2585e-05 0.6049153621486759
3.511191734215132 1.2585e-05 0.6042743609084548
3.6783797718286344 1.2585e-05 0.6036030059096598
3.8535285937105295 1.2585e-05 0.6029002585037988
4.0370172585965545 1.2585e-05 0.6021646358370961
4.229242874389499 1.2585e-05 0.6013947810328419
4.430621457583881 1.2585e-05 0.6005905454790076
4.641588833612779 1.2585e-05 0.599751397472468
4.862601580065355 1.2585e-05 0.5988759516606998
5.09413801481638 1.2585e-05 0.5979631427560506
5.3366992312063095 1.2585e-05 0.597011199752349
5.590810182512224 1.2585e-05 0.5960195792598284
5.857020818056667 1.2585e-05 0.5944593799614267
6.135907273413174 1.2585e-05 0.5919974969711751
6.428073117284322 1.2585e-05 0.589408054686487
6.734150657750823 1.2585e-05 0.5866857003530753
7.054802310718643 1.2585e-05 0.583832488570309
7.390722033525779 1.2585e-05 0.5808497956442629
7.742636826811272 1.2585e-05 0.5777364827738269
8.111308307896872 1.2585e-05 0.5744895756568429
8.497534359086444 1.2585e-05 0.571106121760154
8.902150854450388 1.2585e-05 0.5677549420456267
9.326033468832199 1.2585e-05 0.5640769218393328
9.770099572992255 1.2585e-05 0.5602354956440716
10.235310218990262 1.2585e-05 0.5562814955390449
10.722672220103236 1.2585e-05 0.5513495526061221
11.233240329780276 1.2585e-05 0.5450579327860792
11.768119524349984 1.2585e-05 0.5385011801968802
12.328467394420665 1.2585e-05 0.5319507404750061
12.91549665014884 1.2585e-05 0.5250217005737486
13.530477745798075 1.2585e-05 0.5174331603371158
14.174741629268055 1.2585e-05 0.5101157513255017
14.84968262254465 1.2585e-05 0.5025007368479852
15.556761439304722 1.2585e-05 0.49298764135854556
16.297508346206442 1.2585e-05 0.1428921718024625
17.073526474706913 1.2585e-05 0.1428921718024625
17.886495290574352 1.2585e-05 0.1428921718024625
18.73817422860385 1.2585e-05 0.1428921718024625
19.630406500402714 1.2585e-05 0.1428921718024625
20.565123083486515 1.2585e-05 0.1428921718024625
21.544346900318846 1.2585e-05 0.1428921718024625
22.570197196339205 1.2585e-05 0.1428921718024625
23.644894126454084 1.2585e-05 0.1428921718024625
24.770763559917114 1.2585e-05 0.1428921718024625
25.950242113997373 1.2585e-05 0.1428921718024625
27.185882427329414 1.2585e-05 0.1428921718024625
28.48035868435802 1.2585e-05 0.1428921718024625
29.836472402833405 1.2585e-05 0.1428921718024625
31.25715849688237 1.2585e-05 0.1428921718024625
32.7454916287773 1.2585e-05 0.1428921718024625
34.30469286314919 1.2585e-05 0.1428921718024625
35.938136638046274 1.2585e-05 0.1428921718024625
37.649358067924695 1.2585e-05 0.1428921718024625
39.442060594376564 1.2585e-05 0.1428921718024625
41.32012400115339 1.2585e-05 0.1428921718024625
43.287612810830595 1.2585e-05 0.1428921718024625
45.34878508128585 1.2585e-05 0.1428921718024625
47.50810162102798 1.2585e-05 0.1428921718024625
49.770235643321115 1.2585e-05 0.1428921718024625
52.140082879996875 1.2585e-05 0.1428921718024625
54.62277217684343 1.2585e-05 0.1428921718024625
57.223676593502205 1.2585e-05 0.1428921718024625
59.94842503189412 1.2585e-05 0.1428921718024625
62.80291441834256 1.2585e-05 0.1428921718024625
65.79332246575683 1.2585e-05 0.1428921718024625
68.92612104349699 1.2585e-05 0.1428921718024625
72.20809018385468 1.2585e-05 0.1428921718024625
75.64633275546291 1.2585e-05 0.1428921718024625
79.24828983539177 1.2585e-05 0.1428921718024625
83.02175681319748 1.2585e-05 0.1428921718024625
86.97490026177834 1.2585e-05 0.1428921718024625
91.11627561154896 1.2585e-05 0.1428921718024625
95.45484566618342 1.2585e-05 0.1428921718024625
100.0 1.2585e-05 0.1428921718024625
1.0 1.99324e-05 2.729725326745275
1.0476157527896648 1.99324e-05 2.713418646987581
1.0974987654930561 1.99324e-05 2.6970949358922334
1.1497569953977358 1.99324e-05 2.6806807812807083
1.2045035402587823 1.99324e-05 2.664193728561825
1.2618568830660204 1.99324e-05 2.64765070266407
1.321941148466029 1.99324e-05 2.63104789104689
1.384886371393873 1.99324e-05 2.614361249621152
1.4508287784959397 1.99324e-05 2.5975884503381086
1.5199110829529336 1.99324e-05 2.580744530386325
1.5922827933410924 1.99324e-05 2.5638224982756923
1.6681005372000588 1.99324e-05 2.546831583064484
1.7475284000076838 1.99324e-05 2.5297523708283447
1.8307382802953682 1.99324e-05 2.512570116202415
1.9179102616724888 1.99324e-05 2.4952952159129618
2.0092330025650473 1.99324e-05 2.47793135805216
2.1049041445120205 1.99324e-05 2.4604879754427906
2.205130739903046 1.99324e-05 2.442943904278253
2.3101297000831598 1.99324e-05 2.425316946421756
2.420128264794382 1.99324e-05 2.4075999129129206
2.535364493970112 1.99324e-05 2.3898161013190866
2.6560877829466865 1.99324e-05 2.371926693972374
2.782559402207125 1.99324e-05 2.353935808087071
2.915053062825177 1.99324e-05 2.33586580450281
3.0538555088334154 1.99324e-05 2.317721004338129
3.1992671377973836 1.99324e-05 2.2994758699840703
3.3516026509388426 1.99324e-05 2.281134967024499
3.511191734215132 1.99324e-05 2.262703812046302
3.6783797718286344 1.99324e-05 2.244189878231438
3.8535285937105295 1.99324e-05 2.2255865924358362
4.0370172585965545 1.99324e-05 2.2068906979538996
4.229242874389499 1.99324e-05 2.1881056488802706
4.430621457583881 1.99324e-05 2.169252342307522
4.641588833612779 1.99324e-05 2.1503567250859796
4.862601580065355 1.99324e-05 2.13141241952055
5.09413801481638 1.99324e-05 2.1124251853297893
5.3366992312063095 1.99324e-05 2.0933877343485747
5.590810182512224 1.99324e-05 2.0743133635001483
5.857020818056667 1.99324e-05 2.045910781766689
6.135907273413174 1.99324e-05 2.0043190762795535
6.428073117284322 1.99324e-05 1.9639375229305538
6.734150657750823 1.99324e-05 1.9245898296078185
7.054802310718643 1.99324e-05 1.8862346218573052
7.390722033525779 1.99324e-05 1.848831304162911
7.742636826811272 1.99324e-05 1.8122769770987248
8.111308307896872 1.99324e-05 1.777300737610256
8.497534359086444 1.99324e-05 1.7429542278959702
8.902150854450388 1.99324e-05 1.7084024795625097
9.326033468832199 1.99324e-05 1.6742202940744462
9.770099572992255 1.99324e-05 1.6403910177191867
10.235310218990262 1.99324e-05 1.6071473663132119
10.722672220103236 1.99324e-05 1.568473562760142
11.233240329780276 1.99324e-05 1.5218052011986836
11.768119524349984 1.99324e-05 1.476250202573856
12.328467394420665 1.99324e-05 1.433279230736538
12.91549665014884 1.99324e-05 1.3893030575284107
13.530477745798075 1.99324e-05 1.3460859671408856
14.174741629268055 1.99324e-05 1.3060913400746992
14.84968262254465 1.99324e-05 1.2647399750996742
15.556761439304722 1.99324e-05 1.2168636195485976
16.297508346206442 1.99324e-05 0.1428921718024625
17.073526474706913 1.99324e-05 0.1428921718024625
17.886495290574352 1.99324e-05 0.1428921718024625
18.73817422860385 1.99324e-05 0.1428921718024625
19.630406500402714 1.99324e-05 0.1428921718024625
20.565123083486515 1.99324e-05 0.1428921718024625
21.544346900318846 1.99324e-05 0.1428921718024625
22.570197196339205 1.99324e-05 0.1428921718024625
23.644894126454084 1.99324e-05 0.1428921718024625
24.770763559917114 1.99324e-05 0.1428921718024625
25.950242113997373 1.99324e-05 0.1428921718024625
27.185882427329414 1.99324e-05 0.1428921718024625
28.48035868435802 1.99324e-05 0.1428921718024625
29.836472402833405 1.99324e-05 0.1428921718024625
31.25715849688237 1.99324e-05 0.1428921718024625
32.7454916287773 1.99324e-05 0.1428921718024625
34.30469286314919 1.99324e-05 0.1428921718024625
35.938136638046274 1.99324e-05 0.1428921718024625
37.649358067924695 1.99324e-05 0.1428921718024625
39.442060594376564 1.99324e-05 0.1428921718024625
41.32012400115339 1.99324e-05 0.1428921718024625
43.287612810830595 1.99324e-05 0.1428921718024625
45.34878508128585 1.99324e-05 0.1428921718024625
47.50810162102798 1.99324e-05 0.1428921718024625
49.770235643321115 1.99324e-05 0.1428921718024625
52.140082879996875 1.99324e-05 0.1428921718024625
54.62277217684343 1.99324e-05 0.1428921718024625
57.223676593502205 1.99324e-05 0.1428921718024625
59.94842503189412 1.99324e-05 0.1428921718024625
62.80291441834256 1.99324e-05 0.1428921718024625
65.79332246575683 1.99324e-05 0.1428921718024625
68.92612104349699 1.99324e-05 0.1428921718024625
72.20809018385468 1.99324e-05 0.1428921718024625
75.64633275546291 1.99324e-05 0.1428921718024625
79.24828983539177 1.99324e-05 0.1428921718024625
83.02175681319748 1.99324e-05 0.1428921718024625
86.97490026177834 1.99324e-05 0.1428921718024625
91.11627561154896 1.99324e-05 0.1428921718024625
95.45484566618342 1.99324e-05 0.1428921718024625
100.0 1.99324e-05 0.1428921718024625
1.0 3.15693e-05 0.23421433365590175
1.0476157527896648 3.15693e-05 0.23351067634260464
1.0974987654930561 3.15693e-05 0.23277240608221786
1.1497569953977358 3.15693e-05 0.23199997381959944
1.2045035402587823 3.15693e-05 0.2311869627746449
1.2618568830660204 3.15693e-05 0.23033417440487944
1.321941148466029 3.15693e-05 0.2294396838707711
1.384886371393873 3.15693e-05 0.22850020828987797
1.4508287784959397 3.15693e-05 0.22751318367016424
1.5199110829529336 3.15693e-05 0.22647692344643883
1.5922827933410924 3.15693e-05 0.22538940860710466
1.6681005372000588 3.15693e-05 0.22424841111915955
1.7475284000076838 3.15693e-05 0.22305011103601316
1.8307382802953682 3.15693e-05 0.22179040328782343
1.9179102616724888 3.15693e-05 0.2204675967961988
2.0092330025650473 3.15693e-05 0.21907834049392585
2.1049041445120205 3.15693e-05 0.217620390866899
2.205130739903046 3.15693e-05 0.21608873335354536
2.3101297000831598 3.15693e-05 0.21448136670370183
2.420128264794382 3.15693e-05 0.21279409829353135
2.535364493970112 3.15693e-05 0.2110251770795444
2.6560877829466865 3.15693e-05 0.20916564889554112
2.782559402207125 3.15693e-05 0.20721496875725146
2.915053062825177 3.15693e-05 0.20516960798930306
3.0538555088334154 3.15693e-05 0.2030251035174613
3.1992671377973836 3.15693e-05 0.20077404572263957
3.3516026509388426 3.15693e-05 0.19841185051292107
3.511191734215132 3.15693e-05 0.19593560831863607
3.6783797718286344 3.15693e-05 0.1933378522772061
3.8535285937105295 3.15693e-05 0.19061409501432588
4.0370172585965545 3.15693e-05 0.18775777075201805
4.229242874389499 3.15693e-05 0.18476341447160413
4.430621457583881 3.15693e-05 0.1816285065049699
4.641588833612779 3.15693e-05 0.17835096062985403
4.862601580065355 3.15693e-05 0.17492427266258792
5.09413801481638 3.15693e-05 0.17134335026303016
5.3366992312063095 3.15693e-05 0.16759999278019144
5.590810182512224 3.15693e-05 0.16369080097122085
5.857020818056667 3.15693e-05 0.1575456122390735
6.135907273413174 3.15693e-05 0.14783606314675943
6.428073117284322 3.15693e-05 0.13756059004008564
6.734150657750823 3.15693e-05 0.12668857977370218
7.054802310718643 3.15693e-05 0.11521715655186822
7.390722033525779 3.15693e-05 0.10313898933157618
7.742636826811272 3.15693e-05 0.0904356083992108
8.111308307896872 3.15693e-05 0.07707996456373158
8.497534359086444 3.15693e-05 0.06304314157381286
8.902150854450388 3.15693e-05 0.04901119167417233
9.326033468832199 3.15693e-05 0.03347221426717085
9.770099572992255 3.15693e-05 0.017073391774252954
10.235310218990262 3.15693e-05 8.2758736108033e-06
10.722672220103236 3.15693e-05 0.02149093539728944
11.233240329780276 3.15693e-05 0.04928631026449188
11.768119524349984 3.15693e-05 0.07880229546168714
12.328467394420665 3.15693e-05 0.10943526299911184
12.91549665014884 3.15693e-05 0.1414507183843025
13.530477745798075 3.15693e-05 0.17795582769321072
14.174741629268055 3.15693e-05 0.21348941131723098
14.84968262254465 3.15693e-05 0.2538030616910661
15.556761439304722 3.15693e-05 0.30296980313713034
16.297508346206442 3.15693e-05 0.1428921718024625
17.073526474706913 3.15693e-05 0.1428921718024625
17.886495290574352 3.15693e-05 0.1428921718024625
18.73817422860385 3.15693e-05 0.1428921718024625
19.630406500402714 3.15693e-05 0.1428921718024625
20.565123083486515 3.15693e-05 0.1428921718024625
21.544346900318846 3.15693e-05 0.1428921718024625
22.570197196339205 3.15693e-05 0.1428921718024625
23.644894126454084 3.15693e-05 0.1428921718024625
24.770763559917114 3.15693e-05 0.1428921718024625
25.950242113997373 3.15693e-05 0.1428921718024625
27.185882427329414 3.15693e-05 0.1428921718024625
28.48035868435802 3.15693e-05 0.1428921718024625
29.836472402833405 3.15693e-05 0.1428921718024625
31.25715849688237 3.15693e-05 0.1428921718024625
32.7454916287773 3.15693e-05 0.1428921718024625
34.30469286314919 3.15693e-05 0.1428921718024625
35.938136638046274 3.15693e-05 0.1428921718024625
37.649358067924695 3.15693e-05 0.1428921718024625
39.442060594376564 3.15693e-05 0.1428921718024625
41.32012400115339 3.15693e-05 0.1428921718024625
43.287612810830595 3.15693e-05 0.1428921718024625
45.34878508128585 3.15693e-05 0.1428921718024625
47.50810162102798 3.15693e-05 0.1428921718024625
49.770235643321115 3.15693e-05 0.1428921718024625
52.140082879996875 3.15693e-05 0.1428921718024625
54.62277217684343 3.15693e-05 0.1428921718024625
57.223676593502205 3.15693e-05 0.1428921718024625
59.94842503189412 3.15693e-05 0.1428921718024625
62.80291441834256 3.15693e-05 0.1428921718024625
65.79332246575683 3.15693e-05 0.1428921718024625
68.92612104349699 3.15693e-05 0.1428921718024625
72.20809018385468 3.15693e-05 0.1428921718024625
75.64633275546291 3.15693e-05 0.1428921718024625
79.24828983539177 3.15693e-05 0.1428921718024625
83.02175681319748 3.15693e-05 0.1428921718024625
86.97490026177834 3.15693e-05 0.1428921718024625
91.11627561154896 3.15693e-05 0.1428921718024625
95.45484566618342 3.15693e-05 0.1428921718024625
100.0 3.15693e-05 0.1428921718024625
1.0 5e-05 2.569011439423975
1.0476157527896648 5e-05 2.5678120569576466
1.0974987654930561 5e-05 2.566554223216078
1.1497569953977358 5e-05 2.565238457780578
1.2045035402587823 5e-05 2.5638538624953062
1.2618568830660204 5e-05 2.5624017795230043
1.321941148466029 5e-05 2.5608789622275268
1.384886371393873 5e-05 2.559279755603461
1.4508287784959397 5e-05 2.557599880297093
1.5199110829529336 5e-05 2.5558371620142455
1.5922827933410924 5e-05 2.5539870927057358
1.6681005372000588 5e-05 2.552046380197958
1.7475284000076838 5e-05 2.550008838456475
1.8307382802953682 5e-05 2.547867944382361
1.9179102616724888 5e-05 2.545620707348641
2.0092330025650473 5e-05 2.5432610068742303
2.1049041445120205 5e-05 2.5407854148909133
2.205130739903046 5e-05 2.5381856126001177
2.3101297000831598 5e-05 2.5354582154856424
2.420128264794382 5e-05 2.5325960395833786
2.535364493970112 5e-05 2.5295972942002747
2.6560877829466865 5e-05 2.5264459165863062
2.782559402207125 5e-05 2.523141598905065
2.915053062825177 5e-05 2.5196778534254807
3.0538555088334154 5e-05 2.5160488210044063
3.1992671377973836 5e-05 2.512241751535168
3.3516026509388426 5e-05 2.5082489127570087
3.511191734215132 5e-05 2.5040663967637853
3.6783797718286344 5e-05 2.49968075481971
3.8535285937105295 5e-05 2.4952867346155263
4.0370172585965545 5e-05 2.490508425091362
4.229242874389499 5e-05 2.4854821678869263
4.430621457583881 5e-05 2.4802021940284393
4.641588833612779 5e-05 2.4746603825246134
4.862601580065355 5e-05 2.4688517491395023
5.09413801481638 5e-05 2.462756821277435
5.3366992312063095 5e-05 2.4563761008654246
5.590810182512224 5e-05 2.4497197584313053
5.857020818056667 5e-05 2.439306739830657
6.135907273413174 5e-05 2.4233041772935358
6.428073117284322 5e-05 2.4061811039557646
6.734150657750823 5e-05 2.388110437967724
7.054802310718643 5e-05 2.3691003362837635
7.390722033525779 5e-05 2.3491464374888977
7.742636826811272 5e-05 2.328229103173218
8.111308307896872 5e-05 2.306313911140661
8.497534359086444 5e-05 2.284499337075528
8.902150854450388 5e-05 2.260532806731375
9.326033468832199 5e-05 2.2353264627486036
9.770099572992255 5e-05 2.2088467335388207
10.235310218990262 5e-05 2.1814346488834704
10.722672220103236 5e-05 2.1471274215985408
11.233240329780276 5e-05 2.1031456305965803
11.768119524349984 5e-05 2.056865915365794
12.328467394420665 5e-05 2.0092975358550618
12.91549665014884 5e-05 1.9601315125268306
13.530477745798075 5e-05 1.9047103106281604
14.174741629268055 5e-05 1.8514550174359896
14.84968262254465 5e-05 1.7919215414322869
15.556761439304722 5e-05 1.7206444818932716
16.297508346206442 5e-05 0.1428921718024625
17.073526474706913 5e-05 0.1428921718024625
17.886495290574352 5e-05 0.1428921718024625
18.73817422860385 5e-05 0.1428921718024625
19.630406500402714 5e-05 0.1428921718024625
20.565123083486515 5e-05 0.1428921718024625
21.544346900318846 5e-05 0.1428921718024625
22.570197196339205 5e-05 0.1428921718024625
23.644894126454084 5e-05 0.1428921718024625
24.770763559917114 5e-05 0.1428921718024625
25.950242113997373 5e-05 0.1428921718024625
27.185882427329414 5e-05 0.1428921718024625
28.48035868435802 5e-05 0.1428921718024625
29.836472402833405 5e-05 0.1428921718024625
31.25715849688237 5e-05 0.1428921718024625
32.7454916287773 5e-05 0.1428921718024625
34.30469286314919 5e-05 0.1428921718024625
35.938136638046274 5e-05 0.1428921718024625
37.649358067924695 5e-05 0.1428921718024625
39.442060594376564 5e-05 0.1428921718024625
41.32012400115339 5e-05 0.1428921718024625
43.287612810830595 5e-05 0.1428921718024625
45.34878508128585 5e-05 0.1428921718024625
47.50810162102798 5e-05 0.1428921718024625
49.770235643321115 5e-05 0.1428921718024625
52.140082879996875 5e-05 0.1428921718024625
54.62277217684343 5e-05 0.1428921718024625
57.223676593502205 5e-05 0.1428921718024625
59.94842503189412 5e-05 0.1428921718024625
62.80291441834256 5e-05 0.1428921718024625
65.79332246575683 5e-05 0.1428921718024625
68.92612104349699 5e-05 0.1428921718024625
72.20809018385468 5e-05 0.1428921718024625
75.64633275546291 5e-05 0.1428921718024625
79.24828983539177 5e-05 0.1428921718024625
83.02175681319748 5e-05 0.1428921718024625
86.97490026177834 5e-05 0.1428921718024625
91.11627561154896 5e-05 0.1428921718024625
95.45484566618342 5e-05 0.1428921718024625
100.0 5e-05 0.1428921718024625
1.0 6e-05 3.992370004755446
1.0476157527896648 6e-05 3.9907905817449145
1.0974987654930561 6e-05 3.9890881044289492
1.1497569953977358 6e-05 3.9873445465306583
1.2045035402587823 6e-05 3.9855146889845128
1.2618568830660204 6e-05 3.9835981226741217
1.321941148466029 6e-05 3.9816727800551264
1.384886371393873 6e-05 3.979570889791776
1.4508287784959397 6e-05 3.977365587603304
1.5199110829529336 6e-05 3.975042680050887
1.5922827933410924 6e-05 3.9726069380289437
1.6681005372000588 6e-05 3.9700534323817163
1.7475284000076838 6e-05 3.967373642292778
1.8307382802953682 6e-05 3.964558873074903
1.9179102616724888 6e-05 3.961126627373221
2.0092330025650473 6e-05 3.9581073019469533
2.1049041445120205 6e-05 3.954943052756544
2.205130739903046 6e-05 3.951622177998473
2.3101297000831598 6e-05 3.948183872824699
2.420128264794382 6e-05 3.944593533629082
2.535364493970112 6e-05 3.940815105419729
2.6560877829466865 6e-05 3.9368554280143213
2.782559402207125 6e-05 3.9326833329504076
2.915053062825177 6e-05 3.9283097265210842
3.0538555088334154 6e-05 3.9237642115438853
3.1992671377973836 6e-05 3.918999912182747
3.3516026509388426 6e-05 3.914000029215599
3.511191734215132 6e-05 3.908808797273417
3.6783797718286344 6e-05 3.901009538449107
3.8535285937105295 6e-05 3.8959549141644803
4.0370172585965545 6e-05 3.8896664104299306
4.229242874389499 6e-05 3.8830326132889663
4.430621457583881 6e-05 3.8760552292738466
4.641588833612779 6e-05 3.868723005046805
4.862601580065355 6e-05 3.861046919154137
5.09413801481638 6e-05 3.852970927634057
5.3366992312063095 6e-05 3.844522942813631
5.590810182512224 6e-05 3.8356884591733986
5.857020818056667 6e-05 3.8219605294116152
6.135907273413174 6e-05 3.8004600631174856
6.428073117284322 6e-05 3.7779015865085466
6.734150657750823 6e-05 3.7543299295828554
7.054802310718643 6e-05 3.735966311460356
7.390722033525779 6e-05 3.704022298807372
7.742636826811272 6e-05 3.6760355572152403
8.111308307896872 6e-05 3.6479588535623333
8.497534359086444 6e-05 3.61800378512011
8.902150854450388 6e-05 3.5858796180325294
9.326033468832199 6e-05 3.5532031205671673
9.770099572992255 6e-05 3.519538242322054
10.235310218990262 6e-05 3.4839118049593916
10.722672220103236 6e-05 3.438766621550413
11.233240329780276 6e-05 3.380615458460753
11.768119524349984 6e-05 3.3194374991447937
12.328467394420665 6e-05 3.2566175530828065
12.91549665014884 6e-05 3.1899377485082505
13.530477745798075 6e-05 3.1187534226108284
14.174741629268055 6e-05 3.0477871452998855
14.84968262254465 6e-05 2.970278863819142
15.556761439304722 6e-05 2.877033533861435
16.297508346206442 6e-05 0.1428921718024625
17.073526474706913 6e-05 0.1428921718024625
17.886495290574352 6e-05 0.1428921718024625
18.73817422860385 6e-05 0.1428921718024625
19.630406500402714 6e-05 0.1428921718024625
20.565123083486515 6e-05 0.1428921718024625
21.544346900318846 6e-05 0.1428921718024625
22.570197196339205 6e-05 0.1428921718024625
23.644894126454084 6e-05 0.1428921718024625
24.770763559917114 6e-05 0.1428921718024625
25.950242113997373 6e-05 0.1428921718024625
27.185882427329414 6e-05 0.1428921718024625
28.48035868435802 6e-05 0.1428921718024625
29.836472402833405 6e-05 0.1428921718024625
31.25715849688237 6e-05 0.1428921718024625
32.7454916287773 6e-05 0.1428921718024625
34.30469286314919 6e-05 0.1428921718024625
35.938136638046274 6e-05 0.1428921718024625
37.649358067924695 6e-05 0.1428921718024625
39.442060594376564 6e-05 0.1428921718024625
41.32012400115339 6e-05 0.1428921718024625
43.287612810830595 6e-05 0.1428921718024625
45.34878508128585 6e-05 0.1428921718024625
47.50810162102798 6e-05 0.1428921718024625
49.770235643321115 6e-05 0.1428921718024625
52.140082879996875 6e-05 0.1428921718024625
54.62277217684343 6e-05 0.1428921718024625
57.223676593502205 6e-05 0.1428921718024625
59.94842503189412 6e-05 0.1428921718024625
62.80291441834256 6e-05 0.1428921718024625
65.79332246575683 6e-05 0.1428921718024625
68.92612104349699 6e-05 0.1428921718024625
72.20809018385468 6e-05 0.1428921718024625
75.64633275546291 6e-05 0.1428921718024625
79.24828983539177 6e-05 0.1428921718024625
83.02175681319748 6e-05 0.1428921718024625
86.97490026177834 6e-05 0.1428921718024625
91.11627561154896 6e-05 0.1428921718024625
95.45484566618342 6e-05 0.1428921718024625
100.0 6e-05 0.1428921718024625
1.0 7e-05 5.562751227734389
1.0476157527896648 7e-05 5.559993124305176
1.0974987654930561 7e-05 5.557098898079791
1.1497569953977358 7e-05 5.554060716131648
1.2045035402587823 7e-05 5.550873615894032
1.2618568830660204 7e-05 5.547529342879738
1.321941148466029 7e-05 5.544011902279893
1.384886371393873 7e-05 5.540315020755117
1.4508287784959397 7e-05 5.536444200993291
1.5199110829529336 7e-05 5.532385689525237
1.5922827933410924 7e-05 5.528134041303833
1.6681005372000588 7e-05 5.523676309488132
1.7475284000076838 7e-05 5.518969688301114
1.8307382802953682 7e-05 5.514029368025164
1.9179102616724888 7e-05 5.508843710663348
2.0092330025650473 7e-05 5.503399110472619
2.1049041445120205 7e-05 5.497667411389139
2.205130739903046 7e-05 5.4916422004830725
2.3101297000831598 7e-05 5.485307358075408
2.420128264794382 7e-05 5.4786421331079085
2.535364493970112 7e-05 5.4716008166951875
2.6560877829466865 7e-05 5.462935948117517
2.782559402207125 7e-05 5.455389520233176
2.915053062825177 7e-05 5.450689663100189
3.0538555088334154 7e-05 5.4426071515596455
3.1992671377973836 7e-05 5.434117984354491
3.3516026509388426 7e-05 5.4251614468521625
3.511191734215132 7e-05 5.415737252637489
3.6783797718286344 7e-05 5.405754657784589
3.8535285937105295 7e-05 5.39524463218781
4.0370172585965545 7e-05 5.384147696392504
4.229242874389499 7e-05 5.372461162045595
4.430621457583881 7e-05 5.360097859900943
4.641588833612779 7e-05 5.347037333034927
4.862601580065355 7e-05 5.3333221068000745
5.09413801481638 7e-05 5.318884390953293
5.3366992312063095 7e-05 5.303739291281124
5.590810182512224 7e-05 5.287798915820757
5.857020818056667 7e-05 5.268921352968263
6.135907273413174 7e-05 5.251917843528789
6.428073117284322 7e-05 5.234091469812012
6.734150657750823 7e-05 5.215619336121408
7.054802310718643 7e-05 5.1972193287847865
7.390722033525779 7e-05 5.1778196375042835
7.742636826811272 7e-05 5.157460212649775
8.111308307896872 7e-05 5.13610142178211
8.497534359086444 7e-05 5.106758722285511
8.902150854450388 7e-05 5.05218810872947
9.326033468832199 7e-05 4.995500930542717
9.770099572992255 7e-05 4.9339639319283926
10.235310218990262 7e-05 4.869333769162949
10.722672220103236 7e-05 4.8028146198152495
11.233240329780276 7e-05 4.731496319995829
11.768119524349984 7e-05 4.658019705577657
12.328467394420665 7e-05 4.580086756837454
12.91549665014884 7e-05 4.4981967367231155
13.530477745798075 7e-05 4.412751172006911
14.174741629268055 7e-05 4.325671185089701
14.84968262254465 7e-05 4.231228619237998
15.556761439304722 7e-05 4.124205338967012
16.297508346206442 7e-05 0.1428921718024625
17.073526474706913 7e-05 0.1428921718024625
17.886495290574352 7e-05 0.1428921718024625
18.73817422860385 7e-05 0.1428921718024625
19.630406500402714 7e-05 0.1428921718024625
20.565123083486515 7e-05 0.1428921718024625
21.544346900318846 7e-05 0.1428921718024625
22.570197196339205 7e-05 0.1428921718024625
23.644894126454084 7e-05 0.1428921718024625
24.770763559917114 7e-05 0.1428921718024625
25.950242113997373 7e-05 0.1428921718024625
27.185882427329414 7e-05 0.1428921718024625
28.48035868435802 7e-05 0.1428921718024625
29.836472402833405 7e-05 0.1428921718024625
31.25715849688237 7e-05 0.1428921718024625
32.7454916287773 7e-05 0.1428921718024625
34.30469286314919 7e-05 0.1428921718024625
35.938136638046274 7e-05 0.1428921718024625
37.649358067924695 7e-05 0.1428921718024625
39.442060594376564 7e-05 0.1428921718024625
41.32012400115339 7e-05 0.1428921718024625
43.287612810830595 7e-05 0.1428921718024625
45.34878508128585 7e-05 0.1428921718024625
47.50810162102798 7e-05 0.1428921718024625
49.770235643321115 7e-05 0.1428921718024625
52.140082879996875 7e-05 0.1428921718024625
54.62277217684343 7e-05 0.1428921718024625
57.223676593502205 7e-05 0.1428921718024625
59.94842503189412 7e-05 0.1428921718024625
62.80291441834256 7e-05 0.1428921718024625
65.79332246575683 7e-05 0.1428921718024625
68.92612104349699 7e-05 0.1428921718024625
72.20809018385468 7e-05 0.1428921718024625
75.64633275546291 7e-05 0.1428921718024625
79.24828983539177 7e-05 0.1428921718024625
83.02175681319748 7e-05 0.1428921718024625
86.97490026177834 7e-05 0.1428921718024625
91.11627561154896 7e-05 0.1428921718024625
95.45484566618342 7e-05 0.1428921718024625
100.0 7e-05 0.1428921718024625
1.0 8e-05 7.238113272397357
1.0476157527896648 8e-05 7.2347126835554
1.0974987654930561 8e-05 7.231204684594078
1.1497569953977358 8e-05 7.227476612539563
1.2045035402587823 8e-05 7.223607697542747
1.2618568830660204 8e-05 7.219554198686151
1.321941148466029 8e-05 7.2152226101947505
1.384886371393873 8e-05 7.210750381086249
1.4508287784959397 8e-05 7.205997228521626
1.5199110829529336 8e-05 7.20104641077518
1.5922827933410924 8e-05 7.195874998728687
1.6681005372000588 8e-05 7.190465967511909
1.7475284000076838 8e-05 7.184717830029232
1.8307382802953682 8e-05 7.178679099921353
1.9179102616724888 8e-05 7.172354386941558
2.0092330025650473 8e-05 7.165713341589654
2.1049041445120205 8e-05 7.158736945689595
2.205130739903046 8e-05 7.1513811912996665
2.3101297000831598 8e-05 7.1436526983456465
2.420128264794382 8e-05 7.135502834638064
2.535364493970112 8e-05 7.126934342272616
2.6560877829466865 8e-05 7.117906058391216
2.782559402207125 8e-05 7.108401090365897
2.915053062825177 8e-05 7.09847221569396
3.0538555088334154 8e-05 7.087251460426823
3.1992671377973836 8e-05 7.081095853310598
3.3516026509388426 8e-05 7.070171006089422
3.511191734215132 8e-05 7.058683218915751
3.6783797718286344 8e-05 7.046498989772112
3.8535285937105295 8e-05 7.033684138224135
4.0370172585965545 8e-05 7.020154701726919
4.229242874389499 8e-05 7.005912356096417
4.430621457583881 8e-05 6.990827138676001
4.641588833612779 8e-05 6.9748999862615095
4.862601580065355 8e-05 6.958177788532922
5.09413801481638 8e-05 6.940566006430783
5.3366992312063095 8e-05 6.922092083504842
5.590810182512224 8e-05 6.899309320449093
5.857020818056667 8e-05 6.879589401464294
6.135907273413174 8e-05 6.858839366889882
6.428073117284322 8e-05 6.837082830719794
6.734150657750823 8e-05 6.814447794142263
7.054802310718643 8e-05 6.792124879266416
7.390722033525779 8e-05 6.768447696693485
7.742636826811272 8e-05 6.743593558000727
8.111308307896872 8e-05 6.717518367979687
8.497534359086444 8e-05 6.6816638996477735
8.902150854450388 8e-05 6.6149885344245085
9.326033468832199 8e-05 6.545713578041289
9.770099572992255 8e-05 6.4704796673886085
10.235310218990262 8e-05 6.391486272110502
10.722672220103236 8e-05 6.3101095274443555
11.233240329780276 8e-05 6.222877162966281
11.768119524349984 8e-05 6.132980587850443
12.328467394420665 8e-05 6.03760331866089
12.91549665014884 8e-05 5.937366412719561
13.530477745798075 8e-05 5.832752396109499
14.174741629268055 8e-05 5.726153244284052
14.84968262254465 8e-05 5.610417877518695
15.556761439304722 8e-05 5.479286946655931
16.297508346206442 8e-05 0.1428921718024625
17.073526474706913 8e-05 0.1428921718024625
17.886495290574352 8e-05 0.1428921718024625
18.73817422860385 8e-05 0.1428921718024625
19.630406500402714 8e-05 0.1428921718024625
20.565123083486515 8e-05 0.1428921718024625
21.544346900318846 8e-05 0.1428921718024625
22.570197196339205 8e-05 0.1428921718024625
23.644894126454084 8e-05 0.1428921718024625
24.770763559917114 8e-05 0.1428921718024625
25.950242113997373 8e-05 0.1428921718024625
27.185882427329414 8e-05 0.1428921718024625
28.48035868435802 8e-05 0.1428921718024625
29.836472402833405 8e-05 0.1428921718024625
31.25715849688237 8e-05 0.1428921718024625
32.7454916287773 8e-05 0.1428921718024625
34.30469286314919 8e-05 0.1428921718024625
35.938136638046274 8e-05 0.1428921718024625
37.649358067924695 8e-05 0.1428921718024625
39.442060594376564 8e-05 0.1428921718024625
41.32012400115339 8e-05 0.1428921718024625
43.287612810830595 8e-05 0.1428921718024625
45.34878508128585 8e-05 0.1428921718024625
47.50810162102798 8e-05 0.1428921718024625
49.770235643321115 8e-05 0.1428921718024625
52.140082879996875 8e-05 0.1428921718024625
54.62277217684343 8e-05 0.1428921718024625
57.223676593502205 8e-05 0.1428921718024625
59.94842503189412 8e-05 0.1428921718024625
62.80291441834256 8e-05 0.1428921718024625
65.79332246575683 8e-05 0.1428921718024625
68.92612104349699 8e-05 0.1428921718024625
72.20809018385468 8e-05 0.1428921718024625
75.64633275546291 8e-05 0.1428921718024625
79.24828983539177 8e-05 0.1428921718024625
83.02175681319748 8e-05 0.1428921718024625
86.97490026177834 8e-05 0.1428921718024625
91.11627561154896 8e-05 0.1428921718024625
95.45484566618342 8e-05 0.1428921718024625
100.0 8e-05 0.1428921718024625
1.0 9e-05 99
1.0476157527896648 9e-05 99
1.0974987654930561 9e-05 99
1.1497569953977358 9e-05 99
1.2045035402587823 9e-05 99
1.2618568830660204 9e-05 99
1.321941148466029 9e-05 99
1.384886371393873 9e-05 99
1.4508287784959397 9e-05 99
1.5199110829529336 9e-05 99
1.5922827933410924 9e-05 99
1.6681005372000588 9e-05 99
1.7475284000076838 9e-05 99
1.8307382802953682 9e-05 99
1.9179102616724888 9e-05 99
2.0092330025650473 9e-05 99
2.1049041445120205 9e-05 99
2.205130739903046 9e-05 99
2.3101297000831598 9e-05 99
2.420128264794382 9e-05 99
2.535364493970112 9e-05 99
2.6560877829466865 9e-05 99
2.782559402207125 9e-05 99
2.915053062825177 9e-05 99
3.0538555088334154 9e-05 99
3.1992671377973836 9e-05 99
3.3516026509388426 9e-05 99
3.511191734215132 9e-05 99
3.6783797718286344 9e-05 99
3.8535285937105295 9e-05 99
4.0370172585965545 9e-05 99
4.229242874389499 9e-05 99
4.430621457583881 9e-05 99
4.641588833612779 9e-05 99
4.862601580065355 9e-05 99
5.09413801481638 9e-05 99
5.3366992312063095 9e-05 99
5.590810182512224 9e-05 99
5.857020818056667 9e-05 99
6.135907273413174 9e-05 99
6.428073117284322 9e-05 99
6.734150657750823 9e-05 99
7.054802310718643 9e-05 99
7.390722033525779 9e-05 99
7.742636826811272 9e-05 99
8.111308307896872 9e-05 99
8.497534359086444 9e-05 99
8.902150854450388 9e-05 8.209536151601387
9.326033468832199 9e-05 8.209536151601387
9.770099572992255 9e-05 8.125890664701908
10.235310218990262 9e-05 8.014015948775546
10.722672220103236 9e-05 7.916520712471189
11.233240329780276 9e-05 7.818891055763057
11.768119524349984 9e-05 7.709243802498322
12.328467394420665 9e-05 7.595578015369316
12.91549665014884 9e-05 7.4760232854880355
13.530477745798075 9e-05 7.351149500575579
14.174741629268055 9e-05 7.2237866573423775
14.84968262254465 9e-05 7.085332087490473
15.556761439304722 9e-05 6.928448211657241
16.297508346206442 9e-05 0.1428921718024625
17.073526474706913 9e-05 0.1428921718024625
17.886495290574352 9e-05 0.1428921718024625
18.73817422860385 9e-05 0.1428921718024625
19.630406500402714 9e-05 0.1428921718024625
20.565123083486515 9e-05 0.1428921718024625
21.544346900318846 9e-05 0.1428921718024625
22.570197196339205 9e-05 0.1428921718024625
23.644894126454084 9e-05 0.1428921718024625
24.770763559917114 9e-05 0.1428921718024625
25.950242113997373 9e-05 0.1428921718024625
27.185882427329414 9e-05 0.1428921718024625
28.48035868435802 9e-05 0.1428921718024625
29.836472402833405 9e-05 0.1428921718024625
31.25715849688237 9e-05 0.1428921718024625
32.7454916287773 9e-05 0.1428921718024625
34.30469286314919 9e-05 0.1428921718024625
35.938136638046274 9e-05 0.1428921718024625
37.649358067924695 9e-05 0.1428921718024625
39.442060594376564 9e-05 0.1428921718024625
41.32012400115339 9e-05 0.1428921718024625
43.287612810830595 9e-05 0.1428921718024625
45.34878508128585 9e-05 0.1428921718024625
47.50810162102798 9e-05 0.1428921718024625
49.770235643321115 9e-05 0.1428921718024625
52.140082879996875 9e-05 0.1428921718024625
54.62277217684343 9e-05 0.1428921718024625
57.223676593502205 9e-05 0.1428921718024625
59.94842503189412 9e-05 0.1428921718024625
62.80291441834256 9e-05 0.1428921718024625
65.79332246575683 9e-05 0.1428921718024625
68.92612104349699 9e-05 0.1428921718024625
72.20809018385468 9e-05 0.1428921718024625
75.64633275546291 9e-05 0.1428921718024625
79.24828983539177 9e-05 0.1428921718024625
83.02175681319748 9e-05 0.1428921718024625
86.97490026177834 9e-05 0.1428921718024625
91.11627561154896 9e-05 0.1428921718024625
95.45484566618342 9e-05 0.1428921718024625
100.0 9e-05 0.1428921718024625
1.0 0.0001 99
1.0476157527896648 0.0001 99
1.0974987654930561 0.0001 99
1.1497569953977358 0.0001 99
1.2045035402587823 0.0001 99
1.2618568830660204 0.0001 99
1.321941148466029 0.0001 99
1.384886371393873 0.0001 99
1.4508287784959397 0.0001 99
1.5199110829529336 0.0001 99
1.5922827933410924 0.0001 99
1.6681005372000588 0.0001 99
1.7475284000076838 0.0001 99
1.8307382802953682 0.0001 99
1.9179102616724888 0.0001 99
2.0092330025650473 0.0001 99
2.1049041445120205 0.0001 99
2.205130739903046 0.0001 99
2.3101297000831598 0.0001 99
2.420128264794382 0.0001 99
2.535364493970112 0.0001 99
2.6560877829466865 0.0001 99
2.782559402207125 0.0001 99
2.915053062825177 0.0001 99
3.0538555088334154 0.0001 99
3.1992671377973836 0.0001 99
3.3516026509388426 0.0001 99
3.511191734215132 0.0001 99
3.6783797718286344 0.0001 99
3.8535285937105295 0.0001 99
4.0370172585965545 0.0001 99
4.229242874389499 0.0001 99
4.430621457583881 0.0001 99
4.641588833612779 0.0001 99
4.862601580065355 0.0001 99
5.09413801481638 0.0001 99
5.3366992312063095 0.0001 99
5.590810182512224 0.0001 99
5.857020818056667 0.0001 99
6.135907273413174 0.0001 99
6.428073117284322 0.0001 99
6.734150657750823 0.0001 99
7.054802310718643 0.0001 99
7.390722033525779 0.0001 99
7.742636826811272 0.0001 99
8.111308307896872 0.0001 99
8.497534359086444 0.0001 99
8.902150854450388 0.0001 99
9.326033468832199 0.0001 99
9.770099572992255 0.0001 99
10.235310218990262 0.0001 99
10.722672220103236 0.0001 99
11.233240329780276 0.0001 99
11.768119524349984 0.0001 99
12.328467394420665 0.0001 99
12.91549665014884 0.0001 99
13.530477745798075 0.0001 99
14.174741629268055 0.0001 99
14.84968262254465 0.0001 99
15.556761439304722 0.0001 99
16.297508346206442 0.0001 0.1428921718024625
17.073526474706913 0.0001 0.1428921718024625
17.886495290574352 0.0001 0.1428921718024625
18.73817422860385 0.0001 0.1428921718024625
19.630406500402714 0.0001 0.1428921718024625
20.565123083486515 0.0001 0.1428921718024625
21.544346900318846 0.0001 0.1428921718024625
22.570197196339205 0.0001 0.1428921718024625
23.644894126454084 0.0001 0.1428921718024625
24.770763559917114 0.0001 0.1428921718024625
25.950242113997373 0.0001 0.1428921718024625
27.185882427329414 0.0001 0.1428921718024625
28.48035868435802 0.0001 0.1428921718024625
29.836472402833405 0.0001 0.1428921718024625
31.25715849688237 0.0001 0.1428921718024625
32.7454916287773 0.0001 0.1428921718024625
34.30469286314919 0.0001 0.1428921718024625
35.938136638046274 0.0001 0.1428921718024625
37.649358067924695 0.0001 0.1428921718024625
39.442060594376564 0.0001 0.1428921718024625
41.32012400115339 0.0001 0.1428921718024625
43.287612810830595 0.0001 0.1428921718024625
45.34878508128585 0.0001 0.1428921718024625
47.50810162102798 0.0001 0.1428921718024625
49.770235643321115 0.0001 0.1428921718024625
52.140082879996875 0.0001 0.1428921718024625
54.62277217684343 0.0001 0.1428921718024625
57.223676593502205 0.0001 0.1428921718024625
59.94842503189412 0.0001 0.1428921718024625
62.80291441834256 0.0001 0.1428921718024625
65.79332246575683 0.0001 0.1428921718024625
68.92612104349699 0.0001 0.1428921718024625
72.20809018385468 0.0001 0.1428921718024625
75.64633275546291 0.0001 0.1428921718024625
79.24828983539177 0.0001 0.1428921718024625
83.02175681319748 0.0001 0.1428921718024625
86.97490026177834 0.0001 0.1428921718024625
91.11627561154896 0.0001 0.1428921718024625
95.45484566618342 0.0001 0.1428921718024625
100.0 0.0001 0.1428921718024625
1.0 0.0002 99
1.0476157527896648 0.0002 99
1.0974987654930561 0.0002 99
1.1497569953977358 0.0002 99
1.2045035402587823 0.0002 99
1.2618568830660204 0.0002 99
1.321941148466029 0.0002 99
1.384886371393873 0.0002 99
1.4508287784959397 0.0002 99
1.5199110829529336 0.0002 99
1.5922827933410924 0.0002 99
1.6681005372000588 0.0002 99
1.7475284000076838 0.0002 99
1.8307382802953682 0.0002 99
1.9179102616724888 0.0002 99
2.0092330025650473 0.0002 99
2.1049041445120205 0.0002 99
2.205130739903046 0.0002 99
2.3101297000831598 0.0002 99
2.420128264794382 0.0002 99
2.535364493970112 0.0002 99
2.6560877829466865 0.0002 99
2.782559402207125 0.0002 99
2.915053062825177 0.0002 99
3.0538555088334154 0.0002 99
3.1992671377973836 0.0002 99
3.3516026509388426 0.0002 99
3.511191734215132 0.0002 99
3.6783797718286344 0.0002 99
3.8535285937105295 0.0002 99
4.0370172585965545 0.0002 99
4.229242874389499 0.0002 99
4.430621457583881 0.0002 99
4.641588833612779 0.0002 99
4.862601580065355 0.0002 99
5.09413801481638 0.0002 99
5.3366992312063095 0.0002 99
5.590810182512224 0.0002 99
5.857020818056667 0.0002 99
6.135907273413174 0.0002 99
6.428073117284322 0.0002 99
6.734150657750823 0.0002 99
7.054802310718643 0.0002 99
7.390722033525779 0.0002 99
7.742636826811272 0.0002 99
8.111308307896872 0.0002 99
8.497534359086444 0.0002 99
8.902150854450388 0.0002 99
9.326033468832199 0.0002 99
9.770099572992255 0.0002 99
10.235310218990262 0.0002 99
10.722672220103236 0.0002 99
11.233240329780276 0.0002 99
11.768119524349984 0.0002 99
12.328467394420665 0.0002 99
12.91549665014884 0.0002 99
13.530477745798075 0.0002 99
14.174741629268055 0.0002 99
14.84968262254465 0.0002 99
15.556761439304722 0.0002 99
16.297508346206442 0.0002 0.1428921718024625
17.073526474706913 0.0002 0.1428921718024625
17.886495290574352 0.0002 0.1428921718024625
18.73817422860385 0.0002 0.1428921718024625
19.630406500402714 0.0002 0.1428921718024625
20.565123083486515 0.0002 0.1428921718024625
21.544346900318846 0.0002 0.1428921718024625
22.570197196339205 0.0002 0.1428921718024625
23.644894126454084 0.0002 0.1428921718024625
24.770763559917114 0.0002 0.1428921718024625
25.950242113997373 0.0002 0.1428921718024625
27.185882427329414 0.0002 0.1428921718024625
28.48035868435802 0.0002 0.1428921718024625
29.836472402833405 0.0002 0.1428921718024625
31.25715849688237 0.0002 0.1428921718024625
32.7454916287773 0.0002 0.1428921718024625
34.30469286314919 0.0002 0.1428921718024625
35.938136638046274 0.0002 0.1428921718024625
37.649358067924695 0.0002 0.1428921718024625
39.442060594376564 0.0002 0.1428921718024625
41.32012400115339 0.0002 0.1428921718024625
43.287612810830595 0.0002 0.1428921718024625
45.34878508128585 0.0002 0.1428921718024625
47.50810162102798 0.0002 0.1428921718024625
49.770235643321115 0.0002 0.1428921718024625
52.140082879996875 0.0002 0.1428921718024625
54.62277217684343 0.0002 0.1428921718024625
57.223676593502205 0.0002 0.1428921718024625
59.94842503189412 0.0002 0.1428921718024625
62.80291441834256 0.0002 0.1428921718024625
65.79332246575683 0.0002 0.1428921718024625
68.92612104349699 0.0002 0.1428921718024625
72.20809018385468 0.0002 0.1428921718024625
75.64633275546291 0.0002 0.1428921718024625
79.24828983539177 0.0002 0.1428921718024625
83.02175681319748 0.0002 0.1428921718024625
86.97490026177834 0.0002 0.1428921718024625
91.11627561154896 0.0002 0.1428921718024625
95.45484566618342 0.0002 0.1428921718024625
100.0 0.0002 0.1428921718024625
1.0 0.0003 99
1.0476157527896648 0.0003 99
1.0974987654930561 0.0003 99
1.1497569953977358 0.0003 99
1.2045035402587823 0.0003 99
1.2618568830660204 0.0003 99
1.321941148466029 0.0003 99
1.384886371393873 0.0003 99
1.4508287784959397 0.0003 99
1.5199110829529336 0.0003 99
1.5922827933410924 0.0003 99
1.6681005372000588 0.0003 99
1.7475284000076838 0.0003 99
1.8307382802953682 0.0003 99
1.9179102616724888 0.0003 99
2.0092330025650473 0.0003 99
2.1049041445120205 0.0003 99
2.205130739903046 0.0003 99
2.3101297000831598 0.0003 99
2.420128264794382 0.0003 99
2.535364493970112 0.0003 99
2.6560877829466865 0.0003 99
2.782559402207125 0.0003 99
2.915053062825177 0.0003 99
3.0538555088334154 0.0003 99
3.1992671377973836 0.0003 99
3.3516026509388426 0.0003 99
3.511191734215132 0.0003 99
3.6783797718286344 0.0003 99
3.8535285937105295 0.0003 99
4.0370172585965545 0.0003 99
4.229242874389499 0.0003 99
4.430621457583881 0.0003 99
4.641588833612779 0.0003 99
4.862601580065355 0.0003 99
5.09413801481638 0.0003 99
5.3366992312063095 0.0003 99
5.590810182512224 0.0003 99
5.857020818056667 0.0003 99
6.135907273413174 0.0003 99
6.428073117284322 0.0003 99
6.734150657750823 0.0003 99
7.054802310718643 0.0003 99
7.390722033525779 0.0003 99
7.742636826811272 0.0003 99
8.111308307896872 0.0003 99
8.497534359086444 0.0003 99
8.902150854450388 0.0003 99
9.326033468832199 0.0003 99
9.770099572992255 0.0003 99
10.235310218990262 0.0003 99
10.722672220103236 0.0003 99
11.233240329780276 0.0003 99
11.768119524349984 0.0003 99
12.328467394420665 0.0003 99
12.91549665014884 0.0003 99
13.530477745798075 0.0003 99
14.174741629268055 0.0003 99
14.84968262254465 0.0003 99
15.556761439304722 0.0003 99
16.297508346206442 0.0003 0.1428921718024625
17.073526474706913 0.0003 0.1428921718024625
17.886495290574352 0.0003 0.1428921718024625
18.73817422860385 0.0003 0.1428921718024625
19.630406500402714 0.0003 0.1428921718024625
20.565123083486515 0.0003 0.1428921718024625
21.544346900318846 0.0003 0.1428921718024625
22.570197196339205 0.0003 0.1428921718024625
23.644894126454084 0.0003 0.1428921718024625
24.770763559917114 0.0003 0.1428921718024625
25.950242113997373 0.0003 0.1428921718024625
27.185882427329414 0.0003 0.1428921718024625
28.48035868435802 0.0003 0.1428921718024625
29.836472402833405 0.0003 0.1428921718024625
31.25715849688237 0.0003 0.1428921718024625
32.7454916287773 0.0003 0.1428921718024625
34.30469286314919 0.0003 0.1428921718024625
35.938136638046274 0.0003 0.1428921718024625
37.649358067924695 0.0003 0.1428921718024625
39.442060594376564 0.0003 0.1428921718024625
41.32012400115339 0.0003 0.1428921718024625
43.287612810830595 0.0003 0.1428921718024625
45.34878508128585 0.0003 0.1428921718024625
47.50810162102798 0.0003 0.1428921718024625
49.770235643321115 0.0003 0.1428921718024625
52.140082879996875 0.0003 0.1428921718024625
54.62277217684343 0.0003 0.1428921718024625
57.223676593502205 0.0003 0.1428921718024625
59.94842503189412 0.0003 0.1428921718024625
62.80291441834256 0.0003 0.1428921718024625
65.79332246575683 0.0003 0.1428921718024625
68.92612104349699 0.0003 0.1428921718024625
72.20809018385468 0.0003 0.1428921718024625
75.64633275546291 0.0003 0.1428921718024625
79.24828983539177 0.0003 0.1428921718024625
83.02175681319748 0.0003 0.1428921718024625
86.97490026177834 0.0003 0.1428921718024625
91.11627561154896 0.0003 0.1428921718024625
95.45484566618342 0.0003 0.1428921718024625
100.0 0.0003 0.1428921718024625
1.0 0.0004 0.1428921718024625
1.0476157527896648 0.0004 0.1428921718024625
1.0974987654930561 0.0004 0.1428921718024625
1.1497569953977358 0.0004 0.1428921718024625
1.2045035402587823 0.0004 0.1428921718024625
1.2618568830660204 0.0004 0.1428921718024625
1.321941148466029 0.0004 0.1428921718024625
1.384886371393873 0.0004 0.1428921718024625
1.4508287784959397 0.0004 0.1428921718024625
1.5199110829529336 0.0004 0.1428921718024625
1.5922827933410924 0.0004 0.1428921718024625
1.6681005372000588 0.0004 0.1428921718024625
1.7475284000076838 0.0004 0.1428921718024625
1.8307382802953682 0.0004 0.1428921718024625
1.9179102616724888 0.0004 0.1428921718024625
2.0092330025650473 0.0004 0.1428921718024625
2.1049041445120205 0.0004 0.1428921718024625
2.205130739903046 0.0004 0.1428921718024625
2.3101297000831598 0.0004 0.1428921718024625
2.420128264794382 0.0004 0.1428921718024625
2.535364493970112 0.0004 0.1428921718024625
2.6560877829466865 0.0004 0.1428921718024625
2.782559402207125 0.0004 0.1428921718024625
2.915053062825177 0.0004 0.1428921718024625
3.0538555088334154 0.0004 0.1428921718024625
3.1992671377973836 0.0004 0.1428921718024625
3.3516026509388426 0.0004 0.1428921718024625
3.511191734215132 0.0004 0.1428921718024625
3.6783797718286344 0.0004 0.1428921718024625
3.8535285937105295 0.0004 0.1428921718024625
4.0370172585965545 0.0004 0.1428921718024625
4.229242874389499 0.0004 0.1428921718024625
4.430621457583881 0.0004 0.1428921718024625
4.641588833612779 0.0004 0.1428921718024625
4.862601580065355 0.0004 0.1428921718024625
5.09413801481638 0.0004 0.1428921718024625
5.3366992312063095 0.0004 0.1428921718024625
5.590810182512224 0.0004 0.1428921718024625
5.857020818056667 0.0004 0.1428921718024625
6.135907273413174 0.0004 0.1428921718024625
6.428073117284322 0.0004 0.1428921718024625
6.734150657750823 0.0004 0.1428921718024625
7.054802310718643 0.0004 0.1428921718024625
7.390722033525779 0.0004 0.1428921718024625
7.742636826811272 0.0004 0.1428921718024625
8.111308307896872 0.0004 0.1428921718024625
8.497534359086444 0.0004 0.19550655608855566
8.902150854450388 0.0004 0.7325998695708102
9.326033468832199 0.0004 2.247699637475724
9.770099572992255 0.0004 0.7581892933434592
10.235310218990262 0.0004 0.11203866932147531
10.722672220103236 0.0004 0.41347198193223267
11.233240329780276 0.0004 0.9102793784606035
11.768119524349984 0.0004 1.4146848065691067
12.328467394420665 0.0004 1.9509936342785563
12.91549665014884 0.0004 2.543237844342614
13.530477745798075 0.0004 3.222610074683259
14.174741629268055 0.0004 4.038545484244072
14.84968262254465 0.0004 5.082416351345706
15.556761439304722 0.0004 6.2670048501221896
16.297508346206442 0.0004 0.1428921718024625
17.073526474706913 0.0004 0.1428921718024625
17.886495290574352 0.0004 0.1428921718024625
18.73817422860385 0.0004 0.1428921718024625
19.630406500402714 0.0004 0.1428921718024625
20.565123083486515 0.0004 0.1428921718024625
21.544346900318846 0.0004 0.1428921718024625
22.570197196339205 0.0004 0.1428921718024625
23.644894126454084 0.0004 0.1428921718024625
24.770763559917114 0.0004 0.1428921718024625
25.950242113997373 0.0004 0.1428921718024625
27.185882427329414 0.0004 0.1428921718024625
28.48035868435802 0.0004 0.1428921718024625
29.836472402833405 0.0004 0.1428921718024625
31.25715849688237 0.0004 0.1428921718024625
32.7454916287773 0.0004 0.1428921718024625
34.30469286314919 0.0004 0.1428921718024625
35.938136638046274 0.0004 0.1428921718024625
37.649358067924695 0.0004 0.1428921718024625
39.442060594376564 0.0004 0.1428921718024625
41.32012400115339 0.0004 0.1428921718024625
43.287612810830595 0.0004 0.1428921718024625
45.34878508128585 0.0004 0.1428921718024625
47.50810162102798 0.0004 0.1428921718024625
49.770235643321115 0.0004 0.1428921718024625
52.140082879996875 0.0004 0.1428921718024625
54.62277217684343 0.0004 0.1428921718024625
57.223676593502205 0.0004 0.1428921718024625
59.94842503189412 0.0004 0.1428921718024625
62.80291441834256 0.0004 0.1428921718024625
65.79332246575683 0.0004 0.1428921718024625
68.92612104349699 0.0004 0.1428921718024625
72.20809018385468 0.0004 0.1428921718024625
75.64633275546291 0.0004 0.1428921718024625
79.24828983539177 0.0004 0.1428921718024625
83.02175681319748 0.0004 0.1428921718024625
86.97490026177834 0.0004 0.1428921718024625
91.11627561154896 0.0004 0.1428921718024625
95.45484566618342 0.0004 0.1428921718024625
100.0 0.0004 0.1428921718024625
1.0 0.0005 0.1428921718024625
1.0476157527896648 0.0005 0.1428921718024625
1.0974987654930561 0.0005 0.1428921718024625
1.1497569953977358 0.0005 0.1428921718024625
1.2045035402587823 0.0005 0.1428921718024625
1.2618568830660204 0.0005 0.1428921718024625
1.321941148466029 0.0005 0.1428921718024625
1.384886371393873 0.0005 0.1428921718024625
1.4508287784959397 0.0005 0.1428921718024625
1.5199110829529336 0.0005 0.1428921718024625
1.5922827933410924 0.0005 0.1428921718024625
1.6681005372000588 0.0005 0.1428921718024625
1.7475284000076838 0.0005 0.1428921718024625
1.8307382802953682 0.0005 0.1428921718024625
1.9179102616724888 0.0005 0.1428921718024625
2.0092330025650473 0.0005 0.1428921718024625
2.1049041445120205 0.0005 0.1428921718024625
2.205130739903046 0.0005 0.1428921718024625
2.3101297000831598 0.0005 0.1428921718024625
2.420128264794382 0.0005 0.1428921718024625
2.535364493970112 0.0005 0.1428921718024625
2.6560877829466865 0.0005 0.1428921718024625
2.782559402207125 0.0005 0.1428921718024625
2.915053062825177 0.0005 0.1428921718024625
3.0538555088334154 0.0005 0.1428921718024625
3.1992671377973836 0.0005 0.1428921718024625
3.3516026509388426 0.0005 0.1428921718024625
3.511191734215132 0.0005 0.1428921718024625
3.6783797718286344 0.0005 0.1428921718024625
3.8535285937105295 0.0005 0.1428921718024625
4.0370172585965545 0.0005 0.1428921718024625
4.229242874389499 0.0005 0.1428921718024625
4.430621457583881 0.0005 0.1428921718024625
4.641588833612779 0.0005 0.1428921718024625
4.862601580065355 0.0005 0.1428921718024625
5.09413801481638 0.0005 0.1428921718024625
5.3366992312063095 0.0005 0.1428921718024625
5.590810182512224 0.0005 0.1428921718024625
5.857020818056667 0.0005 0.1428921718024625
6.135907273413174 0.0005 0.1428921718024625
6.428073117284322 0.0005 0.1428921718024625
6.734150657750823 0.0005 0.1428921718024625
7.054802310718643 0.0005 0.1428921718024625
7.390722033525779 0.0005 0.1428921718024625
7.742636826811272 0.0005 0.1428921718024625
8.111308307896872 0.0005 0.1428921718024625
8.497534359086444 0.0005 0.15199309453713533
8.902150854450388 0.0005 0.23667494978447562
9.326033468832199 0.0005 0.3403815098576004
9.770099572992255 0.0005 0.4702351836145616
10.235310218990262 0.0005 0.6393683899766244
10.722672220103236 0.0005 0.8768943287078073
11.233240329780276 0.0005 1.2517487098865945
11.768119524349984 0.0005 3.8130755531580487
12.328467394420665 0.0005 1.1284467144216919
12.91549665014884 0.0005 0.5621394052345168
13.530477745798075 0.0005 0.06309271659788815
14.174741629268055 0.0005 0.4791548891624068
14.84968262254465 0.0005 1.1753011732758163
15.556761439304722 0.0005 1.6567269572657883
16.297508346206442 0.0005 0.1428921718024625
17.073526474706913 0.0005 0.1428921718024625
17.886495290574352 0.0005 0.1428921718024625
18.73817422860385 0.0005 0.1428921718024625
19.630406500402714 0.0005 0.1428921718024625
20.565123083486515 0.0005 0.1428921718024625
21.544346900318846 0.0005 0.1428921718024625
22.570197196339205 0.0005 0.1428921718024625
23.644894126454084 0.0005 0.1428921718024625
24.770763559917114 0.0005 0.1428921718024625
25.950242113997373 0.0005 0.1428921718024625
27.185882427329414 0.0005 0.1428921718024625
28.48035868435802 0.0005 0.1428921718024625
29.836472402833405 0.0005 0.1428921718024625
31.25715849688237 0.0005 0.1428921718024625
32.7454916287773 0.0005 0.1428921718024625
34.30469286314919 0.0005 0.1428921718024625
35.938136638046274 0.0005 0.1428921718024625
37.649358067924695 0.0005 0.1428921718024625
39.442060594376564 0.0005 0.1428921718024625
41.32012400115339 0.0005 0.1428921718024625
43.287612810830595 0.0005 0.1428921718024625
45.34878508128585 0.0005 0.1428921718024625
47.50810162102798 0.0005 0.1428921718024625
49.770235643321115 0.0005 0.1428921718024625
52.140082879996875 0.0005 0.1428921718024625
54.62277217684343 0.0005 0.1428921718024625
57.223676593502205 0.0005 0.1428921718024625
59.94842503189412 0.0005 0.1428921718024625
62.80291441834256 0.0005 0.1428921718024625
65.79332246575683 0.0005 0.1428921718024625
68.92612104349699 0.0005 0.1428921718024625
72.20809018385468 0.0005 0.1428921718024625
75.64633275546291 0.0005 0.1428921718024625
79.24828983539177 0.0005 0.1428921718024625
83.02175681319748 0.0005 0.1428921718024625
86.97490026177834 0.0005 0.1428921718024625
91.11627561154896 0.0005 0.1428921718024625
95.45484566618342 0.0005 0.1428921718024625
100.0 0.0005 0.1428921718024625
