# m_a[MeV] g_a Z
1.0 2e-06 0.043190412053995694
1.0476157527896648 2e-06 0.04317816432899537
1.0974987654930561 2e-06 0.043165326144583974
1.1497569953977358 2e-06 0.043151868143001905
1.204503540258782 2e-06 0.04313775740187876
1.2618568830660204 2e-06 0.04312295964714232
1.321941148466029 2e-06 0.043107440017937614
1.384886371393873 2e-06 0.04309116503715557
1.4508287784959397 2e-06 0.043074105439047126
1.5199110829529339 2e-06 0.04305621968739904
1.5922827933410924 2e-06 0.043037464910247
1.6681005372000588 2e-06 0.04301779307502822
1.7475284000076838 2e-06 0.04299717518223606
1.8307382802953682 2e-06 0.0429755607677717
1.9179102616724888 2e-06 0.042952887093583365
2.0092330025650473 2e-06 0.04292910855242512
2.1049041445120205 2e-06 0.04290417427049657
2.205130739903046 2e-06 0.04287803475238002
2.3101297000831598 2e-06 0.04285061713844537
2.420128264794382 2e-06 0.042821871005920414
2.535364493970112 2e-06 0.04279173553841492
2.6560877829466865 2e-06 0.042760145912831005
2.7825594022071245 2e-06 0.04272702809837954
2.915053062825177 2e-06 0.04269230963657985
3.0538555088334154 2e-06 0.04265591208001151
3.1992671377973836 2e-06 0.04261777663464827
3.3516026509388426 2e-06 0.042577822508704476
3.5111917342151315 2e-06 0.04253596558842766
3.678379771828634 2e-06 0.04249213520335702
3.8535285937105295 2e-06 0.04244622916759714
4.0370172585965545 2e-06 0.04239820097292168
4.229242874389499 2e-06 0.0423479722859389
4.430621457583881 2e-06 0.042295480892789804
4.641588833612779 2e-06 0.04224062950408762
4.862601580065355 2e-06 0.04218340943320485
5.09413801481638 2e-06 0.042123764187671726
5.3366992312063095 2e-06 0.04206165685646188
5.590810182512223 2e-06 0.0419970970991322
5.857020818056667 2e-06 0.04189482395057554
6.135907273413174 2e-06 0.04173299269672522
6.428073117284322 2e-06 0.041563827718398116
6.734150657750822 2e-06 0.04138713511008118
7.054802310718643 2e-06 0.04120272620940687
7.390722033525779 2e-06 0.04101057011097393
7.742636826811272 2e-06 0.04081046358616482
8.111308307896872 2e-06 0.040602513069821336
8.497534359086444 2e-06 0.040386713556011485
8.902150854450388 2e-06 0.04016339164699095
9.326033468832199 2e-06 0.03993291201095404
9.770099572992253 2e-06 0.03969599062376241
10.235310218990262 2e-06 0.03945359472691105
10.722672220103236 2e-06 0.03914124817125662
11.233240329780276 2e-06 0.03873946061166473
11.768119524349986 2e-06 0.03832703324896775
12.328467394420665 2e-06 0.037905606531301525
12.91549665014884 2e-06 0.03747742001637965
13.530477745798075 2e-06 0.037046257064361994
14.174741629268055 2e-06 0.03661833735796719
14.84968262254465 2e-06 0.0362055902380509
15.556761439304724 2e-06 0.035699173712749596
16.297508346206442 2e-06 0.03474135941292583
17.073526474706913 2e-06 0.03424987823278584
17.886495290574352 2e-06 0.03345765721601835
18.738174228603846 2e-06 0.03259217015709124
19.630406500402714 2e-06 0.031948202405880095
20.565123083486515 2e-06 0.030838606180096102
21.544346900318843 2e-06 0.03039033013167874
22.5701971963392 2e-06 0.029623189870797602
23.644894126454084 2e-06 0.029349359221794002
24.770763559917114 2e-06 0.028662206946003417
25.950242113997373 2e-06 0.02796215209385533
27.185882427329414 2e-06 0.027553948809054707
28.48035868435802 2e-06 0.026055513992801357
29.8364724028334 2e-06 0.025305819945943817
31.25715849688237 2e-06 0.024544674075503398
32.7454916287773 2e-06 0.022924333538796148
34.30469286314919 2e-06 0.020669583538909353
35.938136638046274 2e-06 0.01946571051028338
37.64935806792469 2e-06 0.017687212856304847
39.44206059437656 2e-06 0.015819395852819055
41.32012400115339 2e-06 0.013754897841524939
43.287612810830595 2e-06 0.01227285050559503
45.34878508128585 2e-06 0.010789640716299573
47.50810162102798 2e-06 0.007759053091832345
49.77023564332111 2e-06 0.0
52.14008287999687 2e-06 0.0
54.62277217684342 2e-06 0.0
57.2236765935022 2e-06 0.0
59.94842503189412 2e-06 0.0
62.80291441834257 2e-06 0.0
65.79332246575683 2e-06 0.0
68.92612104349698 2e-06 0.0
72.20809018385468 2e-06 0.0
75.6463327554629 2e-06 0.0
79.24828983539177 2e-06 0.0
83.02175681319748 2e-06 0.0
86.97490026177834 2e-06 0.0
91.11627561154897 2e-06 0.0
95.45484566618343 2e-06 0.0
100.0 2e-06 0.0
1.0 3.16764e-06 0.07422381125382893
1.0476157527896648 3.16764e-06 0.07419933379838657
1.0974987654930561 3.16764e-06 0.07417353788020882
1.1497569953977358 3.16764e-06 0.07414653235485183
1.204503540258782 3.16764e-06 0.0741181887856284
1.2618568830660204 3.16764e-06 0.07408845147349734
1.321941148466029 3.16764e-06 0.07405721729330339
1.384886371393873 3.16764e-06 0.07402435792393054
1.4508287784959397 3.16764e-06 0.07399004560117521
1.5199110829529339 3.16764e-06 0.07395404306270466
1.5922827933410924 3.16764e-06 0.07391647890897542
1.6681005372000588 3.16764e-06 0.07387709011662551
1.7475284000076838 3.16764e-06 0.07383564829953929
1.8307382802953682 3.16764e-06 0.07379229695576829
1.9179102616724888 3.16764e-06 0.07374700506788465
2.0092330025650473 3.16764e-06 0.073699124875178
2.1049041445120205 3.16764e-06 0.07364899445238081
2.205130739903046 3.16764e-06 0.07359640960772373
2.3101297000831598 3.16764e-06 0.073541317468147
2.420128264794382 3.16764e-06 0.07348365638255192
2.535364493970112 3.16764e-06 0.07342337226957844
2.6560877829466865 3.16764e-06 0.07335998923631276
2.7825594022071245 3.16764e-06 0.07329359184430141
2.915053062825177 3.16764e-06 0.07322391464074957
3.0538555088334154 3.16764e-06 0.07315077624844658
3.1992671377973836 3.16764e-06 0.07307435917512606
3.3516026509388426 3.16764e-06 0.07299421454941533
3.5111917342151315 3.16764e-06 0.0729103201362522
3.678379771828634 3.16764e-06 0.07282243200067813
3.8535285937105295 3.16764e-06 0.0727302932845464
4.0370172585965545 3.16764e-06 0.0726340257726634
4.229242874389499 3.16764e-06 0.0725331938815282
4.430621457583881 3.16764e-06 0.07242789979969165
4.641588833612779 3.16764e-06 0.07231796233217089
4.862601580065355 3.16764e-06 0.07220341169773953
5.09413801481638 3.16764e-06 0.07208376253302992
5.3366992312063095 3.16764e-06 0.07195921399325801
5.590810182512223 3.16764e-06 0.07183011791192032
5.857020818056667 3.16764e-06 0.07162344944293944
6.135907273413174 3.16764e-06 0.07129503143616506
6.428073117284322 3.16764e-06 0.07095148851666788
6.734150657750822 3.16764e-06 0.07059229800836035
7.054802310718643 3.16764e-06 0.07021733252668554
7.390722033525779 3.16764e-06 0.0698259690561505
7.742636826811272 3.16764e-06 0.069418171195151
8.111308307896872 3.16764e-06 0.06899393938480265
8.497534359086444 3.16764e-06 0.06855313186727506
8.902150854450388 3.16764e-06 0.06809628126683721
9.326033468832199 3.16764e-06 0.06762426821119813
9.770099572992253 3.16764e-06 0.06713822988054464
10.235310218990262 3.16764e-06 0.06664011094938169
10.722672220103236 3.16764e-06 0.06599029375195667
11.233240329780276 3.16764e-06 0.06514576540969112
11.768119524349986 3.16764e-06 0.06427577499866216
12.328467394420665 3.16764e-06 0.06338262002634588
12.91549665014884 3.16764e-06 0.062469388623766116
13.530477745798075 3.16764e-06 0.06154188593162117
14.174741629268055 3.16764e-06 0.06060997585428125
14.84968262254465 3.16764e-06 0.059692633084477816
15.556761439304724 3.16764e-06 0.05856691576021396
16.297508346206442 3.16764e-06 0.056561739492817044
17.073526474706913 3.16764e-06 0.055460431505056515
17.886495290574352 3.16764e-06 0.05374491938385807
18.738174228603846 3.16764e-06 0.05192108886663394
19.630406500402714 3.16764e-06 0.05048681197797693
20.565123083486515 3.16764e-06 0.04822651139844457
21.544346900318843 3.16764e-06 0.047223490678262044
22.5701971963392 3.16764e-06 0.04585052373509969
23.644894126454084 3.16764e-06 0.04528115779666829
24.770763559917114 3.16764e-06 0.044016513649982776
25.950242113997373 3.16764e-06 0.042654473186657944
27.185882427329414 3.16764e-06 0.04178495421133175
28.48035868435802 3.16764e-06 0.03905847175190848
29.8364724028334 3.16764e-06 0.03749794420848897
31.25715849688237 3.16764e-06 0.03590012777222983
32.7454916287773 3.16764e-06 0.032883649742075687
34.30469286314919 3.16764e-06 0.028770745161417907
35.938136638046274 3.16764e-06 0.026294926764089434
37.64935806792469 3.16764e-06 0.02293807928804767
39.44206059437656 3.16764e-06 0.01954739341320659
41.32012400115339 3.16764e-06 0.01616687975965397
43.287612810830595 3.16764e-06 0.014168475605123378
45.34878508128585 3.16764e-06 0.012298874551669765
47.50810162102798 3.16764e-06 0.008663220785489303
49.77023564332111 3.16764e-06 0.0
52.14008287999687 3.16764e-06 0.0
54.62277217684342 3.16764e-06 0.0
57.2236765935022 3.16764e-06 0.0
59.94842503189412 3.16764e-06 0.0
62.80291441834257 3.16764e-06 0.0
65.79332246575683 3.16764e-06 0.0
68.92612104349698 3.16764e-06 0.0
72.20809018385468 3.16764e-06 0.0
75.6463327554629 3.16764e-06 0.0
79.24828983539177 3.16764e-06 0.0
83.02175681319748 3.16764e-06 0.0
86.97490026177834 3.16764e-06 0.0
91.11627561154897 3.16764e-06 0.0
95.45484566618343 3.16764e-06 0.0
100.0 3.16764e-06 0.0
1.0 5.01697e-06 0.14578393278114546
1.0476157527896648 5.01697e-06 0.14573364012015422
1.0974987654930561 5.01697e-06 0.14568090253019222
1.1497569953977358 5.01697e-06 0.14562559438115785
1.204503540258782 5.01697e-06 0.14556762050348482
1.2618568830660204 5.01697e-06 0.14550678682344464
1.321941148466029 5.01697e-06 0.14544290630111342
1.384886371393873 5.01697e-06 0.14537597604544644
1.4508287784959397 5.01697e-06 0.14530581388880304
1.5199110829529339 5.01697e-06 0.1452322386215069
1.5922827933410924 5.01697e-06 0.1451551550805618
1.6681005372000588 5.01697e-06 0.14507412762086125
1.7475284000076838 5.01697e-06 0.14498927380185897
1.8307382802953682 5.01697e-06 0.14490031410922016
1.9179102616724888 5.01697e-06 0.14480689343494094
2.0092330025650473 5.01697e-06 0.14470884998376238
2.1049041445120205 5.01697e-06 0.1446060851341902
2.205130739903046 5.01697e-06 0.144498299603944
2.3101297000831598 5.01697e-06 0.1443852417807375
2.420128264794382 5.01697e-06 0.14426679524867472
2.535364493970112 5.01697e-06 0.14414234543602683
2.6560877829466865 5.01697e-06 0.14401194262876538
2.7825594022071245 5.01697e-06 0.14387512741045594
2.915053062825177 5.01697e-06 0.14373173610934023
3.0538555088334154 5.01697e-06 0.1435813365994817
3.1992671377973836 5.01697e-06 0.1434237204362886
3.3516026509388426 5.01697e-06 0.14325840476272084
3.5111917342151315 5.01697e-06 0.14308524403059827
3.678379771828634 5.01697e-06 0.14290391210944905
3.8535285937105295 5.01697e-06 0.14271383883353012
4.0370172585965545 5.01697e-06 0.14251482955324665
4.229242874389499 5.01697e-06 0.14230678876775446
4.430621457583881 5.01697e-06 0.14208916549662995
4.641588833612779 5.01697e-06 0.14186170919186591
4.862601580065355 5.01697e-06 0.1416246571064733
5.09413801481638 5.01697e-06 0.1413771542008337
5.3366992312063095 5.01697e-06 0.14111963548278603
5.590810182512223 5.01697e-06 0.14085208340935756
5.857020818056667 5.01697e-06 0.14039302382177946
6.135907273413174 5.01697e-06 0.13962981034833494
6.428073117284322 5.01697e-06 0.13883091930216201
6.734150657750822 5.01697e-06 0.1379950909624305
7.054802310718643 5.01697e-06 0.1371209841344156
7.390722033525779 5.01697e-06 0.13620843081944234
7.742636826811272 5.01697e-06 0.1352555413723635
8.111308307896872 5.01697e-06 0.13426251250253216
8.497534359086444 5.01697e-06 0.13322845220108523
8.902150854450388 5.01697e-06 0.13215438436825225
9.326033468832199 5.01697e-06 0.13104083939503383
9.770099572992253 5.01697e-06 0.12989021915742577
10.235310218990262 5.01697e-06 0.12870580085498398
10.722672220103236 5.01697e-06 0.1271991615410021
11.233240329780276 5.01697e-06 0.12528034023242082
11.768119524349986 5.01697e-06 0.1232969279077839
12.328467394420665 5.01697e-06 0.12125188294071683
12.91549665014884 5.01697e-06 0.11914918370834925
13.530477745798075 5.01697e-06 0.11699777022064645
14.174741629268055 5.01697e-06 0.11481351049228893
14.84968262254465 5.01697e-06 0.11262746292790507
15.556761439304724 5.01697e-06 0.10998135897734489
16.297508346206442 5.01697e-06 0.10553964606114953
17.073526474706913 5.01697e-06 0.10292371899277847
17.886495290574352 5.01697e-06 0.09902844895053416
18.738174228603846 5.01697e-06 0.09495403169370158
19.630406500402714 5.01697e-06 0.09159323164563354
20.565123083486515 5.01697e-06 0.08672070177055853
21.544346900318843 5.01697e-06 0.08435478195436794
22.5701971963392 5.01697e-06 0.0817125892710619
23.644894126454084 5.01697e-06 0.08043448182346326
24.770763559917114 5.01697e-06 0.07793821059102955
25.950242113997373 5.01697e-06 0.07513022018690454
27.185882427329414 5.01697e-06 0.07321506592050181
28.48035868435802 5.01697e-06 0.06792945168935469
29.8364724028334 5.01697e-06 0.0645777653915844
31.25715849688237 5.01697e-06 0.061147664678651494
32.7454916287773 5.01697e-06 0.055181121364681666
34.30469286314919 5.01697e-06 0.0471191153793471
35.938136638046274 5.01697e-06 0.041844491074631264
37.64935806792469 5.01697e-06 0.03506686772259376
39.44206059437656 5.01697e-06 0.028368637093817938
41.32012400115339 5.01697e-06 0.02212287419255374
43.287612810830595 5.01697e-06 0.0190162237056347
45.34878508128585 5.01697e-06 0.01631891135313492
47.50810162102798 5.01697e-06 0.01124550934184142
49.77023564332111 5.01697e-06 0.0
52.14008287999687 5.01697e-06 0.0
54.62277217684342 5.01697e-06 0.0
57.2236765935022 5.01697e-06 0.0
59.94842503189412 5.01697e-06 0.0
62.80291441834257 5.01697e-06 0.0
65.79332246575683 5.01697e-06 0.0
68.92612104349698 5.01697e-06 0.0
72.20809018385468 5.01697e-06 0.0
75.6463327554629 5.01697e-06 0.0
79.24828983539177 5.01697e-06 0.0
83.02175681319748 5.01697e-06 0.0
86.97490026177834 5.01697e-06 0.0
91.11627561154897 5.01697e-06 0.0
95.45484566618343 5.01697e-06 0.0
100.0 5.01697e-06 0.0
1.0 7.94597e-06 0.32279399009758347
1.0476157527896648 7.94597e-06 0.3227051863084939
1.0974987654930561 7.94597e-06 0.3226118990807102
1.1497569953977358 7.94597e-06 0.3225151321206009
1.204503540258782 7.94597e-06 0.32241379825577177
1.2618568830660204 7.94597e-06 0.3223071711049256
1.321941148466029 7.94597e-06 0.32219506620931976
1.384886371393873 7.94597e-06 0.3220783713210939
1.4508287784959397 7.94597e-06 0.321955439454832
1.5199110829529339 7.94597e-06 0.32182618484833053
1.5922827933410924 7.94597e-06 0.3216898517914707
1.6681005372000588 7.94597e-06 0.32154755084262304
1.7475284000076838 7.94597e-06 0.32139939718582156
1.8307382802953682 7.94597e-06 0.3212426785095036
1.9179102616724888 7.94597e-06 0.3210794147079413
2.0092330025650473 7.94597e-06 0.32090665639389543
2.1049041445120205 7.94597e-06 0.3207259854558683
2.205130739903046 7.94597e-06 0.320537065186634
2.3101297000831598 7.94597e-06 0.32033824686475326
2.420128264794382 7.94597e-06 0.32013067975610277
2.535364493970112 7.94597e-06 0.31991195867952243
2.6560877829466865 7.94597e-06 0.3196830727320342
2.7825594022071245 7.94597e-06 0.3194444784689305
2.915053062825177 7.94597e-06 0.31919370442008865
3.0538555088334154 7.94597e-06 0.3189301112406947
3.1992671377973836 7.94597e-06 0.31865424692476835
3.3516026509388426 7.94597e-06 0.31836493119133447
3.5111917342151315 7.94597e-06 0.31806315316705214
3.678379771828634 7.94597e-06 0.31774821291504096
3.8535285937105295 7.94597e-06 0.3174172304157454
4.0370172585965545 7.94597e-06 0.3170716979884205
4.229242874389499 7.94597e-06 0.31671022126085985
4.430621457583881 7.94597e-06 0.3163351152067735
4.641588833612779 7.94597e-06 0.3159428726826561
4.862601580065355 7.94597e-06 0.3155343516592226
5.09413801481638 7.94597e-06 0.3151130222901221
5.3366992312063095 7.94597e-06 0.314673660719975
5.590810182512223 7.94597e-06 0.314219309894066
5.857020818056667 7.94597e-06 0.3131180652400335
6.135907273413174 7.94597e-06 0.3109786171286876
6.428073117284322 7.94597e-06 0.3087362878022723
6.734150657750822 7.94597e-06 0.3063870497225666
7.054802310718643 7.94597e-06 0.30392801641308254
7.390722033525779 7.94597e-06 0.3013544609650044
7.742636826811272 7.94597e-06 0.29866395795103323
8.111308307896872 7.94597e-06 0.2958531641686727
8.497534359086444 7.94597e-06 0.2929207826185765
8.902150854450388 7.94597e-06 0.2898644598906972
9.326033468832199 7.94597e-06 0.2866855712218984
9.770099572992253 7.94597e-06 0.2833868216092463
10.235310218990262 7.94597e-06 0.279972011838304
10.722672220103236 7.94597e-06 0.2760327534483588
11.233240329780276 7.94597e-06 0.27143472413991704
11.768119524349986 7.94597e-06 0.26666986662308756
12.328467394420665 7.94597e-06 0.26174095983672674
12.91549665014884 7.94597e-06 0.2566512428033603
13.530477745798075 7.94597e-06 0.25141420326706454
14.174741629268055 7.94597e-06 0.2460542589460724
14.84968262254465 7.94597e-06 0.240620399370641
15.556761439304724 7.94597e-06 0.23410309108487745
16.297508346206442 7.94597e-06 0.2238361420281551
17.073526474706913 7.94597e-06 0.21731155007539132
17.886495290574352 7.94597e-06 0.20803355715157537
18.738174228603846 7.94597e-06 0.19847498150936585
19.630406500402714 7.94597e-06 0.19027131813650097
20.565123083486515 7.94597e-06 0.17910450967144387
21.544346900318843 7.94597e-06 0.17322378761152377
22.5701971963392 7.94597e-06 0.16761999837035235
23.644894126454084 7.94597e-06 0.1644784999906242
24.770763559917114 7.94597e-06 0.15904793239176324
25.950242113997373 7.94597e-06 0.15275552530047867
27.185882427329414 7.94597e-06 0.14820250923870587
28.48035868435802 7.94597e-06 0.1370355908835542
29.8364724028334 7.94597e-06 0.1293240353529352
31.25715849688237 7.94597e-06 0.12144263571914551
32.7454916287773 7.94597e-06 0.10860698475991536
34.30469286314919 7.94597e-06 0.09136022653884482
35.938136638046274 7.94597e-06 0.0793362234327168
37.64935806792469 7.94597e-06 0.06440756949138299
39.44206059437656 7.94597e-06 0.049841374846559296
41.32012400115339 7.94597e-06 0.03678311099775389
43.287612810830595 7.94597e-06 0.031031992426398453
45.34878508128585 7.94597e-06 0.02633260058806721
47.50810162102798 7.94597e-06 0.017720525525470755
49.77023564332111 7.94597e-06 0.0
52.14008287999687 7.94597e-06 0.0
54.62277217684342 7.94597e-06 0.0
57.2236765935022 7.94597e-06 0.0
59.94842503189412 7.94597e-06 0.0
62.80291441834257 7.94597e-06 0.0
65.79332246575683 7.94597e-06 0.0
68.92612104349698 7.94597e-06 0.0
72.20809018385468 7.94597e-06 0.0
75.6463327554629 7.94597e-06 0.0
79.24828983539177 7.94597e-06 0.0
83.02175681319748 7.94597e-06 0.0
86.97490026177834 7.94597e-06 0.0
91.11627561154897 7.94597e-06 0.0
95.45484566618343 7.94597e-06 0.0
100.0 7.94597e-06 0.0
1.0 1.2585e-05 0.7571104270507545
1.0476157527896648 1.2585e-05 0.7567741966883997
1.0974987654930561 1.2585e-05 0.7564216625688674
1.1497569953977358 1.2585e-05 0.7560520328486826
1.204503540258782 1.2585e-05 0.7556643614024163
1.2618568830660204 1.2585e-05 0.7552577057545762
1.321941148466029 1.2585e-05 0.7548310351686506
1.384886371393873 1.2585e-05 0.754383524578087
1.4508287784959397 1.2585e-05 0.7539142913853218
1.5199110829529339 1.2585e-05 0.7534221640905211
1.5922827933410924 1.2585e-05 0.7529059567697379
1.6681005372000588 1.2585e-05 0.7523642406024291
1.7475284000076838 1.2585e-05 0.7517962959023232
1.8307382802953682 1.2585e-05 0.7512006992747992
1.9179102616724888 1.2585e-05 0.7505756104748647
2.0092330025650473 1.2585e-05 0.7499197242165979
2.1049041445120205 1.2585e-05 0.7492316226756962
2.205130739903046 1.2585e-05 0.7485099326133354
2.3101297000831598 1.2585e-05 0.7477524181384269
2.420128264794382 1.2585e-05 0.7469577819713447
2.535364493970112 1.2585e-05 0.7461242055490134
2.6560877829466865 1.2585e-05 0.7452498250173135
2.7825594022071245 1.2585e-05 0.7443324193610039
2.915053062825177 1.2585e-05 0.7433698993266051
3.0538555088334154 1.2585e-05 0.7423598681515384
3.1992671377973836 1.2585e-05 0.7413006780728914
3.3516026509388426 1.2585e-05 0.7401897354073118
3.5111917342151315 1.2585e-05 0.7390245686771221
3.678379771828634 1.2585e-05 0.7378029350128747
3.8535285937105295 1.2585e-05 0.736521564787565
4.0370172585965545 1.2585e-05 0.7351790662924065
4.229242874389499 1.2585e-05 0.7337728488935193
4.430621457583881 1.2585e-05 0.7323007206260621
4.641588833612779 1.2585e-05 0.7307592289767018
4.862601580065355 1.2585e-05 0.7291480084244573
5.09413801481638 1.2585e-05 0.7274645454808897
5.3366992312063095 1.2585e-05 0.7257068350608116
5.590810182512223 1.2585e-05 0.7238746402330389
5.857020818056667 1.2585e-05 0.7210200439152827
6.135907273413174 1.2585e-05 0.7165525985873992
6.428073117284322 1.2585e-05 0.7118714561685555
6.734150657750822 1.2585e-05 0.7069686839423638
7.054802310718643 1.2585e-05 0.7018363858023942
7.390722033525779 1.2585e-05 0.6964702059635705
7.742636826811272 1.2585e-05 0.6908600610895524
8.111308307896872 1.2585e-05 0.6850033255335455
8.497534359086444 1.2585e-05 0.6788930126411771
8.902150854450388 1.2585e-05 0.6725315658425068
9.326033468832199 1.2585e-05 0.665919378124824
9.770099572992253 1.2585e-05 0.6590651240163515
10.235310218990262 1.2585e-05 0.6519823627946362
10.722672220103236 1.2585e-05 0.6430877895498712
11.233240329780276 1.2585e-05 0.6318805770481261
11.768119524349986 1.2585e-05 0.6202500176746188
12.328467394420665 1.2585e-05 0.608197934691615
12.91549665014884 1.2585e-05 0.5957248125286676
13.530477745798075 1.2585e-05 0.5828529473965111
14.174741629268055 1.2585e-05 0.5696250806009187
14.84968262254465 1.2585e-05 0.5561294263140033
15.556761439304724 1.2585e-05 0.5400157339784828
16.297508346206442 1.2585e-05 0.5154539046957402
17.073526474706913 1.2585e-05 0.4991875035167604
17.886495290574352 1.2585e-05 0.4766583441646463
18.738174228603846 1.2585e-05 0.45361829850403784
19.630406500402714 1.2585e-05 0.43342988756721323
20.565123083486515 1.2585e-05 0.40685310840053535
21.544346900318843 1.2585e-05 0.39221456599895266
22.5701971963392 1.2585e-05 0.3793897151884673
23.644894126454084 1.2585e-05 0.3715478371347754
24.770763559917114 1.2585e-05 0.3589137598836646
25.950242113997373 1.2585e-05 0.3440454148672525
27.185882427329414 1.2585e-05 0.3329039632753336
28.48035868435802 1.2585e-05 0.30746341822510226
29.8364724028334 1.2585e-05 0.2889904750231781
31.25715849688237 1.2585e-05 0.27011819202987003
32.7454916287773 1.2585e-05 0.24053882589162764
34.30469286314919 1.2585e-05 0.20090830534945422
35.938136638046274 1.2585e-05 0.17227115702454374
37.64935806792469 1.2585e-05 0.1373472032430119
39.44206059437656 1.2585e-05 0.10351005001037371
41.32012400115339 1.2585e-05 0.07380440434419934
43.287612810830595 1.2585e-05 0.061548763509665656
45.34878508128585 1.2585e-05 0.051785114396056535
47.50810162102798 1.2585e-05 0.0341803802730691
49.77023564332111 1.2585e-05 0.0
52.14008287999687 1.2585e-05 0.0
54.62277217684342 1.2585e-05 0.0
57.2236765935022 1.2585e-05 0.0
59.94842503189412 1.2585e-05 0.0
62.80291441834257 1.2585e-05 0.0
65.79332246575683 1.2585e-05 0.0
68.92612104349698 1.2585e-05 0.0
72.20809018385468 1.2585e-05 0.0
75.6463327554629 1.2585e-05 0.0
79.24828983539177 1.2585e-05 0.0
83.02175681319748 1.2585e-05 0.0
86.97490026177834 1.2585e-05 0.0
91.11627561154897 1.2585e-05 0.0
95.45484566618343 1.2585e-05 0.0
100.0 1.2585e-05 0.0
1.0 1.99324e-05 1.8298466365762605
1.0476157527896648 1.99324e-05 1.8290208284305791
1.0974987654930561 1.99324e-05 1.828154952439919
1.1497569953977358 1.99324e-05 1.8272470793998683
1.204503540258782 1.99324e-05 1.8262948845972065
1.2618568830660204 1.99324e-05 1.8252960845320227
1.321941148466029 1.99324e-05 1.8242480856878172
1.384886371393873 1.99324e-05 1.823148846121848
1.4508287784959397 1.99324e-05 1.8219962120005104
1.5199110829529339 1.99324e-05 1.8207873083218453
1.5922827933410924 1.99324e-05 1.8195192186097064
1.6681005372000588 1.99324e-05 1.8181884494508291
1.7475284000076838 1.99324e-05 1.8167932043480033
1.8307382802953682 1.99324e-05 1.81532994956425
1.9179102616724888 1.99324e-05 1.8137941952505336
2.0092330025650473 1.99324e-05 1.8121827302408202
2.1049041445120205 1.99324e-05 1.8104920533383448
2.205130739903046 1.99324e-05 1.8087187704855314
2.3101297000831598 1.99324e-05 1.8068573794777667
2.420128264794382 1.99324e-05 1.8049046304107863
2.535364493970112 1.99324e-05 1.802856093901628
2.6560877829466865 1.99324e-05 1.8007071224065738
2.7825594022071245 1.99324e-05 1.7984523344479617
2.915053062825177 1.99324e-05 1.7960865301031685
3.0538555088334154 1.99324e-05 1.7936036692361879
3.1992671377973836 1.99324e-05 1.7909995994138657
3.3516026509388426 1.99324e-05 1.7882683810417153
3.5111917342151315 1.99324e-05 1.7854034135125434
3.678379771828634 1.99324e-05 1.7823993240860838
3.8535285937105295 1.99324e-05 1.7792479262971614
4.0370172585965545 1.99324e-05 1.7759457141248882
4.229242874389499 1.99324e-05 1.77248625861134
4.430621457583881 1.99324e-05 1.76886418251915
4.641588833612779 1.99324e-05 1.765070621744973
4.862601580065355 1.99324e-05 1.761104579330338
5.09413801481638 1.99324e-05 1.7569598936142934
5.3366992312063095 1.99324e-05 1.752631161331206
5.590810182512223 1.99324e-05 1.7481175537579732
5.857020818056667 1.99324e-05 1.7411354108536397
6.135907273413174 1.99324e-05 1.730260413361894
6.428073117284322 1.99324e-05 1.7188620192341808
6.734150657750822 1.99324e-05 1.706920071484514
7.054802310718643 1.99324e-05 1.694414914777129
7.390722033525779 1.99324e-05 1.6813351865032198
7.742636826811272 1.99324e-05 1.6676552810398453
8.111308307896872 1.99324e-05 1.6533680586109523
8.497534359086444 1.99324e-05 1.6384542011400047
8.902150854450388 1.99324e-05 1.6229193213366946
9.326033468832199 1.99324e-05 1.6067621486225907
9.770099572992253 1.99324e-05 1.590001924084844
10.235310218990262 1.99324e-05 1.5726688616109654
10.722672220103236 1.99324e-05 1.5509029630297313
11.233240329780276 1.99324e-05 1.5234763965962614
11.768119524349986 1.99324e-05 1.4949844792120803
12.328467394420665 1.99324e-05 1.4654242113198113
12.91549665014884 1.99324e-05 1.4347869008110072
13.530477745798075 1.99324e-05 1.4031140520400134
14.174741629268055 1.99324e-05 1.3704899537499906
14.84968262254465 1.99324e-05 1.3370939207754555
15.556761439304724 1.99324e-05 1.297318035966244
16.297508346206442 1.99324e-05 1.2376006699704467
17.073526474706913 1.99324e-05 1.1973143493233702
17.886495290574352 1.99324e-05 1.1421649264101994
18.738174228603846 1.99324e-05 1.0859038417870246
19.630406500402714 1.99324e-05 1.0362065937853884
20.565123083486515 1.99324e-05 0.9713333473534129
21.544346900318843 1.99324e-05 0.9346370249397767
22.5701971963392 1.99324e-05 0.903955880148676
23.644894126454084 1.99324e-05 0.8844485952172048
24.770763559917114 1.99324e-05 0.853959219532939
25.950242113997373 1.99324e-05 0.8179434164269008
27.185882427329414 1.99324e-05 0.7904087971611536
28.48035868435802 1.99324e-05 0.7298016107804358
29.8364724028334 1.99324e-05 0.6847923432186896
31.25715849688237 1.99324e-05 0.6387063704960567
32.7454916287773 1.99324e-05 0.5678093369075577
34.30469286314919 1.99324e-05 0.47298311697186013
35.938136638046274 1.99324e-05 0.4033548064559292
37.64935806792469 1.99324e-05 0.31897598995482596
39.44206059437656 1.99324e-05 0.23740022828626758
41.32012400115339 1.99324e-05 0.16638919127181012
43.287612810830595 1.99324e-05 0.13791663980826327
45.34878508128585 1.99324e-05 0.11551860213191587
47.50810162102798 1.99324e-05 0.07547359566497785
49.77023564332111 1.99324e-05 0.0
52.14008287999687 1.99324e-05 0.0
54.62277217684342 1.99324e-05 0.0
57.2236765935022 1.99324e-05 0.0
59.94842503189412 1.99324e-05 0.0
62.80291441834257 1.99324e-05 0.0
65.79332246575683 1.99324e-05 0.0
68.92612104349698 1.99324e-05 0.0
72.20809018385468 1.99324e-05 0.0
75.6463327554629 1.99324e-05 0.0
79.24828983539177 1.99324e-05 0.0
83.02175681319748 1.99324e-05 0.0
86.97490026177834 1.99324e-05 0.0
91.11627561154897 1.99324e-05 0.0
95.45484566618343 1.99324e-05 0.0
100.0 1.99324e-05 0.0
1.0 3.15693e-05 4.44141638444726
1.0476157527896648 3.15693e-05 4.439456115004323
1.0974987654930561 3.15693e-05 4.437400687320775
1.1497569953977358 3.15693e-05 4.435245495453382
1.204503540258782 3.15693e-05 4.4329850080037705
1.2618568830660204 3.15693e-05 4.430613742423301
1.321941148466029 3.15693e-05 4.428125608120996
1.384886371393873 3.15693e-05 4.425515751832179
1.4508287784959397 3.15693e-05 4.42277901714257
1.5199110829529339 3.15693e-05 4.4199085534373435
1.5922827933410924 3.15693e-05 4.416897431901085
1.6681005372000588 3.15693e-05 4.413737254170932
1.7475284000076838 3.15693e-05 4.410423792783338
1.8307382802953682 3.15693e-05 4.4069487491699135
1.9179102616724888 3.15693e-05 4.403301243086688
2.0092330025650473 3.15693e-05 4.39947370712159
2.1049041445120205 3.15693e-05 4.395457786083926
2.205130739903046 3.15693e-05 4.391245331892897
2.3101297000831598 3.15693e-05 4.386823263414416
2.420128264794382 3.15693e-05 4.38218389383869
2.535364493970112 3.15693e-05 4.377316545411584
2.6560877829466865 3.15693e-05 4.372210154616384
2.7825594022071245 3.15693e-05 4.366851754113291
2.915053062825177 3.15693e-05 4.3612289573288106
3.0538555088334154 3.15693e-05 4.35532751584569
3.1992671377973836 3.15693e-05 4.349137374338705
3.3516026509388426 3.15693e-05 4.342644102923462
3.5111917342151315 3.15693e-05 4.335832042762572
3.678379771828634 3.15693e-05 4.328688261296701
3.8535285937105295 3.15693e-05 4.321193215264787
4.0370172585965545 3.15693e-05 4.313338349465243
4.229242874389499 3.15693e-05 4.3051081964768905
4.430621457583881 3.15693e-05 4.296489558036014
4.641588833612779 3.15693e-05 4.287461493772749
4.862601580065355 3.15693e-05 4.278021289733555
5.09413801481638 3.15693e-05 4.268153610650929
5.3366992312063095 3.15693e-05 4.257845705997303
5.590810182512223 3.15693e-05 4.247095148679952
5.857020818056667 3.15693e-05 4.230403339246117
6.135907273413174 3.15693e-05 4.204336338247826
6.428073117284322 3.15693e-05 4.1770031405316805
6.734150657750822 3.15693e-05 4.148352994456062
7.054802310718643 3.15693e-05 4.118336677626017
7.390722033525779 3.15693e-05 4.086924418971224
7.742636826811272 3.15693e-05 4.054052040205953
8.111308307896872 3.15693e-05 4.019699394889408
8.497534359086444 3.15693e-05 3.9838166224185376
8.902150854450388 3.15693e-05 3.946412959800916
9.326033468832199 3.15693e-05 3.907481517225023
9.770099572992253 3.15693e-05 3.8670635029131133
10.235310218990262 3.15693e-05 3.8252257960915172
10.722672220103236 3.15693e-05 3.7727569657126305
11.233240329780276 3.15693e-05 3.7066962989300576
11.768119524349986 3.15693e-05 3.6379831989750184
12.328467394420665 3.15693e-05 3.566595924642272
12.91549665014884 3.15693e-05 3.4924955870743952
13.530477745798075 3.15693e-05 3.4157614180720013
14.174741629268055 3.15693e-05 3.336566845879298
14.84968262254465 3.15693e-05 3.2552993750313433
15.556761439304724 3.15693e-05 3.1583776068918503
16.297508346206442 3.15693e-05 3.012993501059982
17.073526474706913 3.15693e-05 2.9144403692316923
17.886495290574352 3.15693e-05 2.7799879428087757
18.738174228603846 3.15693e-05 2.6423803056105277
19.630406500402714 3.15693e-05 2.5206647240483555
20.565123083486515 3.15693e-05 2.3631591299459647
21.544346900318843 3.15693e-05 2.2740584453258688
22.5701971963392 3.15693e-05 2.1991577349375495
23.644894126454084 3.15693e-05 2.1510463883584
24.770763559917114 3.15693e-05 2.076242213651117
25.950242113997373 3.15693e-05 1.9885104341194038
27.185882427329414 3.15693e-05 1.9202732977398618
28.48035868435802 3.15693e-05 1.7731567909383181
29.8364724028334 3.15693e-05 1.6633660452995431
31.25715849688237 3.15693e-05 1.5501157959779768
32.7454916287773 3.15693e-05 1.3774289140324303
34.30469286314919 3.15693e-05 1.1469370732641744
35.938136638046274 3.15693e-05 0.9768636991366578
37.64935806792469 3.15693e-05 0.770484230358159
39.44206059437656 3.15693e-05 0.5706781674937267
41.32012400115339 3.15693e-05 0.3971297182609798
43.287612810830595 3.15693e-05 0.3282820207693837
45.34878508128585 3.15693e-05 0.2743826414263349
47.50810162102798 3.15693e-05 0.17837852827891668
49.77023564332111 3.15693e-05 0.0
52.14008287999687 3.15693e-05 0.0
54.62277217684342 3.15693e-05 0.0
57.2236765935022 3.15693e-05 0.0
59.94842503189412 3.15693e-05 0.0
62.80291441834257 3.15693e-05 0.0
65.79332246575683 3.15693e-05 0.0
68.92612104349698 3.15693e-05 0.0
72.20809018385468 3.15693e-05 0.0
75.6463327554629 3.15693e-05 0.0
79.24828983539177 3.15693e-05 0.0
83.02175681319748 3.15693e-05 0.0
86.97490026177834 3.15693e-05 0.0
91.11627561154897 3.15693e-05 0.0
95.45484566618343 3.15693e-05 0.0
100.0 3.15693e-05 0.0
1.0 5e-05 10.57904046158761
1.0476157527896648 5e-05 10.574613077487093
1.0974987654930561 5e-05 10.569970617163234
1.1497569953977358 5e-05 10.565102585963979
1.204503540258782 5e-05 10.559996510973246
1.2618568830660204 5e-05 10.554639774547262
1.321941148466029 5e-05 10.549018878339316
1.384886371393873 5e-05 10.543122650690766
1.4508287784959397 5e-05 10.536939301914545
1.5199110829529339 5e-05 10.530453619220612
1.5922827933410924 5e-05 10.52364965516226
1.6681005372000588 5e-05 10.516508391150236
1.7475284000076838 5e-05 10.509020273404454
1.8307382802953682 5e-05 10.5011666327222
1.9179102616724888 5e-05 10.49292257140189
2.0092330025650473 5e-05 10.484270802553768
2.1049041445120205 5e-05 10.475192348940912
2.205130739903046 5e-05 10.4656685706919
2.3101297000831598 5e-05 10.455670011125004
2.420128264794382 5e-05 10.445179263640828
2.535364493970112 5e-05 10.43417180689879
2.6560877829466865 5e-05 10.422622320892202
2.7825594022071245 5e-05 10.410501644573564
2.915053062825177 5e-05 10.397781009019146
3.0538555088334154 5e-05 10.38442784974457
3.1992671377973836 5e-05 10.370419638951264
3.3516026509388426 5e-05 10.355723508070811
3.5111917342151315 5e-05 10.340303063359524
3.678379771828634 5e-05 10.324128955907229
3.8535285937105295 5e-05 10.307156165566317
4.0370172585965545 5e-05 10.289364778348236
4.229242874389499 5e-05 10.270719717015716
4.430621457583881 5e-05 10.251190724530588
4.641588833612779 5e-05 10.23072767514262
4.862601580065355 5e-05 10.209325751422481
5.09413801481638 5e-05 10.186948007387612
5.3366992312063095 5e-05 10.163565230664556
5.590810182512223 5e-05 10.139168665998474
5.857020818056667 5e-05 10.101269807930278
6.135907273413174 5e-05 10.042038552540372
6.428073117284322 5e-05 9.97988163227122
6.734150657750822 5e-05 9.914674191182673
7.054802310718643 5e-05 9.846295616994912
7.390722033525779 5e-05 9.774670283726685
7.742636826811272 5e-05 9.699641397101153
8.111308307896872 5e-05 9.621150266063472
8.497534359086444 5e-05 9.53907250182894
8.902150854450388 5e-05 9.453414598125448
9.326033468832199 5e-05 9.364148653789421
9.770099572992253 5e-05 9.271350802994268
10.235310218990262 5e-05 9.175160732661379
10.722672220103236 5e-05 9.054415460906663
11.233240329780276 5e-05 8.902193557497691
11.768119524349986 5e-05 8.743521747528522
12.328467394420665 5e-05 8.578303720281909
12.91549665014884 5e-05 8.406395862390147
13.530477745798075 5e-05 8.227925082393888
14.174741629268055 5e-05 8.043226469769953
14.84968262254465 5e-05 7.853126196079306
15.556761439304724 5e-05 7.625703445433381
16.297508346206442 5e-05 7.2803796827059495
17.073526474706913 5e-05 7.048753209588863
17.886495290574352 5e-05 6.731219134147769
18.738174228603846 5e-05 6.402628207224541
19.630406500402714 5e-05 6.114189889273519
20.565123083486515 5e-05 5.7368913331727525
21.544346900318843 5e-05 5.524283377744405
22.5701971963392 5e-05 5.341191964514982
23.644894126454084 5e-05 5.225345680522314
24.770763559917114 5e-05 5.041788015944817
25.950242113997373 5e-05 4.83157463243055
27.185882427329414 5e-05 4.6637829692650525
28.48035868435802 5e-05 4.308042501193608
29.8364724028334 5e-05 4.04564989827311
31.25715849688237 5e-05 3.7700014122299788
32.7454916287773 5e-05 3.351381096829808
34.30469286314919 5e-05 2.7947662448388915
35.938136638046274 5e-05 2.3860797944541328
37.64935806792469 5e-05 1.8846525349438943
39.44206059437656 5e-05 1.3961823158245794
41.32012400115339 5e-05 0.9708580820078128
43.287612810830595 5e-05 0.8017984896117005
45.34878508128585 5e-05 0.6693500578261207
47.50810162102798 5e-05 0.4342974076305165
49.77023564332111 5e-05 0.0
52.14008287999687 5e-05 0.0
54.62277217684342 5e-05 0.0
57.2236765935022 5e-05 0.0
59.94842503189412 5e-05 0.0
62.80291441834257 5e-05 0.0
65.79332246575683 5e-05 0.0
68.92612104349698 5e-05 0.0
72.20809018385468 5e-05 0.0
75.6463327554629 5e-05 0.0
79.24828983539177 5e-05 0.0
83.02175681319748 5e-05 0.0
86.97490026177834 5e-05 0.0
91.11627561154897 5e-05 0.0
95.45484566618343 5e-05 0.0
100.0 5e-05 0.0
1.0 6e-05 14.755301694888038
1.0476157527896648 6e-05 14.74934222442008
1.0974987654930561 6e-05 14.743093822088056
1.1497569953977358 6e-05 14.7365431572782
1.204503540258782 6e-05 14.729671168284517
1.2618568830660204 6e-05 14.722461978671198
1.321941148466029 6e-05 14.714899967823294
1.384886371393873 6e-05 14.70696664136507
1.4508287784959397 6e-05 14.698642037221349
1.5199110829529339 6e-05 14.689913534872428
1.5922827933410924 6e-05 14.680753726512707
1.6681005372000588 6e-05 14.671138072456401
1.7475284000076838 6e-05 14.661055089765707
1.8307382802953682 6e-05 14.650480862948077
1.9179102616724888 6e-05 14.639378998126539
2.0092330025650473 6e-05 14.627731885674638
2.1049041445120205 6e-05 14.615506638595154
2.205130739903046 6e-05 14.60268066846427
2.3101297000831598 6e-05 14.58921261275752
2.420128264794382 6e-05 14.575077665954803
2.535364493970112 6e-05 14.560250045224803
2.6560877829466865 6e-05 14.544695323121845
2.7825594022071245 6e-05 14.528365301041115
2.915053062825177 6e-05 14.511228635718211
3.0538555088334154 6e-05 14.493240179905076
3.1992671377973836 6e-05 14.474361749943064
3.3516026509388426 6e-05 14.454556938148981
3.5111917342151315 6e-05 14.433780175361575
3.678379771828634 6e-05 14.411978840065474
3.8535285937105295 6e-05 14.389103091004914
4.0370172585965545 6e-05 14.365116378405538
4.229242874389499 6e-05 14.339982412591482
4.430621457583881 6e-05 14.313657220207133
4.641588833612779 6e-05 14.286062490248913
4.862601580065355 6e-05 14.257198625052272
5.09413801481638 6e-05 14.227022864221654
5.3366992312063095 6e-05 14.195479105495519
5.590810182512223 6e-05 14.162570609218164
5.857020818056667 6e-05 14.11149922501019
6.135907273413174 6e-05 14.031713260755451
6.428073117284322 6e-05 13.947962969998919
6.734150657750822 6e-05 13.860065498197468
7.054802310718643 6e-05 13.767850910915872
7.390722033525779 6e-05 13.671207575935966
7.742636826811272 6e-05 13.569940311199137
8.111308307896872 6e-05 13.463935551091728
8.497534359086444 6e-05 13.353026059620438
8.902150854450388 6e-05 13.237215348517495
9.326033468832199 6e-05 13.11645971602819
9.770099572992253 6e-05 12.990835602970511
10.235310218990262 6e-05 12.860557498538414
10.722672220103236 6e-05 12.696203170168776
11.233240329780276 6e-05 12.488074378751026
11.768119524349986 6e-05 12.27085747148606
12.328467394420665 6e-05 12.044365272075352
12.91549665014884 6e-05 11.808362797027858
13.530477745798075 6e-05 11.562985047816646
14.174741629268055 6e-05 11.308622966166158
14.84968262254465 6e-05 11.046358888590728
15.556761439304724 6e-05 10.732576717550886
16.297508346206442 6e-05 10.252430690415872
17.073526474706913 6e-05 9.933438385787419
17.886495290574352 6e-05 9.494224566551118
18.738174228603846 6e-05 9.036140583578703
19.630406500402714 6e-05 8.636677727282565
20.565123083486515 6e-05 8.109800250150638
21.544346900318843 6e-05 7.814577104510034
22.5701971963392 6e-05 7.554597768603847
23.644894126454084 6e-05 7.392353989941673
24.770763559917114 6e-05 7.13120413531052
25.950242113997373 6e-05 6.837112819546923
27.185882427329414 6e-05 6.598507460615727
28.48035868435802 6e-05 6.0967994724492165
29.8364724028334 6e-05 5.730573673752074
31.25715849688237 6e-05 5.340828102759527
32.7454916287773 6e-05 4.749778380884132
34.30469286314919 6e-05 3.9660067426624157
35.938136638046274 6e-05 3.393282793526813
37.64935806792469 6e-05 2.684701421656304
39.44206059437656 6e-05 1.991479198941324
41.32012400115339 6e-05 1.3863351073170687
43.287612810830595 6e-05 1.1448531981429193
45.34878508128585 6e-05 0.9554631129611015
47.50810162102798 6e-05 0.61989487377817
49.77023564332111 6e-05 0.0
52.14008287999687 6e-05 0.0
54.62277217684342 6e-05 0.0
57.2236765935022 6e-05 0.0
59.94842503189412 6e-05 0.0
62.80291441834257 6e-05 0.0
65.79332246575683 6e-05 0.0
68.92612104349698 6e-05 0.0
72.20809018385468 6e-05 0.0
75.6463327554629 6e-05 0.0
79.24828983539177 6e-05 0.0
83.02175681319748 6e-05 0.0
86.97490026177834 6e-05 0.0
91.11627561154897 6e-05 0.0
95.45484566618343 6e-05 0.0
100.0 6e-05 0.0
1.0 7e-05 19.44474217846024
1.0476157527896648 7e-05 19.4345306114526
1.0974987654930561 7e-05 19.423820699127347
1.1497569953977358 7e-05 19.412585741537303
1.204503540258782 7e-05 19.40080401977398
1.2618568830660204 7e-05 19.388441839645346
1.321941148466029 7e-05 19.37545712938503
1.384886371393873 7e-05 19.361838043199285
1.4508287784959397 7e-05 19.347549061764234
1.5199110829529339 7e-05 19.332548032497048
1.5922827933410924 7e-05 19.31680270167648
1.6681005372000588 7e-05 19.300283718135095
1.7475284000076838 7e-05 19.282941228393145
1.8307382802953682 7e-05 19.264741541633352
1.9179102616724888 7e-05 19.245623719253373
2.0092330025650473 7e-05 19.22556059465181
2.1049041445120205 7e-05 19.204487590402376
2.205130739903046 7e-05 19.182356509114484
2.3101297000831598 7e-05 19.159113472120538
2.420128264794382 7e-05 19.13471222536728
2.535364493970112 7e-05 19.109087529395893
2.6560877829466865 7e-05 19.08216960406618
2.7825594022071245 7e-05 19.05387994360918
2.915053062825177 7e-05 19.024171300718
3.0538555088334154 7e-05 18.99296999364969
3.1992671377973836 7e-05 18.96020245991374
3.3516026509388426 7e-05 18.925774387014254
3.5111917342151315 7e-05 18.889598706269815
3.678379771828634 7e-05 18.85161352068281
3.8535285937105295 7e-05 18.81172993718861
4.0370172585965545 7e-05 18.76981989929658
4.229242874389499 7e-05 18.72582082941099
4.430621457583881 7e-05 18.67964716583914
4.641588833612779 7e-05 18.63117775783301
4.862601580065355 7e-05 18.580311684051978
5.09413801481638 7e-05 18.526994363993584
5.3366992312063095 7e-05 18.47108171491232
5.590810182512223 7e-05 18.412503598135714
5.857020818056667 7e-05 18.351191519745647
6.135907273413174 7e-05 18.287032449169505
6.428073117284322 7e-05 18.219981033211308
6.734150657750822 7e-05 18.149912648366623
7.054802310718643 7e-05 18.0767884012544
7.390722033525779 7e-05 18.000516606730514
7.742636826811272 7e-05 17.921128544412827
8.111308307896872 7e-05 17.83869871613757
8.497534359086444 7e-05 17.740104465931083
8.902150854450388 7e-05 17.53778965179861
9.326033468832199 7e-05 17.324988737790907
9.770099572992253 7e-05 17.101328137030215
10.235310218990262 7e-05 16.866434594256052
10.722672220103236 7e-05 16.62006645629397
11.233240329780276 7e-05 16.36197286160839
11.768119524349986 7e-05 16.092011593432662
12.328467394420665 7e-05 15.810160589450192
12.91549665014884 7e-05 15.516505625785898
13.530477745798075 7e-05 15.211458024665815
14.174741629268055 7e-05 14.895821034976384
14.84968262254465 7e-05 14.57099772886569
15.556761439304724 7e-05 14.204750038979594
16.297508346206442 7e-05 13.640265073971664
17.073526474706913 7e-05 13.242208512061696
17.886495290574352 7e-05 12.688339934145693
18.738174228603846 7e-05 12.091924937371415
19.630406500402714 7e-05 11.540108436126038
20.565123083486515 7e-05 10.816306275256403
21.544346900318843 7e-05 10.269139805853348
22.5701971963392 7e-05 9.510961141089222
23.644894126454084 7e-05 8.975069389540785
24.770763559917114 7e-05 8.360310419842579
25.950242113997373 7e-05 7.716854947917349
27.185882427329414 7e-05 7.129251375989937
28.48035868435802 7e-05 6.273640517300962
29.8364724028334 7e-05 5.6451270199153445
31.25715849688237 7e-05 5.092849504293736
32.7454916287773 7e-05 4.511745887064636
34.30469286314919 7e-05 3.8359869187973357
35.938136638046274 7e-05 3.327229779737293
37.64935806792469 7e-05 2.7800663629702487
39.44206059437656 7e-05 2.360512421476909
41.32012400115339 7e-05 1.9405157358853553
43.287612810830595 7e-05 1.4804241114123582
45.34878508128585 7e-05 1.0116953792262626
47.50810162102798 7e-05 0.6002074420131389
49.77023564332111 7e-05 0.0
52.14008287999687 7e-05 0.0
54.62277217684342 7e-05 0.0
57.2236765935022 7e-05 0.0
59.94842503189412 7e-05 0.0
62.80291441834257 7e-05 0.0
65.79332246575683 7e-05 0.0
68.92612104349698 7e-05 0.0
72.20809018385468 7e-05 0.0
75.6463327554629 7e-05 0.0
79.24828983539177 7e-05 0.0
83.02175681319748 7e-05 0.0
86.97490026177834 7e-05 0.0
91.11627561154897 7e-05 0.0
95.45484566618343 7e-05 0.0
100.0 7e-05 0.0
1.0 8e-05 24.495906061152343
1.0476157527896648 8e-05 24.483517931462856
1.0974987654930561 8e-05 24.4705249295363
1.1497569953977358 8e-05 24.456894623076728
1.204503540258782 8e-05 24.442600591059325
1.2618568830660204 8e-05 24.42760141661003
1.321941148466029 8e-05 24.411847821759064
1.384886371393873 8e-05 24.395323297696123
1.4508287784959397 8e-05 24.37798534346018
1.5199110829529339 8e-05 24.359782840575445
1.5922827933410924 8e-05 24.340676595587663
1.6681005372000588 8e-05 24.320630740745557
1.7475284000076838 8e-05 24.2995846964507
1.8307382802953682 8e-05 24.277497446294284
1.9179102616724888 8e-05 24.25429503012202
2.0092330025650473 8e-05 24.22994407322286
2.1049041445120205 8e-05 24.20436609666085
2.205130739903046 8e-05 24.177502682242547
2.3101297000831598 8e-05 24.14928789106036
2.420128264794382 8e-05 24.119665020186826
2.535364493970112 8e-05 24.088555058984713
2.6560877829466865 8e-05 24.055872846256964
2.7825594022071245 8e-05 24.021522760251017
2.915053062825177 8e-05 23.98544700706974
3.0538555088334154 8e-05 23.947555329109083
3.1992671377973836 8e-05 23.90775816155959
3.3516026509388426 8e-05 23.865940826400667
3.5111917342151315 8e-05 23.821996229594614
3.678379771828634 8e-05 23.775848715450447
3.8535285937105295 8e-05 23.72738946201317
4.0370172585965545 8e-05 23.676462417621604
4.229242874389499 8e-05 23.62299015229258
4.430621457583881 8e-05 23.56686745318107
4.641588833612779 8e-05 23.507946476390018
4.862601580065355 8e-05 23.446102528558352
5.09413801481638 8e-05 23.38126819028205
5.3366992312063095 8e-05 23.313266952379962
5.590810182512223 8e-05 23.242011090600926
5.857020818056667 8e-05 23.16741600838165
6.135907273413174 8e-05 23.08934171696204
6.428073117284322 8e-05 23.00773139078182
6.734150657750822 8e-05 22.922430747656527
7.054802310718643 8e-05 22.83338993098873
7.390722033525779 8e-05 22.74049511764447
7.742636826811272 8e-05 22.643781725033563
8.111308307896872 8e-05 22.543338789348574
8.497534359086444 8e-05 22.423105738744553
8.902150854450388 8e-05 22.17587145917004
9.326033468832199 8e-05 21.915627012239646
9.770099572992253 8e-05 21.641881837314724
10.235310218990262 8e-05 21.354140774093942
10.722672220103236 8e-05 21.052066793153603
11.233240329780276 8e-05 20.735305156244902
11.768119524349986 8e-05 20.403631221291025
12.328467394420665 8e-05 20.056962942332234
12.91549665014884 8e-05 19.69534684987996
13.530477745798075 8e-05 19.31922675778349
14.174741629268055 8e-05 18.92952991725198
14.84968262254465 8e-05 18.527933151614082
15.556761439304724 8e-05 18.073858522105276
16.297508346206442 8e-05 17.364818638033952
17.073526474706913 8e-05 16.87050887163547
17.886495290574352 8e-05 16.17954095864148
18.738174228603846 8e-05 15.428921753886549
19.630406500402714 8e-05 14.74049296242418
20.565123083486515 8e-05 13.827187381867097
21.544346900318843 8e-05 13.142798428684147
22.5701971963392 8e-05 12.184176902209153
23.644894126454084 8e-05 11.510359674530752
24.770763559917114 8e-05 10.728442635857004
25.950242113997373 8e-05 9.915449695322113
27.185882427329414 8e-05 9.166547397822091
28.48035868435802 8e-05 8.077371162105404
29.8364724028334 8e-05 7.278736566265015
31.25715849688237 8e-05 6.57099600746548
32.7454916287773 8e-05 5.824954593544264
34.30469286314919 8e-05 4.957619577076899
35.938136638046274 8e-05 4.305220268085776
37.64935806792469 8e-05 3.6007451298691002
39.44206059437656 8e-05 3.05893047432385
41.32012400115339 8e-05 2.515517546122337
43.287612810830595 8e-05 1.9198601493443774
45.34878508128585 8e-05 1.3124275462774733
47.50810162102798 8e-05 0.7788771832101298
49.77023564332111 8e-05 0.0
52.14008287999687 8e-05 0.0
54.62277217684342 8e-05 0.0
57.2236765935022 8e-05 0.0
59.94842503189412 8e-05 0.0
62.80291441834257 8e-05 0.0
65.79332246575683 8e-05 0.0
68.92612104349698 8e-05 0.0
72.20809018385468 8e-05 0.0
75.6463327554629 8e-05 0.0
79.24828983539177 8e-05 0.0
83.02175681319748 8e-05 0.0
86.97490026177834 8e-05 0.0
91.11627561154897 8e-05 0.0
95.45484566618343 8e-05 0.0
100.0 8e-05 0.0
1.0 9e-05 29.904656163348918
1.0476157527896648 9e-05 29.89006703821665
1.0974987654930561 9e-05 29.87476526801408
1.1497569953977358 9e-05 29.858712570916047
1.204503540258782 9e-05 29.841877749011562
1.2618568830660204 9e-05 29.8242129289878
1.321941148466029 9e-05 29.805657084792518
1.384886371393873 9e-05 29.7861935009686
1.4508287784959397 9e-05 29.76577120374093
1.5199110829529339 9e-05 29.744329599542425
1.5922827933410924 9e-05 29.72182256472834
1.6681005372000588 9e-05 29.698207683861654
1.7475284000076838 9e-05 29.67341348211477
1.8307382802953682 9e-05 29.647391586264664
1.9179102616724888 9e-05 29.6200547397193
2.0092330025650473 9e-05 29.59136296714687
2.1049041445120205 9e-05 29.56122396716034
2.205130739903046 9e-05 29.529567894109128
2.3101297000831598 9e-05 29.496317531304957
2.420128264794382 9e-05 29.461405967557194
2.535364493970112 9e-05 29.42473948572552
2.6560877829466865 9e-05 29.38621678340475
2.7825594022071245 9e-05 29.345724768947726
2.915053062825177 9e-05 29.30319489785406
3.0538555088334154 9e-05 29.258520782374813
3.1992671377973836 9e-05 29.2115963512857
3.3516026509388426 9e-05 29.16228417519108
3.5111917342151315 9e-05 29.110458253491934
3.678379771828634 9e-05 29.056028618388225
3.8535285937105295 9e-05 28.998865835000263
4.0370172585965545 9e-05 28.938784016872635
4.229242874389499 9e-05 28.87569086128172
4.430621457583881 9e-05 28.80946178366441
4.641588833612779 9e-05 28.73991943080211
4.862601580065355 9e-05 28.666915269104166
5.09413801481638 9e-05 28.590368162459775
5.3366992312063095 9e-05 28.510066913238862
5.590810182512223 9e-05 28.425906057598276
5.857020818056667 9e-05 28.33778293434523
6.135907273413174 9e-05 28.245528859606384
6.428073117284322 9e-05 28.149073434576028
6.734150657750822 9e-05 28.048231096917192
7.054802310718643 9e-05 27.942939239631936
7.390722033525779 9e-05 27.833058053306
7.742636826811272 9e-05 27.718625538284332
8.111308307896872 9e-05 27.599739641648256
8.497534359086444 9e-05 27.457312906767484
8.902150854450388 9e-05 27.163875991712246
9.326033468832199 9e-05 26.85478642617009
9.770099572992253 9e-05 26.529422127795527
10.235310218990262 9e-05 26.18714947250206
10.722672220103236 9e-05 25.827518343284282
11.233240329780276 9e-05 25.450048890050034
11.768119524349986 9e-05 25.05441070229015
12.328467394420665 9e-05 24.640434488013767
12.91549665014884 9e-05 24.208098590321203
13.530477745798075 9e-05 23.75784712622541
14.174741629268055 9e-05 23.29070136949033
14.84968262254465 9e-05 22.808602843145675
15.556761439304724 9e-05 22.26206116754232
16.297508346206442 9e-05 21.398555822287847
17.073526474706913 9e-05 20.804100629011156
17.886495290574352 9e-05 19.969854970211895
18.738174228603846 9e-05 19.05461097262278
19.630406500402714 9e-05 18.223364857826205
20.565123083486515 9e-05 17.10710739247158
21.544346900318843 9e-05 16.278007788360167
22.5701971963392 9e-05 15.103084499905668
23.644894126454084 9e-05 14.282814405354854
24.770763559917114 9e-05 13.321362301052504
25.950242113997373 9e-05 12.329220980306903
27.185882427329414 9e-05 11.407312013228752
28.48035868435802 9e-05 10.066566816164501
29.8364724028334 9e-05 9.087004651900605
31.25715849688237 9e-05 8.210919359519051
32.7454916287773 9e-05 7.284118814968478
34.30469286314919 9e-05 6.206613016610848
35.938136638046274 9e-05 5.3975771618859785
37.64935806792469 9e-05 4.518630991862236
39.44206059437656 9e-05 3.8407481849584677
41.32012400115339 9e-05 3.1600011644035644
43.287612810830595 9e-05 2.4132708257190827
45.34878508128585 9e-05 1.6510021086143647
47.50810162102798 9e-05 0.9800406926496777
49.77023564332111 9e-05 0.0
52.14008287999687 9e-05 0.0
54.62277217684342 9e-05 0.0
57.2236765935022 9e-05 0.0
59.94842503189412 9e-05 0.0
62.80291441834257 9e-05 0.0
65.79332246575683 9e-05 0.0
68.92612104349698 9e-05 0.0
72.20809018385468 9e-05 0.0
75.6463327554629 9e-05 0.0
79.24828983539177 9e-05 0.0
83.02175681319748 9e-05 0.0
86.97490026177834 9e-05 0.0
91.11627561154897 9e-05 0.0
95.45484566618343 9e-05 0.0
100.0 9e-05 0.0
1.0 0.0001 35.54203466689475
1.0476157527896648 0.0001 35.5252488051968
1.0974987654930561 0.0001 35.50764289081299
1.1497569953977358 0.0001 35.489172952430046
1.204503540258782 0.0001 35.46980391726769
1.2618568830660204 0.0001 35.449477553282456
1.321941148466029 0.0001 35.42812701012306
1.384886371393873 0.0001 35.40573171526414
1.4508287784959397 0.0001 35.38223317866607
1.5199110829529339 0.0001 35.35756166063958
1.5922827933410924 0.0001 35.33166387543954
1.6681005372000588 0.0001 35.3044908064449
1.7475284000076838 0.0001 35.27596040889523
1.8307382802953682 0.0001 35.24601650834683
1.9179102616724888 0.0001 35.21455942114212
2.0092330025650473 0.0001 35.18154245978922
2.1049041445120205 0.0001 35.14685986634312
2.205130739903046 0.0001 35.11043083429752
2.3101297000831598 0.0001 35.072165965264496
2.420128264794382 0.0001 35.031988076258514
2.535364493970112 0.0001 34.98978953835133
2.6560877829466865 0.0001 34.94545371847008
2.7825594022071245 0.0001 34.898850483512106
2.915053062825177 0.0001 34.84989974658781
3.0538555088334154 0.0001 34.798478823076536
3.1992671377973836 0.0001 34.744465617380904
3.3516026509388426 0.0001 34.68770244333415
3.5111917342151315 0.0001 34.62804255403915
3.678379771828634 0.0001 34.565381792558256
3.8535285937105295 0.0001 34.49957096789373
4.0370172585965545 0.0001 34.43039626946562
4.229242874389499 0.0001 34.3577493638632
4.430621457583881 0.0001 34.28148568176473
4.641588833612779 0.0001 34.201401783884144
4.862601580065355 0.0001 34.11732376500947
5.09413801481638 0.0001 34.029157407077804
5.3366992312063095 0.0001 33.93665884368815
5.590810182512223 0.0001 33.83970393723322
5.857020818056667 0.0001 33.73817397232483
6.135907273413174 0.0001 33.63187106630069
6.428073117284322 0.0001 33.52071433825496
6.734150657750822 0.0001 33.40448655077114
7.054802310718643 0.0001 33.28311472656208
7.390722033525779 0.0001 33.1564352741243
7.742636826811272 0.0001 33.024490889621596
8.111308307896872 0.0001 32.887393017106675
8.497534359086444 0.0001 32.72317127584645
8.902150854450388 0.0001 32.38502198638374
9.326033468832199 0.0001 32.02862330183463
9.770099572992253 0.0001 31.653220052046056
10.235310218990262 0.0001 31.258037035410528
10.722672220103236 0.0001 30.842508484497067
11.233240329780276 0.0001 30.406026164974683
11.768119524349986 0.0001 29.948150024215046
12.328467394420665 0.0001 29.46862182369279
12.91549665014884 0.0001 28.96734922743078
13.530477745798075 0.0001 28.444778917265715
14.174741629268055 0.0001 27.902031475457235
14.84968262254465 0.0001 27.3413201557281
15.556761439304724 0.0001 26.703832170758275
16.297508346206442 0.0001 25.6814010074447
17.073526474706913 0.0001 24.987545436414447
17.886495290574352 0.0001 24.00867819062411
18.738174228603846 0.0001 22.923953486823528
19.630406500402714 0.0001 21.949471387209382
20.565123083486515 0.0001 20.623476266913343
21.544346900318843 0.0001 19.64956811457292
22.5701971963392 0.0001 18.251398779782676
23.644894126454084 0.0001 17.28254995643034
24.770763559917114 0.0001 16.129783556511057
25.950242113997373 0.0001 14.949599698405947
27.185882427329414 0.0001 13.842065512353606
28.48035868435802 0.0001 12.23236845506008
29.8364724028334 0.0001 11.0585912876426
31.25715849688237 0.0001 9.998637278031179
32.7454916287773 0.0001 8.876971074038368
34.30469286314919 0.0001 7.573033089528466
35.938136638046274 0.0001 6.595454842477827
37.64935806792469 0.0001 5.526303891301565
39.44206059437656 0.0001 4.6998932144843755
41.32012400115339 0.0001 3.8694510890900506
43.287612810830595 0.0001 2.9576902172202537
45.34878508128585 0.0001 2.0256290853122336
47.50810162102798 0.0001 1.2034151332645666
49.77023564332111 0.0001 0.0
52.14008287999687 0.0001 0.0
54.62277217684342 0.0001 0.0
57.2236765935022 0.0001 0.0
59.94842503189412 0.0001 0.0
62.80291441834257 0.0001 0.0
65.79332246575683 0.0001 0.0
68.92612104349698 0.0001 0.0
72.20809018385468 0.0001 0.0
75.6463327554629 0.0001 0.0
79.24828983539177 0.0001 0.0
83.02175681319748 0.0001 0.0
86.97490026177834 0.0001 0.0
91.11627561154897 0.0001 0.0
95.45484566618343 0.0001 0.0
100.0 0.0001 0.0
1.0 0.0002 99.71913508380018
1.0476157527896648 0.0002 99.67948394065354
1.0974987654930561 0.0002 99.63792636531684
1.1497569953977358 0.0002 99.59437019399078
1.204503540258782 0.0002 99.54872495296111
1.2618568830660204 0.0002 99.50088283480278
1.321941148466029 0.0002 99.45073753601147
1.384886371393873 0.0002 99.39816823155289
1.4508287784959397 0.0002 99.34305376821163
1.5199110829529339 0.0002 99.28528391384295
1.5922827933410924 0.0002 99.22471237900197
1.6681005372000588 0.0002 99.16121082371109
1.7475284000076838 0.0002 99.09466312095509
1.8307382802953682 0.0002 99.02491105409156
1.9179102616724888 0.0002 98.95178848758424
2.0092330025650473 0.0002 98.87516843460642
2.1049041445120205 0.0002 98.79481260360656
2.205130739903046 0.0002 98.71056181750669
2.3101297000831598 0.0002 98.62225251206267
2.420128264794382 0.0002 98.52972765080939
2.535364493970112 0.0002 98.43274749694518
2.6560877829466865 0.0002 98.33105772936668
2.7825594022071245 0.0002 98.22445524999573
2.915053062825177 0.0002 98.11272474870913
3.0538555088334154 0.0002 97.99563517685104
3.1992671377973836 0.0002 97.8729586321816
3.3516026509388426 0.0002 97.74439024298925
3.5111917342151315 0.0002 97.60966023443743
3.678379771828634 0.0002 97.46857776650837
3.8535285937105295 0.0002 97.3208070962248
4.0370172585965545 0.0002 97.16610362497579
4.229242874389499 0.0002 97.00416209261599
4.430621457583881 0.0002 96.83468340563331
4.641588833612779 0.0002 96.6573724946211
4.862601580065355 0.0002 96.47195243612099
5.09413801481638 0.0002 96.27823903264111
5.3366992312063095 0.0002 96.07595515527
5.590810182512223 0.0002 95.864837609532
5.857020818056667 0.0002 95.64475878875032
6.135907273413174 0.0002 95.4154484466957
6.428073117284322 0.0002 95.17706951975957
6.734150657750822 0.0002 94.92962602567157
7.054802310718643 0.0002 94.6732773578112
7.390722033525779 0.0002 94.40827861491718
7.742636826811272 0.0002 94.13525400719514
8.111308307896872 0.0002 93.85508098775315
8.497534359086444 0.0002 93.50692451112869
8.902150854450388 0.0002 92.68337976636842
9.326033468832199 0.0002 91.8208158508577
9.770099572992253 0.0002 90.91808598879106
10.235310218990262 0.0002 89.97409993918293
10.722672220103236 0.0002 88.98862169873568
11.233240329780276 0.0002 87.96156216085954
11.768119524349986 0.0002 86.8928907601657
12.328467394420665 0.0002 85.78417030134347
12.91549665014884 0.0002 84.63696864945105
13.530477745798075 0.0002 83.45569431465117
14.174741629268055 0.0002 82.24637155110885
14.84968262254465 0.0002 81.02226393109154
15.556761439304724 0.0002 79.63690211894738
16.297508346206442 0.0002 76.85897489430931
17.073526474706913 0.0002 75.1201980663233
17.886495290574352 0.0002 72.60704121292167
18.738174228603846 0.0002 69.56468761052476
19.630406500402714 0.0002 67.1451665052755
20.565123083486515 0.0002 63.47752507482933
21.544346900318843 0.0002 61.12497737294582
22.5701971963392 0.0002 57.367485867990965
23.644894126454084 0.0002 55.02141622729905
24.770763559917114 0.0002 51.540586366723566
25.950242113997373 0.0002 48.28815030952801
27.185882427329414 0.0002 44.97272598808568
28.48035868435802 0.0002 40.25889150180396
29.8364724028334 0.0002 37.096701434918884
31.25715849688237 0.0002 33.959510973923315
32.7454916287773 0.0002 30.29619724991023
34.30469286314919 0.0002 26.074161885632027
35.938136638046274 0.0002 23.0492752675176
37.64935806792469 0.0002 19.583881104745963
39.44206059437656 0.0002 16.80525675372191
41.32012400115339 0.0002 13.914309763045267
43.287612810830595 0.0002 10.739091589112592
45.34878508128585 0.0002 7.499880003259643
47.50810162102798 0.0002 4.520033073891699
49.77023564332111 0.0002 0.0
52.14008287999687 0.0002 0.0
54.62277217684342 0.0002 0.0
57.2236765935022 0.0002 0.0
59.94842503189412 0.0002 0.0
62.80291441834257 0.0002 0.0
65.79332246575683 0.0002 0.0
68.92612104349698 0.0002 0.0
72.20809018385468 0.0002 0.0
75.6463327554629 0.0002 0.0
79.24828983539177 0.0002 0.0
83.02175681319748 0.0002 0.0
86.97490026177834 0.0002 0.0
91.11627561154897 0.0002 0.0
95.45484566618343 0.0002 0.0
100.0 0.0002 0.0
1.0 0.0003 17.56035194050716
1.0476157527896648 0.0003 17.666849363434654
1.0974987654930561 0.0003 17.819708338661716
1.1497569953977358 0.0003 18.02018512836445
1.204503540258782 0.0003 18.268703413812943
1.2618568830660204 0.0003 18.569075954185532
1.321941148466029 0.0003 18.91881388181545
1.384886371393873 0.0003 19.31885826466865
1.4508287784959397 0.0003 19.770249323819524
1.5199110829529339 0.0003 20.270359637412078
1.5922827933410924 0.0003 20.82153136438046
1.6681005372000588 0.0003 21.418868013108263
1.7475284000076838 0.0003 22.065318997884564
1.8307382802953682 0.0003 22.758269851681227
1.9179102616724888 0.0003 23.49985063811564
2.0092330025650473 0.0003 24.287036820550675
2.1049041445120205 0.0003 25.120041833383926
2.205130739903046 0.0003 25.997270770325184
2.3101297000831598 0.0003 26.91913762259806
2.420128264794382 0.0003 27.884432389113673
2.535364493970112 0.0003 28.89305850363265
2.6560877829466865 0.0003 29.94505736913014
2.7825594022071245 0.0003 31.040246716346264
2.915053062825177 0.0003 32.178086855315726
3.0538555088334154 0.0003 33.35817776108091
3.1992671377973836 0.0003 34.58137354909199
3.3516026509388426 0.0003 35.84824012825176
3.5111917342151315 0.0003 37.15767320653776
3.678379771828634 0.0003 38.51144515049942
3.8535285937105295 0.0003 39.90892827707613
4.0370172585965545 0.0003 41.35407200086767
4.229242874389499 0.0003 42.84346630177449
4.430621457583881 0.0003 44.38238430008574
4.641588833612779 0.0003 45.967562905209846
4.862601580065355 0.0003 47.601761652696865
5.09413801481638 0.0003 49.287145231352234
5.3366992312063095 0.0003 51.02423915346969
5.590810182512223 0.0003 52.814717642164844
5.857020818056667 0.0003 54.66101535596625
6.135907273413174 0.0003 56.56582575449192
6.428073117284322 0.0003 58.531259582423154
6.734150657750822 0.0003 60.56060551618919
7.054802310718643 0.0003 62.6570609228927
7.390722033525779 0.0003 64.82668672903603
7.742636826811272 0.0003 67.0717963735907
8.111308307896872 0.0003 69.40173005087895
8.497534359086444 0.0003 71.50017896010675
8.902150854450388 0.0003 72.06535355795158
9.326033468832199 0.0003 73.68672377870298
9.770099572992253 0.0003 76.08504372258051
10.235310218990262 0.0003 79.0794063919484
10.722672220103236 0.0003 82.55497268230494
11.233240329780276 0.0003 86.4309533803929
11.768119524349986 0.0003 90.65081729159269
12.328467394420665 0.0003 95.18265376017554
12.91549665014884 0.0003 100.0097667230605
13.530477745798075 0.0003 105.13006305937765
14.174741629268055 0.0003 110.55724260117725
14.84968262254465 0.0003 116.32543695901808
15.556761439304724 0.0003 122.19240550232436
16.297508346206442 0.0003 121.6295897369956
17.073526474706913 0.0003 119.79669552287929
17.886495290574352 0.0003 116.85639516486756
18.738174228603846 0.0003 112.90663977198868
19.630406500402714 0.0003 110.61880054333949
20.565123083486515 0.0003 106.11895428363314
21.544346900318843 0.0003 104.50796664926675
22.5701971963392 0.0003 100.56293237729005
23.644894126454084 0.0003 98.9042198833698
24.770763559917114 0.0003 93.02390380819479
25.950242113997373 0.0003 87.8808684670247
27.185882427329414 0.0003 82.2328064349689
28.48035868435802 0.0003 74.29001482030674
29.8364724028334 0.0003 69.18599246782885
31.25715849688237 0.0003 63.68158194581083
32.7454916287773 0.0003 57.22668512539277
34.30469286314919 0.0003 49.809463799217184
35.938136638046274 0.0003 44.70567956300595
37.64935806792469 0.0003 38.44422545500727
39.44206059437656 0.0003 33.23650362732144
41.32012400115339 0.0003 27.699864193680607
43.287612810830595 0.0003 21.560769236879114
45.34878508128585 0.0003 15.210878557252716
47.50810162102798 0.0003 9.2675693650743
49.77023564332111 0.0003 0.0
52.14008287999687 0.0003 0.0
54.62277217684342 0.0003 0.0
57.2236765935022 0.0003 0.0
59.94842503189412 0.0003 0.0
62.80291441834257 0.0003 0.0
65.79332246575683 0.0003 0.0
68.92612104349698 0.0003 0.0
72.20809018385468 0.0003 0.0
75.6463327554629 0.0003 0.0
79.24828983539177 0.0003 0.0
83.02175681319748 0.0003 0.0
86.97490026177834 0.0003 0.0
91.11627561154897 0.0003 0.0
95.45484566618343 0.0003 0.0
100.0 0.0003 0.0
1.0 0.0004 0.0
1.0476157527896648 0.0004 0.0
1.0974987654930561 0.0004 0.0
1.1497569953977358 0.0004 0.0
1.204503540258782 0.0004 0.0
1.2618568830660204 0.0004 0.0
1.321941148466029 0.0004 0.0
1.384886371393873 0.0004 0.0
1.4508287784959397 0.0004 0.0
1.5199110829529339 0.0004 0.0
1.5922827933410924 0.0004 0.0
1.6681005372000588 0.0004 0.0
1.7475284000076838 0.0004 0.0
1.8307382802953682 0.0004 0.0
1.9179102616724888 0.0004 0.0
2.0092330025650473 0.0004 0.0
2.1049041445120205 0.0004 0.0
2.205130739903046 0.0004 0.0
2.3101297000831598 0.0004 0.0
2.420128264794382 0.0004 0.0
2.535364493970112 0.0004 0.0
2.6560877829466865 0.0004 0.0
2.7825594022071245 0.0004 0.0
2.915053062825177 0.0004 0.0
3.0538555088334154 0.0004 0.0
3.1992671377973836 0.0004 0.0
3.3516026509388426 0.0004 0.0
3.5111917342151315 0.0004 0.0
3.678379771828634 0.0004 0.0
3.8535285937105295 0.0004 0.0
4.0370172585965545 0.0004 0.0
4.229242874389499 0.0004 0.0
4.430621457583881 0.0004 0.0
4.641588833612779 0.0004 0.0
4.862601580065355 0.0004 0.0
5.09413801481638 0.0004 0.0
5.3366992312063095 0.0004 0.0
5.590810182512223 0.0004 0.0
5.857020818056667 0.0004 0.0
6.135907273413174 0.0004 0.0
6.428073117284322 0.0004 0.0
6.734150657750822 0.0004 0.0
7.054802310718643 0.0004 0.0
7.390722033525779 0.0004 0.0
7.742636826811272 0.0004 0.0
8.111308307896872 0.0004 0.0
8.497534359086444 0.0004 0.38050318324126986
8.902150854450388 0.0004 3.352216042576803
9.326033468832199 0.0004 6.094651362233853
9.770099572992253 0.0004 8.70641670747533
10.235310218990262 0.0004 11.254593132983643
10.722672220103236 0.0004 13.795298527228265
11.233240329780276 0.0004 16.37653738044831
11.768119524349986 0.0004 19.050611566856638
12.328467394420665 0.0004 21.87902276623326
12.91549665014884 0.0004 24.942894622604946
13.530477745798075 0.0004 28.3597376852099
14.174741629268055 0.0004 32.32136300209497
14.84968262254465 0.0004 37.190934675981524
15.556761439304724 0.0004 42.40630243468498
16.297508346206442 0.0004 32.11039992206703
17.073526474706913 0.0004 41.52359517143389
17.886495290574352 0.0004 42.884442327975954
18.738174228603846 0.0004 37.768185101425914
19.630406500402714 0.0004 44.254124845269246
20.565123083486515 0.0004 36.3554005069611
21.544346900318843 0.0004 44.53705849007654
22.5701971963392 0.0004 39.21495948559803
23.644894126454084 0.0004 43.52617714174802
24.770763559917114 0.0004 38.40285027135583
25.950242113997373 0.0004 40.07952951663553
27.185882427329414 0.0004 39.98944697909657
28.48035868435802 0.0004 32.296027096001474
29.8364724028334 0.0004 37.888783343527486
31.25715849688237 0.0004 36.58420918463003
32.7454916287773 0.0004 30.891562429615423
34.30469286314919 0.0004 25.67322846844869
35.938136638046274 0.0004 34.18269728099246
37.64935806792469 0.0004 38.006447347953994
39.44206059437656 0.0004 35.799033639487774
41.32012400115339 0.0004 29.68229215259293
43.287612810830595 0.0004 24.693195899479665
45.34878508128585 0.0004 22.78342721127244
47.50810162102798 0.0004 15.174903648599445
49.77023564332111 0.0004 0.0
52.14008287999687 0.0004 0.0
54.62277217684342 0.0004 0.0
57.2236765935022 0.0004 0.0
59.94842503189412 0.0004 0.0
62.80291441834257 0.0004 0.0
65.79332246575683 0.0004 0.0
68.92612104349698 0.0004 0.0
72.20809018385468 0.0004 0.0
75.6463327554629 0.0004 0.0
79.24828983539177 0.0004 0.0
83.02175681319748 0.0004 0.0
86.97490026177834 0.0004 0.0
91.11627561154897 0.0004 0.0
95.45484566618343 0.0004 0.0
100.0 0.0004 0.0
1.0 0.0005 0.0
1.0476157527896648 0.0005 0.0
1.0974987654930561 0.0005 0.0
1.1497569953977358 0.0005 0.0
1.204503540258782 0.0005 0.0
1.2618568830660204 0.0005 0.0
1.321941148466029 0.0005 0.0
1.384886371393873 0.0005 0.0
1.4508287784959397 0.0005 0.0
1.5199110829529339 0.0005 0.0
1.5922827933410924 0.0005 0.0
1.6681005372000588 0.0005 0.0
1.7475284000076838 0.0005 0.0
1.8307382802953682 0.0005 0.0
1.9179102616724888 0.0005 0.0
2.0092330025650473 0.0005 0.0
2.1049041445120205 0.0005 0.0
2.205130739903046 0.0005 0.0
2.3101297000831598 0.0005 0.0
2.420128264794382 0.0005 0.0
2.535364493970112 0.0005 0.0
2.6560877829466865 0.0005 0.0
2.7825594022071245 0.0005 0.0
2.915053062825177 0.0005 0.0
3.0538555088334154 0.0005 0.0
3.1992671377973836 0.0005 0.0
3.3516026509388426 0.0005 0.0
3.5111917342151315 0.0005 0.0
3.678379771828634 0.0005 0.0
3.8535285937105295 0.0005 0.0
4.0370172585965545 0.0005 0.0
4.229242874389499 0.0005 0.0
4.430621457583881 0.0005 0.0
4.641588833612779 0.0005 0.0
4.862601580065355 0.0005 0.0
5.09413801481638 0.0005 0.0
5.3366992312063095 0.0005 0.0
5.590810182512223 0.0005 0.0
5.857020818056667 0.0005 0.0
6.135907273413174 0.0005 0.0
6.428073117284322 0.0005 0.0
6.734150657750822 0.0005 0.0
7.054802310718643 0.0005 0.0
7.390722033525779 0.0005 0.0
7.742636826811272 0.0005 0.0
8.111308307896872 0.0005 0.0
8.497534359086444 0.0005 0.08280006633855629
8.902150854450388 0.0005 0.8132525495019547
9.326033468832199 0.0005 1.6275961091833715
9.770099572992253 0.0005 2.535836954046477
10.235310218990262 0.0005 3.549672182866963
10.722672220103236 0.0005 4.685361377219353
11.233240329780276 0.0005 5.963713425687476
11.768119524349986 0.0005 7.417031966762286
12.328467394420665 0.0005 9.087579261814804
12.91549665014884 0.0005 11.044169474020137
13.530477745798075 0.0005 13.39862476009549
14.174741629268055 0.0005 16.355382101269495
14.84968262254465 0.0005 20.35533287140872
15.556761439304724 0.0005 23.105882719739633
16.297508346206442 0.0005 5.106623705815279
17.073526474706913 0.0005 17.896641061766946
17.886495290574352 0.0005 27.575541647448365
18.738174228603846 0.0005 26.08860900530795
19.630406500402714 0.0005 35.40993704946152
20.565123083486515 0.0005 30.300908162588133
21.544346900318843 0.0005 36.536244467502826
22.5701971963392 0.0005 17.436930810028596
23.644894126454084 0.0005 20.19539856111516
24.770763559917114 0.0005 16.918382443561658
25.950242113997373 0.0005 29.074866560742564
27.185882427329414 0.0005 33.327408150218
28.48035868435802 0.0005 28.101314063016805
29.8364724028334 0.0005 29.044264205422994
31.25715849688237 0.0005 16.743559225573087
32.7454916287773 0.0005 15.6344201508273
34.30469286314919 0.0005 18.412609651169216
35.938136638046274 0.0005 24.44939258338672
37.64935806792469 0.0005 19.016935252963663
39.44206059437656 0.0005 12.412160461462616
41.32012400115339 0.0005 15.259142820954345
43.287612810830595 0.0005 16.45894048194826
45.34878508128585 0.0005 9.801872204048262
47.50810162102798 0.0005 7.025684594911428
49.77023564332111 0.0005 0.0
52.14008287999687 0.0005 0.0
54.62277217684342 0.0005 0.0
57.2236765935022 0.0005 0.0
59.94842503189412 0.0005 0.0
62.80291441834257 0.0005 0.0
65.79332246575683 0.0005 0.0
68.92612104349698 0.0005 0.0
72.20809018385468 0.0005 0.0
75.6463327554629 0.0005 0.0
79.24828983539177 0.0005 0.0
83.02175681319748 0.0005 0.0
86.97490026177834 0.0005 0.0
91.11627561154897 0.0005 0.0
95.45484566618343 0.0005 0.0
100.0 0.0005 0.0
