1.0 2e-06 0.2845469139976771
1.0476157527896648 2e-06 0.284544954874074
1.0974987654930561 2e-06 0.2845428993931105
1.1497569953977358 2e-06 0.284540744469722
1.204503540258782 2e-06 0.28453848513807173
1.2618568830660204 2e-06 0.28453611448811894
1.321941148466029 2e-06 0.2845336272737867
1.384886371393873 2e-06 0.28453101698019895
1.4508287784959397 2e-06 0.28452828132360525
1.5199110829529339 2e-06 0.28452540923088115
1.5922827933410924 2e-06 0.28452239794184797
1.6681005372000588 2e-06 0.2845192376652926
1.7475284000076838 2e-06 0.28451592623999056
1.8307382802953682 2e-06 0.28451245235775174
1.9179102616724888 2e-06 0.28450880373361315
2.0092330025650473 2e-06 0.2845049748346962
2.1049041445120205 2e-06 0.28450095858635605
2.205130739903046 2e-06 0.2844967463270148
2.3101297000831598 2e-06 0.2844923250051618
2.420128264794382 2e-06 0.2844876876164694
2.535364493970112 2e-06 0.2844828248328275
2.6560877829466865 2e-06 0.28447772128033927
2.7825594022071245 2e-06 0.28447236790945407
2.915053062825177 2e-06 0.28446675350484807
3.0538555088334154 2e-06 0.2844608594830888
3.1992671377973836 2e-06 0.28445468246782935
3.3516026509388426 2e-06 0.2844482043963824
3.5111917342151315 2e-06 0.28444140777670596
3.678379771828634 2e-06 0.28443428612508437
3.8535285937105295 2e-06 0.2844268166157918
4.0370172585965545 2e-06 0.2844189955572295
4.229242874389499 2e-06 0.2844108075415355
4.430621457583881 2e-06 0.28440223972392653
4.641588833612779 2e-06 0.2843932777624755
4.862601580065355 2e-06 0.2843839228775457
5.09413801481638 2e-06 0.28437418000818876
5.3366992312063095 2e-06 0.28436403450624076
5.590810182512223 2e-06 0.2843534977932812
5.857020818056667 2e-06 0.2843369261373967
6.135907273413174 2e-06 0.28431080195890474
6.428073117284322 2e-06 0.28428346479632427
6.734150657750822 2e-06 0.28425488509352476
7.054802310718643 2e-06 0.2842250516886792
7.390722033525779 2e-06 0.2841939452310353
7.742636826811272 2e-06 0.2841615407037331
8.111308307896872 2e-06 0.2841278394912741
8.497534359086444 2e-06 0.28409284364069254
8.902150854450388 2e-06 0.28405660675331856
9.326033468832199 2e-06 0.2840192403980391
9.770099572992253 2e-06 0.283980952942368
10.235310218990262 2e-06 0.2839420172672325
10.722672220103236 2e-06 0.28389153470757617
11.233240329780276 2e-06 0.28382608580190655
11.768119524349986 2e-06 0.28375906204209767
12.328467394420665 2e-06 0.2836907591855851
12.91549665014884 2e-06 0.2836215735781202
13.530477745798075 2e-06 0.2835523600832811
14.174741629268055 2e-06 0.28348495835613996
14.84968262254465 2e-06 0.2834225599143156
15.556761439304724 2e-06 0.28335391162505985
16.297508346206442 2e-06 0.28314288578912467
17.073526474706913 2e-06 0.2831119751783585
17.886495290574352 2e-06 0.2827695245824813
18.738174228603846 2e-06 0.28177721123438265
19.630406500402714 2e-06 0.28177399207273296
20.565123083486515 2e-06 0.28192344549964793
21.544346900318843 2e-06 0.28182794874816364
22.5701971963392 2e-06 0.2811272278091088
23.644894126454084 2e-06 0.28137495658679523
24.770763559917114 2e-06 0.2824544363680369
25.950242113997373 2e-06 0.28208949784846576
27.185882427329414 2e-06 0.28134889104134964
28.48035868435802 2e-06 0.27996854350092454
29.8364724028334 2e-06 0.2796113718442351
31.25715849688237 2e-06 0.27897620574399273
32.7454916287773 2e-06 0.2794179220309999
34.30469286314919 2e-06 0.28015814112308396
35.938136638046274 2e-06 0.28041141977062833
37.64935806792469 2e-06 0.28079707762194067
39.44206059437656 2e-06 0.2808290787644035
41.32012400115339 2e-06 0.2806681202474143
43.287612810830595 2e-06 0.27972919098468896
45.34878508128585 2e-06 0.27930518214012473
47.50810162102798 2e-06 0.2802448764550307
49.77023564332111 2e-06 0.2811258919582561
52.14008287999687 2e-06 0.281417860290114
54.62277217684342 2e-06 0.2803297601530501
57.2236765935022 2e-06 0.2816955250797456
59.94842503189412 2e-06 0.28164282064017626
62.80291441834257 2e-06 0.2797243296617241
65.79332246575683 2e-06 0.2789688253915276
68.92612104349698 2e-06 0.27839938856805585
72.20809018385468 2e-06 0.2788023275510465
75.6463327554629 2e-06 0.2802322888288874
79.24828983539177 2e-06 0.2797055709792875
83.02175681319748 2e-06 0.2797055709792875
86.97490026177834 2e-06 0.2797055709792875
91.11627561154897 2e-06 0.2797055709792875
95.45484566618343 2e-06 0.2797055709792875
100.0 2e-06 0.2797055709792875
1.0 3.16764e-06 0.2882398190733228
1.0476157527896648 3.16764e-06 0.28823475027174683
1.0974987654930561 3.16764e-06 0.28822943453967453
1.1497569953977358 3.16764e-06 0.2882238450565158
1.204503540258782 3.16764e-06 0.2882179975071168
1.2618568830660204 3.16764e-06 0.288211861214285
1.321941148466029 3.16764e-06 0.2882054257860172
1.384886371393873 3.16764e-06 0.28819865134109435
1.4508287784959397 3.16764e-06 0.2881915931855447
1.5199110829529339 3.16764e-06 0.2881842093537732
1.5922827933410924 3.16764e-06 0.2881764670674089
1.6681005372000588 3.16764e-06 0.2881683471751182
1.7475284000076838 3.16764e-06 0.2881598215992646
1.8307382802953682 3.16764e-06 0.288150896087053
1.9179102616724888 3.16764e-06 0.2881415879415557
2.0092330025650473 3.16764e-06 0.2881317775466614
2.1049041445120205 3.16764e-06 0.2881215367236501
2.205130739903046 3.16764e-06 0.2881107883832128
2.3101297000831598 3.16764e-06 0.2880994919077065
2.420128264794382 3.16764e-06 0.28808770856943233
2.535364493970112 3.16764e-06 0.2880753741732173
2.6560877829466865 3.16764e-06 0.2880624447750713
2.7825594022071245 3.16764e-06 0.288048880179249
2.915053062825177 3.16764e-06 0.28803461410731274
3.0538555088334154 3.16764e-06 0.28801973317433155
3.1992671377973836 3.16764e-06 0.28800418846817505
3.3516026509388426 3.16764e-06 0.28798787308455986
3.5111917342151315 3.16764e-06 0.2879707668972922
3.678379771828634 3.16764e-06 0.2879528867622637
3.8535285937105295 3.16764e-06 0.287934168264109
4.0370172585965545 3.16764e-06 0.2879146220095373
4.229242874389499 3.16764e-06 0.28789409487003026
4.430621457583881 3.16764e-06 0.28787268687501655
4.641588833612779 3.16764e-06 0.2878502866137165
4.862601580065355 3.16764e-06 0.28782699699173564
5.09413801481638 3.16764e-06 0.2878026661087601
5.3366992312063095 3.16764e-06 0.2877773763061057
5.590810182512223 3.16764e-06 0.2877510771423122
5.857020818056667 3.16764e-06 0.2877163127401476
6.135907273413174 3.16764e-06 0.2876681608073659
6.428073117284322 3.16764e-06 0.2876177046913277
6.734150657750822 3.16764e-06 0.2875647383014414
7.054802310718643 3.16764e-06 0.28750935615524964
7.390722033525779 3.16764e-06 0.2874513533588195
7.742636826811272 3.16764e-06 0.28739078702650944
8.111308307896872 3.16764e-06 0.2873276130188766
8.497534359086444 3.16764e-06 0.28726175593289643
8.902150854450388 3.16764e-06 0.2871932790878242
9.326033468832199 3.16764e-06 0.2871224057232089
9.770099572992253 3.16764e-06 0.2870495268525627
10.235310218990262 3.16764e-06 0.2869750976411104
10.722672220103236 3.16764e-06 0.28687487486273017
11.233240329780276 3.16764e-06 0.28674118848162405
11.768119524349986 3.16764e-06 0.2866033653562983
12.328467394420665 3.16764e-06 0.2864616499602118
12.91549665014884 3.16764e-06 0.2863164622578034
13.530477745798075 3.16764e-06 0.2861687835147182
14.174741629268055 3.16764e-06 0.28602138647920056
14.84968262254465 3.16764e-06 0.28587883432904054
15.556761439304724 3.16764e-06 0.28571879353798996
16.297508346206442 3.16764e-06 0.28530024572867557
17.073526474706913 3.16764e-06 0.28519104325326683
17.886495290574352 3.16764e-06 0.28452553857026325
18.738174228603846 3.16764e-06 0.28277904226055345
19.630406500402714 3.16764e-06 0.2827640070824716
20.565123083486515 3.16764e-06 0.28298864573152366
21.544346900318843 3.16764e-06 0.28279751162884087
22.5701971963392 3.16764e-06 0.2816545247538213
23.644894126454084 3.16764e-06 0.2821068539653008
24.770763559917114 3.16764e-06 0.28385394506644923
25.950242113997373 3.16764e-06 0.2831952938178734
27.185882427329414 3.16764e-06 0.28193045069822886
28.48035868435802 3.16764e-06 0.27966633433330174
29.8364724028334 3.16764e-06 0.2790493000674818
31.25715849688237 3.16764e-06 0.27806447482956514
32.7454916287773 3.16764e-06 0.2787660661620661
34.30469286314919 3.16764e-06 0.27991043803359755
35.938136638046274 3.16764e-06 0.2802999046372021
37.64935806792469 3.16764e-06 0.2808415075740351
39.44206059437656 3.16764e-06 0.2808584378433115
41.32012400115339 3.16764e-06 0.28062317910881324
43.287612810830595 3.16764e-06 0.2795100736333068
45.34878508128585 3.16764e-06 0.27902877452004476
47.50810162102798 3.16764e-06 0.2800889838286177
49.77023564332111 3.16764e-06 0.2810623026036144
52.14008287999687 3.16764e-06 0.281337819629551
54.62277217684342 3.16764e-06 0.2801441706679855
57.2236765935022 3.16764e-06 0.2814631445945087
59.94842503189412 3.16764e-06 0.28133848019493063
62.80291441834257 3.16764e-06 0.2797536872513308
65.79332246575683 3.16764e-06 0.2791874129738899
68.92612104349698 3.16764e-06 0.2787803153490563
72.20809018385468 3.16764e-06 0.2790773781986486
75.6463327554629 3.16764e-06 0.2800467669783882
79.24828983539177 3.16764e-06 0.2797055709792875
83.02175681319748 3.16764e-06 0.2797055709792875
86.97490026177834 3.16764e-06 0.2797055709792875
91.11627561154897 3.16764e-06 0.2797055709792875
95.45484566618343 3.16764e-06 0.2797055709792875
100.0 3.16764e-06 0.2797055709792875
1.0 5.01697e-06 0.29647897564500403
1.0476157527896648 5.01697e-06 0.2964714438637445
1.0974987654930561 5.01697e-06 0.29646352902961914
1.1497569953977358 5.01697e-06 0.29645521488614607
1.204503540258782 5.01697e-06 0.2964465147998422
1.2618568830660204 5.01697e-06 0.2964373418429058
1.321941148466029 5.01697e-06 0.2964277024800292
1.384886371393873 5.01697e-06 0.2964175594230888
1.4508287784959397 5.01697e-06 0.2964069036821978
1.5199110829529339 5.01697e-06 0.2963957325823642
1.5922827933410924 5.01697e-06 0.29638401685841376
1.6681005372000588 5.01697e-06 0.2963716431597182
1.7475284000076838 5.01697e-06 0.2963587076276893
1.8307382802953682 5.01697e-06 0.2963451218125999
1.9179102616724888 5.01697e-06 0.2963307885315315
2.0092330025650473 5.01697e-06 0.29631571222745107
2.1049041445120205 5.01697e-06 0.2962998770379037
2.205130739903046 5.01697e-06 0.29628320755831566
2.3101297000831598 5.01697e-06 0.29626570467548985
2.420128264794382 5.01697e-06 0.29624731724832726
2.535364493970112 5.01697e-06 0.2962279650545564
2.6560877829466865 5.01697e-06 0.2962076516138669
2.7825594022071245 5.01697e-06 0.29618622864991906
2.915053062825177 5.01697e-06 0.2961637191062985
3.0538555088334154 5.01697e-06 0.2961401007490634
3.1992671377973836 5.01697e-06 0.2961152151540603
3.3516026509388426 5.01697e-06 0.29608913017472627
3.5111917342151315 5.01697e-06 0.2960616620773872
3.678379771828634 5.01697e-06 0.29603286715549726
3.8535285937105295 5.01697e-06 0.29600260520245275
4.0370172585965545 5.01697e-06 0.2959709192099942
4.229242874389499 5.01697e-06 0.295937766853366
4.430621457583881 5.01697e-06 0.29590311658418217
4.641588833612779 5.01697e-06 0.2958669311254872
4.862601580065355 5.01697e-06 0.29582933322812316
5.09413801481638 5.01697e-06 0.29579041870290274
5.3366992312063095 5.01697e-06 0.2957501715792274
5.590810182512223 5.01697e-06 0.2957087220149536
5.857020818056667 5.01697e-06 0.2956386230433974
6.135907273413174 5.01697e-06 0.295522514841134
6.428073117284322 5.01697e-06 0.29540075620170425
6.734150657750822 5.01697e-06 0.295273153546657
7.054802310718643 5.01697e-06 0.2951396037586771
7.390722033525779 5.01697e-06 0.29499987259760435
7.742636826811272 5.01697e-06 0.29485381214009204
8.111308307896872 5.01697e-06 0.294701258783035
8.497534359086444 5.01697e-06 0.294542017919352
8.902150854450388 5.01697e-06 0.2943760683352054
9.326033468832199 5.01697e-06 0.29420368619910525
9.770099572992253 5.01697e-06 0.2940255216792422
10.235310218990262 5.01697e-06 0.2938423023937099
10.722672220103236 5.01697e-06 0.29361219806390093
11.233240329780276 5.01697e-06 0.29332144303389013
11.768119524349986 5.01697e-06 0.29302045652854153
12.328467394420665 5.01697e-06 0.29270931196815425
12.91549665014884 5.01697e-06 0.2923880402524983
13.530477745798075 5.01697e-06 0.2920577897336817
14.174741629268055 5.01697e-06 0.29172277193940266
14.84968262254465 5.01697e-06 0.29138998603278693
15.556761439304724 5.01697e-06 0.29101293763108343
16.297508346206442 5.01697e-06 0.2901227883750627
17.073526474706913 5.01697e-06 0.2898173934485167
17.886495290574352 5.01697e-06 0.28843886830386034
18.738174228603846 5.01697e-06 0.2850832303646803
19.630406500402714 5.01697e-06 0.2850347356735686
20.565123083486515 5.01697e-06 0.2854020401084918
21.544346900318843 5.01697e-06 0.2849978219667155
22.5701971963392 5.01697e-06 0.28294827159541514
23.644894126454084 5.01697e-06 0.2838392159408971
24.770763559917114 5.01697e-06 0.2869530906499739
25.950242113997373 5.01697e-06 0.2856578895980086
27.185882427329414 5.01697e-06 0.28327922127002814
28.48035868435802 5.01697e-06 0.27916143757084816
29.8364724028334 5.01697e-06 0.27799353400398547
31.25715849688237 5.01697e-06 0.2762912914041686
32.7454916287773 5.01697e-06 0.2775565203432899
34.30469286314919 5.01697e-06 0.2795753318004237
35.938136638046274 5.01697e-06 0.2802671336252966
37.64935806792469 5.01697e-06 0.2811496089024542
39.44206059437656 5.01697e-06 0.2811406645001884
41.32012400115339 5.01697e-06 0.28074619175123494
43.287612810830595 5.01697e-06 0.2792334202117909
45.34878508128585 5.01697e-06 0.27862413516981954
47.50810162102798 5.01697e-06 0.28002502216246145
49.77023564332111 5.01697e-06 0.28129501443630944
52.14008287999687 5.01697e-06 0.2815813784470233
54.62277217684342 5.01697e-06 0.28003008791396655
57.2236765935022 5.01697e-06 0.28156569589362856
59.94842503189412 5.01697e-06 0.28133146928096586
62.80291441834257 5.01697e-06 0.27976162199056875
65.79332246575683 5.01697e-06 0.2792696712686773
68.92612104349698 5.01697e-06 0.2789159568377058
72.20809018385468 5.01697e-06 0.2791801048845553
75.6463327554629 5.01697e-06 0.27997135737812207
79.24828983539177 5.01697e-06 0.2797055709792875
83.02175681319748 5.01697e-06 0.2797055709792875
86.97490026177834 5.01697e-06 0.2797055709792875
91.11627561154897 5.01697e-06 0.2797055709792875
95.45484566618343 5.01697e-06 0.2797055709792875
100.0 5.01697e-06 0.2797055709792875
1.0 7.94597e-06 0.31585910721407273
1.0476157527896648 7.94597e-06 0.3158361749470028
1.0974987654930561 7.94597e-06 0.31581202450956675
1.1497569953977358 7.94597e-06 0.31578670098257766
1.204503540258782 7.94597e-06 0.31576008109552867
1.2618568830660204 7.94597e-06 0.3157320113633348
1.321941148466029 7.94597e-06 0.31570218279127815
1.384886371393873 7.94597e-06 0.3156709931003911
1.4508287784959397 7.94597e-06 0.31563806617126094
1.5199110829529339 7.94597e-06 0.3156030847411419
1.5922827933410924 7.94597e-06 0.31556616577834373
1.6681005372000588 7.94597e-06 0.3155273094794442
1.7475284000076838 7.94597e-06 0.3154863678992198
1.8307382802953682 7.94597e-06 0.31544302272664376
1.9179102616724888 7.94597e-06 0.31539719134572536
2.0092330025650473 7.94597e-06 0.3153494727322076
2.1049041445120205 7.94597e-06 0.31529882939245885
2.205130739903046 7.94597e-06 0.3152458474622962
2.3101297000831598 7.94597e-06 0.31518994888689056
2.420128264794382 7.94597e-06 0.3151308998910454
2.535364493970112 7.94597e-06 0.3150690870080624
2.6560877829466865 7.94597e-06 0.31500383820854394
2.7825594022071245 7.94597e-06 0.3149348024945486
2.915053062825177 7.94597e-06 0.31486268894017466
3.0538555088334154 7.94597e-06 0.31478692677194087
3.1992671377973836 7.94597e-06 0.3147068482156143
3.3516026509388426 7.94597e-06 0.31462253464512435
3.5111917342151315 7.94597e-06 0.31453420211744243
3.678379771828634 7.94597e-06 0.31444093475619894
3.8535285937105295 7.94597e-06 0.31434359000699214
4.0370172585965545 7.94597e-06 0.31424038336346416
4.229242874389499 7.94597e-06 0.31413302168543733
4.430621457583881 7.94597e-06 0.31402010842524924
4.641588833612779 7.94597e-06 0.3139023107638128
4.862601580065355 7.94597e-06 0.31377916975416803
5.09413801481638 7.94597e-06 0.31365116935242365
5.3366992312063095 7.94597e-06 0.3135188020898645
5.590810182512223 7.94597e-06 0.31338137003232425
5.857020818056667 7.94597e-06 0.3132084860674871
6.135907273413174 7.94597e-06 0.3129799592460433
6.428073117284322 7.94597e-06 0.3127435343965842
6.734150657750822 7.94597e-06 0.31249970065578964
7.054802310718643 7.94597e-06 0.31224433250770145
7.390722033525779 7.94597e-06 0.3119803681277323
7.742636826811272 7.94597e-06 0.31170487721354695
8.111308307896872 7.94597e-06 0.3114188108803514
8.497534359086444 7.94597e-06 0.3111202144926265
8.902150854450388 7.94597e-06 0.3108102252318842
9.326033468832199 7.94597e-06 0.31048659691080527
9.770099572992253 7.94597e-06 0.3101503284064094
10.235310218990262 7.94597e-06 0.30980009922388846
10.722672220103236 7.94597e-06 0.3093108093139026
11.233240329780276 7.94597e-06 0.30864812281287207
11.768119524349986 7.94597e-06 0.3079591132965743
12.328467394420665 7.94597e-06 0.3072428498659901
12.91549665014884 7.94597e-06 0.30649801930253145
13.530477745798075 7.94597e-06 0.3057252777794649
14.174741629268055 7.94597e-06 0.3049309312042139
14.84968262254465 7.94597e-06 0.3041252087770943
15.556761439304724 7.94597e-06 0.3032087152389679
16.297508346206442 7.94597e-06 0.30121311156438874
17.073526474706913 7.94597e-06 0.3003959057531575
17.886495290574352 7.94597e-06 0.2973383714557856
18.738174228603846 7.94597e-06 0.290335213477886
19.630406500402714 7.94597e-06 0.2902153022823139
20.565123083486515 7.94597e-06 0.2909036752844857
21.544346900318843 7.94597e-06 0.29000252855391145
22.5701971963392 7.94597e-06 0.28594936936841725
23.644894126454084 7.94597e-06 0.2878602573112041
24.770763559917114 7.94597e-06 0.29402003833749824
25.950242113997373 7.94597e-06 0.2912149929865824
27.185882427329414 7.94597e-06 0.2862465452649098
28.48035868435802 7.94597e-06 0.27790504221684376
29.8364724028334 7.94597e-06 0.2754753727955517
31.25715849688237 7.94597e-06 0.2722014702085978
32.7454916287773 7.94597e-06 0.2748201614643394
34.30469286314919 7.94597e-06 0.2789136435585101
35.938136638046274 7.94597e-06 0.28034533292421704
37.64935806792469 7.94597e-06 0.28203414129905024
39.44206059437656 7.94597e-06 0.28197297092767515
41.32012400115339 7.94597e-06 0.2812030848860467
43.287612810830595 7.94597e-06 0.2787458403699154
45.34878508128585 7.94597e-06 0.27785589329267046
47.50810162102798 7.94597e-06 0.28012204806774454
49.77023564332111 7.94597e-06 0.2821608590428642
52.14008287999687 7.94597e-06 0.2824856352027772
54.62277217684342 7.94597e-06 0.27999982750957103
57.2236765935022 7.94597e-06 0.2822786895153397
59.94842503189412 7.94597e-06 0.28181470240213063
62.80291441834257 7.94597e-06 0.27976518052886545
65.79332246575683 7.94597e-06 0.27921643217367736
68.92612104349698 7.94597e-06 0.278804048495865
72.20809018385468 7.94597e-06 0.2791167749572708
75.6463327554629 7.94597e-06 0.27998781779351084
79.24828983539177 7.94597e-06 0.2797055709792875
83.02175681319748 7.94597e-06 0.2797055709792875
86.97490026177834 7.94597e-06 0.2797055709792875
91.11627561154897 7.94597e-06 0.2797055709792875
95.45484566618343 7.94597e-06 0.2797055709792875
100.0 7.94597e-06 0.2797055709792875
1.0 1.2585e-05 0.3577042224496616
1.0476157527896648 1.2585e-05 0.35766448390805927
1.0974987654930561 1.2585e-05 0.3576227703032269
1.1497569953977358 1.2585e-05 0.3575790222485787
1.204503540258782 1.2585e-05 0.3575331466077047
1.2618568830660204 1.2585e-05 0.3574850001343007
1.321941148466029 1.2585e-05 0.35743445018091663
1.384886371393873 1.2585e-05 0.35738137289395305
1.4508287784959397 1.2585e-05 0.3573256624034137
1.5199110829529339 1.2585e-05 0.357267204324364
1.5922827933410924 1.2585e-05 0.3572058845687263
1.6681005372000588 1.2585e-05 0.3571414962019652
1.7475284000076838 1.2585e-05 0.3570740046104151
1.8307382802953682 1.2585e-05 0.3570031178002449
1.9179102616724888 1.2585e-05 0.356928665266893
2.0092330025650473 1.2585e-05 0.35685044207180733
2.1049041445120205 1.2585e-05 0.35676836051347277
2.205130739903046 1.2585e-05 0.3566821983759569
2.3101297000831598 1.2585e-05 0.356591701144214
2.420128264794382 1.2585e-05 0.3564967334722615
2.535364493970112 1.2585e-05 0.3563970252274474
2.6560877829466865 1.2585e-05 0.35629226598579383
2.7825594022071245 1.2585e-05 0.3561822570296141
2.915053062825177 1.2585e-05 0.3560667660993251
3.0538555088334154 1.2585e-05 0.35594533780087
3.1992671377973836 1.2585e-05 0.3558179377977799
3.3516026509388426 1.2585e-05 0.35568409861262396
3.5111917342151315 1.2585e-05 0.3555434907746127
3.678379771828634 1.2585e-05 0.35539588204984035
3.8535285937105295 1.2585e-05 0.3552407480909411
4.0370172585965545 1.2585e-05 0.35507797557455034
4.229242874389499 1.2585e-05 0.35490714863192346
4.430621457583881 1.2585e-05 0.3547279810383931
4.641588833612779 1.2585e-05 0.3545400014080316
4.862601580065355 1.2585e-05 0.35434329851558344
5.09413801481638 1.2585e-05 0.3541377371157815
5.3366992312063095 1.2585e-05 0.353922867769083
5.590810182512223 1.2585e-05 0.35369891181044916
5.857020818056667 1.2585e-05 0.3533522593289864
6.135907273413174 1.2585e-05 0.35281138539838786
6.428073117284322 1.2585e-05 0.35224307933050436
6.734150657750822 1.2585e-05 0.35164616588035263
7.054802310718643 1.2585e-05 0.35101999336400747
7.390722033525779 1.2585e-05 0.35036328769879754
7.742636826811272 1.2585e-05 0.3496746414018506
8.111308307896872 1.2585e-05 0.3489531418272241
8.497534359086444 1.2585e-05 0.34819730024703394
8.902150854450388 1.2585e-05 0.3474064641268404
9.326033468832199 1.2585e-05 0.34658129261746834
9.770099572992253 1.2585e-05 0.3457245847307139
10.235310218990262 1.2585e-05 0.3448390127828975
10.722672220103236 1.2585e-05 0.3437168386902626
11.233240329780276 1.2585e-05 0.34228685339329395
11.768119524349986 1.2585e-05 0.3407937450228145
12.328467394420665 1.2585e-05 0.339233609989795
12.91549665014884 1.2585e-05 0.3376010255270512
13.530477745798075 1.2585e-05 0.33589410338488684
14.174741629268055 1.2585e-05 0.33412282215860994
14.84968262254465 1.2585e-05 0.33230272344759537
15.556761439304724 1.2585e-05 0.3302196695770016
16.297508346206442 1.2585e-05 0.3257195221885796
17.073526474706913 1.2585e-05 0.32379844789180456
17.886495290574352 1.2585e-05 0.3168924848490768
18.738174228603846 1.2585e-05 0.3012988210877343
19.630406500402714 1.2585e-05 0.30119344188516584
20.565123083486515 1.2585e-05 0.30281835099197624
21.544346900318843 1.2585e-05 0.3007675925998001
22.5701971963392 1.2585e-05 0.2919864396188401
23.644894126454084 1.2585e-05 0.29643918505036393
24.770763559917114 1.2585e-05 0.30998914033655
25.950242113997373 1.2585e-05 0.3035624409420626
27.185882427329414 1.2585e-05 0.2923364399870842
28.48035868435802 1.2585e-05 0.27391137875912236
29.8364724028334 1.2585e-05 0.2685294408999758
31.25715849688237 1.2585e-05 0.26159217533558643
32.7454916287773 1.2585e-05 0.267655772972875
34.30469286314919 1.2585e-05 0.27697404960698935
35.938136638046274 1.2585e-05 0.28032119270441586
37.64935806792469 1.2585e-05 0.28408059459318546
39.44206059437656 1.2585e-05 0.2839633018583643
41.32012400115339 1.2585e-05 0.2823079655001289
43.287612810830595 1.2585e-05 0.27751037888902474
45.34878508128585 1.2585e-05 0.27594407092755135
47.50810162102798 1.2585e-05 0.28042630624222836
49.77023564332111 1.2585e-05 0.2844486336054426
52.14008287999687 1.2585e-05 0.28489628423709773
54.62277217684342 1.2585e-05 0.2800271724204896
57.2236765935022 1.2585e-05 0.2843333210721425
59.94842503189412 1.2585e-05 0.2833310172480249
62.80291441834257 1.2585e-05 0.27976601311000693
65.79332246575683 1.2585e-05 0.27893144712702195
68.92612104349698 1.2585e-05 0.2782568874541618
72.20809018385468 1.2585e-05 0.27877476350797464
75.6463327554629 1.2585e-05 0.2801370975808949
79.24828983539177 1.2585e-05 0.2797055709792875
83.02175681319748 1.2585e-05 0.2797055709792875
86.97490026177834 1.2585e-05 0.2797055709792875
91.11627561154897 1.2585e-05 0.2797055709792875
95.45484566618343 1.2585e-05 0.2797055709792875
100.0 1.2585e-05 0.2797055709792875
1.0 1.99324e-05 0.4252437280715602
1.0476157527896648 1.99324e-05 0.42518431171530674
1.0974987654930561 1.99324e-05 0.42512186119053097
1.1497569953977358 1.99324e-05 0.4250563306913669
1.204503540258782 1.99324e-05 0.4249875517225216
1.2618568830660204 1.99324e-05 0.4249153661871031
1.321941148466029 1.99324e-05 0.4248394885357621
1.384886371393873 1.99324e-05 0.42475972022818975
1.4508287784959397 1.99324e-05 0.42467588441705856
1.5199110829529339 1.99324e-05 0.4245878514525022
1.5922827933410924 1.99324e-05 0.42449545826088847
1.6681005372000588 1.99324e-05 0.42439833330288207
1.7475284000076838 1.99324e-05 0.42429648839399625
1.8307382802953682 1.99324e-05 0.4241893642006622
1.9179102616724888 1.99324e-05 0.42407671063532665
2.0092330025650473 1.99324e-05 0.42395820140499607
2.1049041445120205 1.99324e-05 0.42383364439787446
2.205130739903046 1.99324e-05 0.4237027633287449
2.3101297000831598 1.99324e-05 0.42356512629228876
2.420128264794382 1.99324e-05 0.42342050093587624
2.535364493970112 1.99324e-05 0.42326845875128105
2.6560877829466865 1.99324e-05 0.42310840874577826
2.7825594022071245 1.99324e-05 0.42294011901273354
2.915053062825177 1.99324e-05 0.42276317302955213
3.0538555088334154 1.99324e-05 0.42257669661490455
3.1992671377973836 1.99324e-05 0.42238072456392395
3.3516026509388426 1.99324e-05 0.4221743673707946
3.5111917342151315 1.99324e-05 0.4219571033736687
3.678379771828634 1.99324e-05 0.4217284808352808
3.8535285937105295 1.99324e-05 0.42148762131146955
4.0370172585965545 1.99324e-05 0.42123423080800454
4.229242874389499 1.99324e-05 0.42096760747711903
4.430621457583881 1.99324e-05 0.42068717098355596
4.641588833612779 1.99324e-05 0.4203920726309568
4.862601580065355 1.99324e-05 0.4200824300095407
5.09413801481638 1.99324e-05 0.4197580765270148
5.3366992312063095 1.99324e-05 0.4194182005381668
5.590810182512223 1.99324e-05 0.41906291497707726
5.857020818056667 1.99324e-05 0.41851731787229257
6.135907273413174 1.99324e-05 0.41766917918304136
6.428073117284322 1.99324e-05 0.41677371424111803
6.734150657750822 1.99324e-05 0.41582853558023336
7.054802310718643 1.99324e-05 0.4148323054427575
7.390722033525779 1.99324e-05 0.4137819873548057
7.742636826811272 1.99324e-05 0.4126744614259842
8.111308307896872 1.99324e-05 0.4115071483790972
8.497534359086444 1.99324e-05 0.41027673246672264
8.902150854450388 1.99324e-05 0.4089807291021424
9.326033468832199 1.99324e-05 0.4076199888627734
9.770099572992253 1.99324e-05 0.4061995437680726
10.235310218990262 1.99324e-05 0.40472386325922216
10.722672220103236 1.99324e-05 0.40283369613214454
11.233240329780276 1.99324e-05 0.40039336948882487
11.768119524349986 1.99324e-05 0.39781611354657037
12.328467394420665 1.99324e-05 0.39508875350115236
12.91549665014884 1.99324e-05 0.3921940132023188
13.530477745798075 1.99324e-05 0.38912145474471616
14.174741629268055 1.99324e-05 0.38588537530837547
14.84968262254465 1.99324e-05 0.38250804936028415
15.556761439304724 1.99324e-05 0.3786186614680976
16.297508346206442 1.99324e-05 0.3692961428214306
17.073526474706913 1.99324e-05 0.3657092116331649
17.886495290574352 1.99324e-05 0.35079979085043617
18.738174228603846 1.99324e-05 0.31547206704606723
19.630406500402714 1.99324e-05 0.316497189720732
20.565123083486515 1.99324e-05 0.3217560726367267
21.544346900318843 1.99324e-05 0.3176546941358255
22.5701971963392 1.99324e-05 0.2979006711022761
23.644894126454084 1.99324e-05 0.30885587229021166
24.770763559917114 1.99324e-05 0.3410881735318884
25.950242113997373 1.99324e-05 0.32645973205875317
27.185882427329414 1.99324e-05 0.3003266691379618
28.48035868435802 1.99324e-05 0.25831273276895567
29.8364724028334 1.99324e-05 0.24653716181949695
31.25715849688237 1.99324e-05 0.23135581781031256
32.7454916287773 1.99324e-05 0.24672533668502927
34.30469286314919 1.99324e-05 0.26984680759191537
35.938136638046274 1.99324e-05 0.2785391556094851
37.64935806792469 1.99324e-05 0.288076611998906
39.44206059437656 1.99324e-05 0.2883364640865107
41.32012400115339 1.99324e-05 0.28481897817893814
43.287612810830595 1.99324e-05 0.2742805816528787
45.34878508128585 1.99324e-05 0.2710505437782529
47.50810162102798 1.99324e-05 0.2810996506722723
49.77023564332111 1.99324e-05 0.29010931763552905
52.14008287999687 1.99324e-05 0.2909466486027682
54.62277217684342 1.99324e-05 0.28014398696385107
57.2236765935022 1.99324e-05 0.28962245883324134
59.94842503189412 1.99324e-05 0.28732944484433387
62.80291441834257 1.99324e-05 0.279772715435656
65.79332246575683 1.99324e-05 0.2781280568064362
68.92612104349698 1.99324e-05 0.27674545630970226
72.20809018385468 1.99324e-05 0.2778204357467536
75.6463327554629 1.99324e-05 0.28056592178191686
79.24828983539177 1.99324e-05 0.2797055709792875
83.02175681319748 1.99324e-05 0.2797055709792875
86.97490026177834 1.99324e-05 0.2797055709792875
91.11627561154897 1.99324e-05 0.2797055709792875
95.45484566618343 1.99324e-05 0.2797055709792875
100.0 1.99324e-05 0.2797055709792875
1.0 3.15693e-05 0.3805621831827964
1.0476157527896648 3.15693e-05 0.3806277429638177
1.0974987654930561 3.15693e-05 0.38069607355621665
1.1497569953977358 3.15693e-05 0.3807675217448832
1.204503540258782 3.15693e-05 0.380842284278901
1.2618568830660204 3.15693e-05 0.3809205445705043
1.321941148466029 3.15693e-05 0.38100214430457974
1.384886371393873 3.15693e-05 0.38108715682883937
1.4508287784959397 3.15693e-05 0.38117580821358643
1.5199110829529339 3.15693e-05 0.38126838602056784
1.5922827933410924 3.15693e-05 0.38136539164931055
1.6681005372000588 3.15693e-05 0.3814664427335219
1.7475284000076838 3.15693e-05 0.38157202456955663
1.8307382802953682 3.15693e-05 0.38168184908877034
1.9179102616724888 3.15693e-05 0.3817963328328575
2.0092330025650473 3.15693e-05 0.38191560208881264
2.1049041445120205 3.15693e-05 0.3820400764577951
2.205130739903046 3.15693e-05 0.38216960460446137
2.3101297000831598 3.15693e-05 0.3823046679241281
2.420128264794382 3.15693e-05 0.38244548966679354
2.535364493970112 3.15693e-05 0.3825920077538702
2.6560877829466865 3.15693e-05 0.3827438598611944
2.7825594022071245 3.15693e-05 0.38290177646589724
2.915053062825177 3.15693e-05 0.38306609903289457
3.0538555088334154 3.15693e-05 0.3832362381764649
3.1992671377973836 3.15693e-05 0.38341318348544334
3.3516026509388426 3.15693e-05 0.38359616453232814
3.5111917342151315 3.15693e-05 0.3837854451205695
3.678379771828634 3.15693e-05 0.3839814189342575
3.8535285937105295 3.15693e-05 0.3841834923989299
4.0370172585965545 3.15693e-05 0.38439225129830845
4.229242874389499 3.15693e-05 0.3846070555282991
4.430621457583881 3.15693e-05 0.3848282709380711
4.641588833612779 3.15693e-05 0.3850557590540999
4.862601580065355 3.15693e-05 0.38528988707936557
5.09413801481638 3.15693e-05 0.38553159253715397
5.3366992312063095 3.15693e-05 0.3857805028203838
5.590810182512223 3.15693e-05 0.38603666713291795
5.857020818056667 3.15693e-05 0.38643731336303355
6.135907273413174 3.15693e-05 0.38705135056679846
6.428073117284322 3.15693e-05 0.38766518195216587
6.734150657750822 3.15693e-05 0.38827508948487655
7.054802310718643 3.15693e-05 0.38888062959916275
7.390722033525779 3.15693e-05 0.38947432373748686
7.742636826811272 3.15693e-05 0.3900521013622975
8.111308307896872 3.15693e-05 0.3906059447863126
8.497534359086444 3.15693e-05 0.3911291848918782
8.902150854450388 3.15693e-05 0.39161263732201085
9.326033468832199 3.15693e-05 0.39205415749406824
9.770099572992253 3.15693e-05 0.3924574964163039
10.235310218990262 3.15693e-05 0.3928222101978084
10.722672220103236 3.15693e-05 0.39314908750705474
11.233240329780276 3.15693e-05 0.39334841884528415
11.768119524349986 3.15693e-05 0.3933564853771577
12.328467394420665 3.15693e-05 0.3931289107482175
12.91549665014884 3.15693e-05 0.39261145866133734
13.530477745798075 3.15693e-05 0.39175775110950906
14.174741629268055 3.15693e-05 0.3905680837166501
14.84968262254465 3.15693e-05 0.389044549492186
15.556761439304724 3.15693e-05 0.38709321781475675
16.297508346206442 3.15693e-05 0.3741326860670586
17.073526474706913 3.15693e-05 0.3729418670104858
17.886495290574352 3.15693e-05 0.3479550973731302
18.738174228603846 3.15693e-05 0.2734335567374296
19.630406500402714 3.15693e-05 0.2834877188124903
20.565123083486515 3.15693e-05 0.305442721420491
21.544346900318843 3.15693e-05 0.3010778595956103
22.5701971963392 3.15693e-05 0.25856710423903917
23.644894126454084 3.15693e-05 0.28662288502377026
24.770763559917114 3.15693e-05 0.3671723559058763
25.950242113997373 3.15693e-05 0.33700600395069935
27.185882427329414 3.15693e-05 0.2778478845668799
28.48035868435802 3.15693e-05 0.18575167371332102
29.8364724028334 3.15693e-05 0.1634094738632445
31.25715849688237 3.15693e-05 0.13247765695195604
32.7454916287773 3.15693e-05 0.1751158544058623
34.30469286314919 3.15693e-05 0.23714494418733145
35.938136638046274 3.15693e-05 0.2623198835621338
37.64935806792469 3.15693e-05 0.28991987645792056
39.44206059437656 3.15693e-05 0.2940746330522291
41.32012400115339 3.15693e-05 0.2878394811362702
43.287612810830595 3.15693e-05 0.2636330226875392
45.34878508128585 3.15693e-05 0.2565125339097467
47.50810162102798 3.15693e-05 0.2805464136144985
49.77023564332111 3.15693e-05 0.30218841985984646
52.14008287999687 3.15693e-05 0.30456530958078487
54.62277217684342 3.15693e-05 0.27943731793121684
57.2236765935022 3.15693e-05 0.3021222766062252
59.94842503189412 3.15693e-05 0.297050374415074
62.80291441834257 3.15693e-05 0.2797101862123735
65.79332246575683 3.15693e-05 0.2760369456884336
68.92612104349698 3.15693e-05 0.27289497017933834
72.20809018385468 3.15693e-05 0.2753933624828152
75.6463327554629 3.15693e-05 0.28165112426539307
79.24828983539177 3.15693e-05 0.2797055709792875
83.02175681319748 3.15693e-05 0.2797055709792875
86.97490026177834 3.15693e-05 0.2797055709792875
91.11627561154897 3.15693e-05 0.2797055709792875
95.45484566618343 3.15693e-05 0.2797055709792875
100.0 3.15693e-05 0.2797055709792875
1.0 5e-05 0.6819264172948167
1.0476157527896648 5e-05 0.6809948890592918
1.0974987654930561 5e-05 0.6800190650622735
1.1497569953977358 5e-05 0.6789963508125394
1.204503540258782 5e-05 0.6779242749018608
1.2618568830660204 5e-05 0.6768001552726629
1.321941148466029 5e-05 0.6756217291773678
1.384886371393873 5e-05 0.6743867255130844
1.4508287784959397 5e-05 0.6730925807094919
1.5199110829529339 5e-05 0.6717368073192037
1.5922827933410924 5e-05 0.6703150550429668
1.6681005372000588 5e-05 0.6688242450917734
1.7475284000076838 5e-05 0.6672619349163956
1.8307382802953682 5e-05 0.6656251752507458
1.9179102616724888 5e-05 0.6639095167965252
2.0092330025650473 5e-05 0.6621110219753762
2.1049041445120205 5e-05 0.6602257779463252
2.205130739903046 5e-05 0.65825049293799
2.3101297000831598 5e-05 0.6561791770260165
2.420128264794382 5e-05 0.6540083263699953
2.535364493970112 5e-05 0.651733615529304
2.6560877829466865 5e-05 0.6493510498769
2.7825594022071245 5e-05 0.6468546313090578
2.915053062825177 5e-05 0.644237969502896
3.0538555088334154 5e-05 0.6414968517978469
3.1992671377973836 5e-05 0.6386254947427158
3.3516026509388426 5e-05 0.6356195579439725
3.5111917342151315 5e-05 0.6324718223535364
3.678379771828634 5e-05 0.6291773129634328
3.8535285937105295 5e-05 0.6257276123274438
4.0370172585965545 5e-05 0.6221196535436847
4.229242874389499 5e-05 0.6183474421654206
4.430621457583881 5e-05 0.6144058081364795
4.641588833612779 5e-05 0.6102854952712653
4.862601580065355 5e-05 0.6059854627224037
5.09413801481638 5e-05 0.6014978440302458
5.3366992312063095 5e-05 0.5968185347600716
5.590810182512223 5e-05 0.5919447984089719
5.857020818056667 5e-05 0.5843740671190557
6.135907273413174 5e-05 0.5725797254535009
6.428073117284322 5e-05 0.5602843179729597
6.734150657750822 5e-05 0.5474756546617606
7.054802310718643 5e-05 0.5341380505785025
7.390722033525779 5e-05 0.5202788015998052
7.742636826811272 5e-05 0.5058836750551513
8.111308307896872 5e-05 0.49096224343539185
8.497534359086444 5e-05 0.47551403596516223
8.902150854450388 5e-05 0.45956048562743135
9.326033468832199 5e-05 0.4431092080229757
9.770099572992253 5e-05 0.42617438025228105
10.235310218990262 5e-05 0.4087905291778856
10.722672220103236 5e-05 0.38733729493442043
11.233240329780276 5e-05 0.36090593782801483
11.768119524349986 5e-05 0.3339774271735361
12.328467394420665 5e-05 0.30667014130166786
12.91549665014884 5e-05 0.2791214521509051
13.530477745798075 5e-05 0.2514886379956869
14.174741629268055 5e-05 0.223895396261571
14.84968262254465 5e-05 0.19652171981421254
15.556761439304724 5e-05 0.16564807050140037
16.297508346206442 5e-05 0.14720122095599925
17.073526474706913 5e-05 0.11356834529488849
17.886495290574352 5e-05 0.11495049961043166
18.738174228603846 5e-05 0.2278328186069093
19.630406500402714 5e-05 0.16882249538949198
20.565123083486515 5e-05 0.07248151961909417
21.544346900318843 5e-05 0.05453604977607232
22.5701971963392 5e-05 0.12507504562666635
23.644894126454084 5e-05 0.05311765297325215
24.770763559917114 5e-05 0.14882463598277695
25.950242113997373 5e-05 0.10835488509974414
27.185882427329414 5e-05 0.005168964416334646
28.48035868435802 5e-05 0.17008660100804848
29.8364724028334 5e-05 0.19134328807086964
31.25715849688237 5e-05 0.23545278284308388
32.7454916287773 5e-05 0.10657187885609451
34.30469286314919 5e-05 0.07291357628603183
35.938136638046274 5e-05 0.15468995170354818
37.64935806792469 5e-05 0.24682138638881737
39.44206059437656 5e-05 0.27769644720125175
41.32012400115339 5e-05 0.2761657684133286
43.287612810830595 5e-05 0.22196502739958346
45.34878508128585 5e-05 0.20676964349238403
47.50810162102798 5e-05 0.2662564184035741
49.77023564332111 5e-05 0.3203133721924568
52.14008287999687 5e-05 0.32980582596606656
54.62277217684342 5e-05 0.27184659994105304
57.2236765935022 5e-05 0.32895140789745486
59.94842503189412 5e-05 0.31944203488586265
62.80291441834257 5e-05 0.2790528375770652
65.79332246575683 5e-05 0.27044400565391435
68.92612104349698 5e-05 0.26308476987862145
72.20809018385468 5e-05 0.2692564331712008
75.6463327554629 5e-05 0.2843353010828018
79.24828983539177 5e-05 0.2797055709792875
83.02175681319748 5e-05 0.2797055709792875
86.97490026177834 5e-05 0.2797055709792875
91.11627561154897 5e-05 0.2797055709792875
95.45484566618343 5e-05 0.2797055709792875
100.0 5e-05 0.2797055709792875
1.0 6e-05 1.8713686023748854
1.0476157527896648 6e-05 1.8697707788639786
1.0974987654930561 6e-05 1.868096144389039
1.1497569953977358 6e-05 1.866340268365252
1.204503540258782 6e-05 1.8644992337170945
1.2618568830660204 6e-05 1.8625680285315678
1.321941148466029 6e-05 1.8605429425323448
1.384886371393873 6e-05 1.8584189544834298
1.4508287784959397 6e-05 1.8561921121290808
1.5199110829529339 6e-05 1.8538581911008363
1.5922827933410924 6e-05 1.8514101003931591
1.6681005372000588 6e-05 1.8488429912093498
1.7475284000076838 6e-05 1.8461505961093594
1.8307382802953682 6e-05 1.8433281419097198
1.9179102616724888 6e-05 1.8403680510326454
2.0092330025650473 6e-05 1.8372629325751442
2.1049041445120205 6e-05 1.834006094779622
2.205130739903046 6e-05 1.8305911192047672
2.3101297000831598 6e-05 1.8270081459377991
2.420128264794382 6e-05 1.8232503346063036
2.535364493970112 6e-05 1.819310250129773
2.6560877829466865 6e-05 1.815180425870218
2.7825594022071245 6e-05 1.810848351542038
2.915053062825177 6e-05 1.8063045727685076
3.0538555088334154 6e-05 1.8015390857831959
3.1992671377973836 6e-05 1.7965442193901786
3.3516026509388426 6e-05 1.7913090533503677
3.5111917342151315 6e-05 1.7858203159736217
3.678379771828634 6e-05 1.7800701444877738
3.8535285937105295 6e-05 1.7740432851364623
4.0370172585965545 6e-05 1.767731553510072
4.229242874389499 6e-05 1.7611243313155442
4.430621457583881 6e-05 1.754209287688417
4.641588833612779 6e-05 1.7469751183929962
4.862601580065355 6e-05 1.7394139039494338
5.09413801481638 6e-05 1.7315134137387462
5.3366992312063095 6e-05 1.7232653791269315
5.590810182512223 6e-05 1.714666909472119
5.857020818056667 6e-05 1.7013927635996227
6.135907273413174 6e-05 1.6807729082402103
6.428073117284322 6e-05 1.6592066709603808
6.734150657750822 6e-05 1.6366658032861976
7.054802310718643 6e-05 1.613110218626641
7.390722033525779 6e-05 1.5885336964151744
7.742636826811272 6e-05 1.5629030852066517
8.111308307896872 6e-05 1.5362144268818543
8.497534359086444 6e-05 1.5084453911851605
8.902150854450388 6e-05 1.4796196617092592
9.326033468832199 6e-05 1.4497344197601654
9.770099572992253 6e-05 1.4188105142325398
10.235310218990262 6e-05 1.3869054173181397
10.722672220103236 6e-05 1.3468224064680636
11.233240329780276 6e-05 1.2965184116297728
11.768119524349986 6e-05 1.2447305856857869
12.328467394420665 6e-05 1.1915807913264453
12.91549665014884 6e-05 1.137219368269688
13.530477745798075 6e-05 1.0818510735991833
14.174741629268055 6e-05 1.0256698059561975
14.84968262254465 6e-05 0.9690015247541917
15.556761439304724 6e-05 0.9042359954159634
16.297508346206442 6e-05 0.8446180968183823
17.073526474706913 6e-05 0.7749193057106833
17.886495290574352 6e-05 0.735042495165638
18.738174228603846 6e-05 0.8364549473935796
19.630406500402714 6e-05 0.7319856138249186
20.565123083486515 6e-05 0.5688017043579532
21.544346900318843 6e-05 0.5228636242749084
22.5701971963392 6e-05 0.5922216174241731
23.644894126454084 6e-05 0.49108421146095643
24.770763559917114 6e-05 0.20945564429596827
25.950242113997373 6e-05 0.23789278431195962
27.185882427329414 6e-05 0.3677088964293717
28.48035868435802 6e-05 0.5465130542937113
29.8364724028334 6e-05 0.5498632043211238
31.25715849688237 6e-05 0.5852276094853475
32.7454916287773 6e-05 0.38440484586137846
34.30469286314919 6e-05 0.10887915937756559
35.938136638046274 6e-05 0.023587069592089106
37.64935806792469 6e-05 0.1763075032785654
39.44206059437656 6e-05 0.23998393412529578
41.32012400115339 6e-05 0.2514330736482349
43.287612810830595 6e-05 0.17910065586532295
45.34878508128585 6e-05 0.15939304654964243
47.50810162102798 6e-05 0.24489623241166514
49.77023564332111 6e-05 0.32313121508080456
52.14008287999687 6e-05 0.34064050082921565
54.62277217684342 6e-05 0.26130271765088653
57.2236765935022 6e-05 0.344564486289856
59.94842503189412 6e-05 0.33394869194987586
62.80291441834257 6e-05 0.27809440456689827
65.79332246575683 6e-05 0.266046458175617
68.92612104349698 6e-05 0.25577731676670723
72.20809018385468 6e-05 0.2647256276292811
75.6463327554629 6e-05 0.2862613088882314
79.24828983539177 6e-05 0.2797055709792875
83.02175681319748 6e-05 0.2797055709792875
86.97490026177834 6e-05 0.2797055709792875
91.11627561154897 6e-05 0.2797055709792875
95.45484566618343 6e-05 0.2797055709792875
100.0 6e-05 0.2797055709792875
1.0 7e-05 3.4078686505028872
1.0476157527896648 7e-05 3.4048013814781033
1.0974987654930561 7e-05 3.401585751423903
1.1497569953977358 7e-05 3.398213619645747
1.204503540258782 7e-05 3.394677903272995
1.2618568830660204 7e-05 3.3909704284056286
1.321941148466029 7e-05 3.387076992470668
1.384886371393873 7e-05 3.382995455314082
1.4508287784959397 7e-05 3.3787153562658347
1.5199110829529339 7e-05 3.374223572060032
1.5922827933410924 7e-05 3.369510471185678
1.6681005372000588 7e-05 3.3645680474008826
1.7475284000076838 7e-05 3.359382173956485
1.8307382802953682 7e-05 3.3539421343210276
1.9179102616724888 7e-05 3.348231504780309
2.0092330025650473 7e-05 3.342241052525428
2.1049041445120205 7e-05 3.335953038630117
2.205130739903046 7e-05 3.329353099138519
2.3101297000831598 7e-05 3.322425460479774
2.420128264794382 7e-05 3.3151588045660887
2.535364493970112 7e-05 3.3075315902443894
2.6560877829466865 7e-05 3.2995258486849166
2.7825594022071245 7e-05 3.2911208559436993
2.915053062825177 7e-05 3.2822989403672853
3.0538555088334154 7e-05 3.273044635760362
3.1992671377973836 7e-05 3.2633329618421616
3.3516026509388426 7e-05 3.253140483843384
3.5111917342151315 7e-05 3.242441277156095
3.678379771828634 7e-05 3.231219317478887
3.8535285937105295 7e-05 3.219448040347119
4.0370172585965545 7e-05 3.2070942600673473
4.229242874389499 7e-05 3.194140208890501
4.430621457583881 7e-05 3.1805599098375743
4.641588833612779 7e-05 3.16632420287322
4.862601580065355 7e-05 3.1514038236185766
5.09413801481638 7e-05 3.1357816027982417
5.3366992312063095 7e-05 3.119421910572502
5.590810182512223 7e-05 3.1023039874951244
5.857020818056667 7e-05 3.084411131511046
6.135907273413174 7e-05 3.0657119306457226
6.428073117284322 7e-05 3.046196237432364
6.734150657750822 7e-05 3.025831617508925
7.054802310718643 7e-05 3.0046148795047545
7.390722033525779 7e-05 2.982523541341278
7.742636826811272 7e-05 2.95956551455824
8.111308307896872 7e-05 2.9357540593705576
8.497534359086444 7e-05 2.9072709955173397
8.902150854450388 7e-05 2.8488908888263027
9.326033468832199 7e-05 2.7877907784247125
9.770099572992253 7e-05 2.7239213992804885
10.235310218990262 7e-05 2.6572396512364724
10.722672220103236 7e-05 2.587766433380399
11.233240329780276 7e-05 2.5155586753112367
11.768119524349986 7e-05 2.440685773144767
12.328467394420665 7e-05 2.363253634485233
12.91549665014884 7e-05 2.283419778831269
13.530477745798075 7e-05 2.2014314760661673
14.174741629268055 7e-05 2.11762577381412
14.84968262254465 7e-05 2.0324766738823747
15.556761439304724 7e-05 1.9423500682503196
16.297508346206442 7e-05 1.8474604613850087
17.073526474706913 7e-05 1.7402416734160977
17.886495290574352 7e-05 1.649469301172014
18.738174228603846 7e-05 1.7145281947825333
19.630406500402714 7e-05 1.545342648497282
20.565123083486515 7e-05 1.286443358647799
21.544346900318843 7e-05 1.1638102091548101
22.5701971963392 7e-05 1.1264228479922973
23.644894126454084 7e-05 0.9333448939059571
24.770763559917114 7e-05 0.5433709527505822
25.950242113997373 7e-05 0.4801649815893243
27.185882427329414 7e-05 0.5203482941052168
28.48035868435802 7e-05 0.600284747701828
29.8364724028334 7e-05 0.5138545360344308
31.25715849688237 7e-05 0.4887124283083857
32.7454916287773 7e-05 0.30276468153197056
34.30469286314919 7e-05 0.07769321281907954
35.938136638046274 7e-05 0.028225599200932452
37.64935806792469 7e-05 0.14064235153659208
39.44206059437656 7e-05 0.18247382911211427
41.32012400115339 7e-05 0.19542769532852314
43.287612810830595 7e-05 0.13538772865574888
45.34878508128585 7e-05 0.15800271667465035
47.50810162102798 7e-05 0.2621145692235255
49.77023564332111 7e-05 0.3373322227186777
52.14008287999687 7e-05 0.35312945443208515
54.62277217684342 7e-05 0.30245901054642654
57.2236765935022 7e-05 0.35147856966070967
59.94842503189412 7e-05 0.33515375508584805
62.80291441834257 7e-05 0.27681209098131243
65.79332246575683 7e-05 0.2624838439104258
68.92612104349698 7e-05 0.2576879647963337
72.20809018385468 7e-05 0.26880409194195226
75.6463327554629 7e-05 0.28383472735512233
79.24828983539177 7e-05 0.2797055709792875
83.02175681319748 7e-05 0.2797055709792875
86.97490026177834 7e-05 0.2797055709792875
91.11627561154897 7e-05 0.2797055709792875
95.45484566618343 7e-05 0.2797055709792875
100.0 7e-05 0.2797055709792875
1.0 8e-05 5.151766966038785
1.0476157527896648 8e-05 5.147885683523568
1.0974987654930561 8e-05 5.143816033533025
1.1497569953977358 8e-05 5.1395478021302345
1.204503540258782 8e-05 5.135072074480133
1.2618568830660204 8e-05 5.130377981104006
1.321941148466029 8e-05 5.1254480239727895
1.384886371393873 8e-05 5.120278926175451
1.4508287784959397 8e-05 5.114857114428537
1.5199110829529339 8e-05 5.109166394067198
1.5922827933410924 8e-05 5.103194411342346
1.6681005372000588 8e-05 5.096930539634377
1.7475284000076838 8e-05 5.090356706810245
1.8307382802953682 8e-05 5.083459574294893
1.9179102616724888 8e-05 5.076217270316694
2.0092330025650473 8e-05 5.068618723709031
2.1049041445120205 8e-05 5.060640809057301
2.205130739903046 8e-05 5.052265213640592
2.3101297000831598 8e-05 5.043471025019151
2.420128264794382 8e-05 5.03424356297624
2.535364493970112 8e-05 5.0245558373117
2.6560877829466865 8e-05 5.014383943125197
2.7825594022071245 8e-05 5.003700421509516
2.915053062825177 8e-05 4.992484048171501
3.0538555088334154 8e-05 4.980712080553334
3.1992671377973836 8e-05 4.968354081166875
3.3516026509388426 8e-05 4.955378148162602
3.5111917342151315 8e-05 4.941750967981434
3.678379771828634 8e-05 4.9274507900518865
3.8535285937105295 8e-05 4.912443337731182
4.0370172585965545 8e-05 4.896684579379447
4.229242874389499 8e-05 4.880150702024735
4.430621457583881 8e-05 4.862807929954266
4.641588833612779 8e-05 4.844616595606036
4.862601580065355 8e-05 4.825537587454876
5.09413801481638 8e-05 4.805548732296332
5.3366992312063095 8e-05 4.7846016298625145
5.590810182512223 8e-05 4.762667054152716
5.857020818056667 8e-05 4.739722633668592
6.135907273413174 8e-05 4.715724945872318
6.428073117284322 8e-05 4.690659390837239
6.734150657750822 8e-05 4.664480798562746
7.054802310718643 8e-05 4.637181198316323
7.390722033525779 8e-05 4.608728191024967
7.742636826811272 8e-05 4.579128704335046
8.111308307896872 8e-05 4.5483992167100125
8.497534359086444 8e-05 4.511591573011255
8.902150854450388 8e-05 4.43590197961886
9.326033468832199 8e-05 4.356445517573199
9.770099572992253 8e-05 4.27311490628425
10.235310218990262 8e-05 4.185808149278079
10.722672220103236 8e-05 4.094493523916231
11.233240329780276 8e-05 3.9991708784421416
11.768119524349986 8e-05 3.8998619856909156
12.328467394420665 8e-05 3.7966331860851343
12.91549665014884 8e-05 3.689612858955472
13.530477745798075 8e-05 3.5790472652087173
14.174741629268055 8e-05 3.4653053325443515
14.84968262254465 8e-05 3.348932990755357
15.556761439304724 8e-05 3.223828923342598
16.297508346206442 8e-05 3.078896991662453
17.073526474706913 8e-05 2.9306922374823126
17.886495290574352 8e-05 2.7811032013854398
18.738174228603846 8e-05 2.794556452672676
19.630406500402714 8e-05 2.568073215653566
20.565123083486515 8e-05 2.2232883895831885
21.544346900318843 8e-05 2.04283614190304
22.5701971963392 8e-05 1.9348694715987467
23.644894126454084 8e-05 1.679717543911016
24.770763559917114 8e-05 1.1868477164706874
25.950242113997373 8e-05 1.0593290164717277
27.185882427329414 8e-05 1.0576744237176536
28.48035868435802 8e-05 1.085499656639045
29.8364724028334 8e-05 0.9414760866801989
31.25715849688237 8e-05 0.8764197989109863
32.7454916287773 8e-05 0.6184579014955583
34.30469286314919 8e-05 0.3081827681243376
35.938136638046274 8e-05 0.15303795047921473
37.64935806792469 8e-05 0.012732399827369432
39.44206059437656 8e-05 0.08314967812737956
41.32012400115339 8e-05 0.11539579470698964
43.287612810830595 8e-05 0.05387638336893461
45.34878508128585 8e-05 0.09385960712980192
47.50810162102798 8e-05 0.2335689157204328
49.77023564332111 8e-05 0.33638378222151777
52.14008287999687 8e-05 0.36339173008213105
54.62277217684342 8e-05 0.30108581617312025
57.2236765935022 8e-05 0.366934207772696
59.94842503189412 8e-05 0.34826421527057244
62.80291441834257 8e-05 0.27433491694354284
65.79332246575683 8e-05 0.25655126692111946
68.92612104349698 8e-05 0.25086809899281093
72.20809018385468 8e-05 0.26547094729997234
75.6463327554629 8e-05 0.28504855144175506
79.24828983539177 8e-05 0.2797055709792875
83.02175681319748 8e-05 0.2797055709792875
86.97490026177834 8e-05 0.2797055709792875
91.11627561154897 8e-05 0.2797055709792875
95.45484566618343 8e-05 0.2797055709792875
100.0 8e-05 0.2797055709792875
1.0 9e-05 7.046903915110051
1.0476157527896648 9e-05 7.04228287804454
1.0974987654930561 9e-05 7.037443467773516
1.1497569953977358 9e-05 7.032351092739423
1.204503540258782 9e-05 7.027022877887875
1.2618568830660204 9e-05 7.021434275561047
1.321941148466029 9e-05 7.015554350005123
1.384886371393873 9e-05 7.009400236817729
1.4508287784959397 9e-05 7.002941253472376
1.5199110829529339 9e-05 6.996157147647225
1.5922827933410924 9e-05 6.989037419858128
1.6681005372000588 9e-05 6.98156978953574
1.7475284000076838 9e-05 6.973731903066539
1.8307382802953682 9e-05 6.965505286360774
1.9179102616724888 9e-05 6.95686758230187
2.0092330025650473 9e-05 6.9478046213865206
2.1049041445120205 9e-05 6.938295006649293
2.205130739903046 9e-05 6.928300602682419
2.3101297000831598 9e-05 6.917803557029724
2.420128264794382 9e-05 6.9067917622475985
2.535364493970112 9e-05 6.895226086120069
2.6560877829466865 9e-05 6.8830828817433956
2.7825594022071245 9e-05 6.870325829831069
2.915053062825177 9e-05 6.856928028973273
3.0538555088334154 9e-05 6.842861319807722
3.1992671377973836 9e-05 6.828092387790993
3.3516026509388426 9e-05 6.812580594628132
3.5111917342151315 9e-05 6.796284205849826
3.678379771828634 9e-05 6.779178535328393
3.8535285937105295 9e-05 6.761219543279113
4.0370172585965545 9e-05 6.742357027204787
4.229242874389499 9e-05 6.722559821722415
4.430621457583881 9e-05 6.701785128240671
4.641588833612779 9e-05 6.679985051267061
4.862601580065355 9e-05 6.657112814942457
5.09413801481638 9e-05 6.633138226417729
5.3366992312063095 9e-05 6.608003572370322
5.590810182512223 9e-05 6.581670987210789
5.857020818056667 9e-05 6.5541127370488805
6.135907273413174 9e-05 6.525274164295226
6.428073117284322 9e-05 6.495135425589212
6.734150657750822 9e-05 6.463640456871452
7.054802310718643 9e-05 6.4307758903543215
7.390722033525779 9e-05 6.396499362674102
7.742636826811272 9e-05 6.360817815721477
8.111308307896872 9e-05 6.323748497905763
8.497534359086444 9e-05 6.279276324161896
8.902150854450388 9e-05 6.187423799941812
9.326033468832199 9e-05 6.090806825149605
9.770099572992253 9e-05 5.989257763492719
10.235310218990262 9e-05 5.882612876178453
10.722672220103236 9e-05 5.770781588177751
11.233240329780276 9e-05 5.653699364056858
11.768119524349986 9e-05 5.5313301287338525
12.328467394420665 9e-05 5.403685182946859
12.91549665014884 9e-05 5.2708483042107375
13.530477745798075 9e-05 5.133041534908074
14.174741629268055 9e-05 4.990641893452613
14.84968262254465 9e-05 4.844239502207333
15.556761439304724 9e-05 4.685067755345445
16.297508346206442 9e-05 4.488763619273318
17.073526474706913 9e-05 4.301051705106673
17.886495290574352 9e-05 4.091933764541238
18.738174228603846 9e-05 4.0440208771818895
19.630406500402714 9e-05 3.761823503602198
20.565123083486515 9e-05 3.3318551968037164
21.544346900318843 9e-05 3.0922173475409096
22.5701971963392 9e-05 2.902584414524024
23.644894126454084 9e-05 2.585955041892014
24.770763559917114 9e-05 1.9952671214958508
25.950242113997373 9e-05 1.7943744375215451
27.185882427329414 9e-05 1.7366304006639552
28.48035868435802 9e-05 1.6906780506672816
29.8364724028334 9e-05 1.4792820852147277
31.25715849688237 9e-05 1.3627539615252213
32.7454916287773 9e-05 1.0234667908295123
34.30469286314919 9e-05 0.6163077421473441
35.938136638046274 9e-05 0.4019906360495356
37.64935806792469 9e-05 0.17002764224869474
39.44206059437656 9e-05 0.06108468328614002
41.32012400115339 9e-05 0.0005979662578550266
43.287612810830595 9e-05 0.05635807593086057
45.34878508128585 9e-05 0.0075354233417863885
47.50810162102798 9e-05 0.1892599850522673
49.77023564332111 9e-05 0.3255738983382608
52.14008287999687 9e-05 0.368541492864908
54.62277217684342 9e-05 0.29509270797349063
57.2236765935022 9e-05 0.3810482693198968
59.94842503189412 9e-05 0.36109335736261317
62.80291441834257 9e-05 0.270630118062822
65.79332246575683 9e-05 0.24945471490875643
68.92612104349698 9e-05 0.24300428911392088
72.20809018385468 9e-05 0.2616823226464157
75.6463327554629 9e-05 0.2863992107736628
79.24828983539177 9e-05 0.2797055709792875
83.02175681319748 9e-05 0.2797055709792875
86.97490026177834 9e-05 0.2797055709792875
91.11627561154897 9e-05 0.2797055709792875
95.45484566618343 9e-05 0.2797055709792875
100.0 9e-05 0.2797055709792875
1.0 0.0001 99
1.0476157527896648 0.0001 99
1.0974987654930561 0.0001 99
1.1497569953977358 0.0001 99
1.204503540258782 0.0001 99
1.2618568830660204 0.0001 99
1.321941148466029 0.0001 99
1.384886371393873 0.0001 99
1.4508287784959397 0.0001 99
1.5199110829529339 0.0001 99
1.5922827933410924 0.0001 99
1.6681005372000588 0.0001 99
1.7475284000076838 0.0001 99
1.8307382802953682 0.0001 99
1.9179102616724888 0.0001 99
2.0092330025650473 0.0001 99
2.1049041445120205 0.0001 99
2.205130739903046 0.0001 99
2.3101297000831598 0.0001 99
2.420128264794382 0.0001 99
2.535364493970112 0.0001 99
2.6560877829466865 0.0001 99
2.7825594022071245 0.0001 99
2.915053062825177 0.0001 99
3.0538555088334154 0.0001 99
3.1992671377973836 0.0001 99
3.3516026509388426 0.0001 99
3.5111917342151315 0.0001 99
3.678379771828634 0.0001 99
3.8535285937105295 0.0001 99
4.0370172585965545 0.0001 99
4.229242874389499 0.0001 99
4.430621457583881 0.0001 99
4.641588833612779 0.0001 99
4.862601580065355 0.0001 99
5.09413801481638 0.0001 99
5.3366992312063095 0.0001 99
5.590810182512223 0.0001 99
5.857020818056667 0.0001 99
6.135907273413174 0.0001 99
6.428073117284322 0.0001 99
6.734150657750822 0.0001 99
7.054802310718643 0.0001 99
7.390722033525779 0.0001 8.209536151601387
7.742636826811272 0.0001 8.209536151601387
8.111308307896872 0.0001 8.209536151601387
8.497534359086444 0.0001 8.125890664701908
8.902150854450388 0.0001 8.014015948775546
9.326033468832199 0.0001 7.916520712471189
9.770099572992253 0.0001 7.79503047631873
10.235310218990262 0.0001 7.672440763978447
10.722672220103236 0.0001 7.542900364030266
11.233240329780276 0.0001 7.406275245296799
11.768119524349986 0.0001 7.263162939534973
12.328467394420665 0.0001 7.113668350733672
12.91549665014884 0.0001 6.9576703612480895
13.530477745798075 0.0001 6.795404351617405
14.174741629268055 0.0001 6.62724067795078
14.84968262254465 0.0001 6.453813415987794
15.556761439304724 0.0001 6.263601551841486
16.297508346206442 0.0001 6.017353228891848
17.073526474706913 0.0001 5.7937595024433755
17.886495290574352 0.0001 5.5284997499011475
18.738174228603846 0.0001 5.41662008524571
19.630406500402714 0.0001 5.083274584602075
20.565123083486515 0.0001 4.572595128156846
21.544346900318843 0.0001 4.277322935239816
22.5701971963392 0.0001 4.002885786630322
23.644894126454084 0.0001 3.629191329198855
24.770763559917114 0.0001 2.948224019546914
25.950242113997373 0.0001 2.6696881039416813
27.185882427329414 0.0001 2.5449635535108195
28.48035868435802 0.0001 2.4080850105204807
29.8364724028334 0.0001 2.1218461931209283
31.25715849688237 0.0001 1.943215014951886
32.7454916287773 0.0001 1.5164534624351715
34.30469286314919 0.0001 1.0045047411525123
35.938136638046274 0.0001 0.7228815792326987
37.64935806792469 0.0001 0.41331299879274225
39.44206059437656 0.0001 0.2562079329069778
41.32012400115339 0.0001 0.1580964126972337
43.287612810830595 0.0001 0.19914014868893026
45.34878508128585 0.0001 0.10389527732940579
47.50810162102798 0.0001 0.12606664411981958
49.77023564332111 0.0001 0.30204208020995493
52.14008287999687 0.0001 0.36677744526102063
54.62277217684342 0.0001 0.2831371882877321
57.2236765935022 0.0001 0.39277051532092405
59.94842503189412 0.0001 0.37314328201186203
62.80291441834257 0.0001 0.2654755222846079
65.79332246575683 0.0001 0.2410008802051995
68.92612104349698 0.0001 0.23406516188809728
72.20809018385468 0.0001 0.25739440457890533
75.6463327554629 0.0001 0.2878962352917286
79.24828983539177 0.0001 0.2797055709792875
83.02175681319748 0.0001 0.2797055709792875
86.97490026177834 0.0001 0.2797055709792875
91.11627561154897 0.0001 0.2797055709792875
95.45484566618343 0.0001 0.2797055709792875
100.0 0.0001 0.2797055709792875
1.0 0.0002 99
1.0476157527896648 0.0002 99
1.0974987654930561 0.0002 99
1.1497569953977358 0.0002 99
1.204503540258782 0.0002 99
1.2618568830660204 0.0002 99
1.321941148466029 0.0002 99
1.384886371393873 0.0002 99
1.4508287784959397 0.0002 99
1.5199110829529339 0.0002 99
1.5922827933410924 0.0002 99
1.6681005372000588 0.0002 99
1.7475284000076838 0.0002 99
1.8307382802953682 0.0002 99
1.9179102616724888 0.0002 99
2.0092330025650473 0.0002 99
2.1049041445120205 0.0002 99
2.205130739903046 0.0002 99
2.3101297000831598 0.0002 99
2.420128264794382 0.0002 99
2.535364493970112 0.0002 99
2.6560877829466865 0.0002 99
2.7825594022071245 0.0002 99
2.915053062825177 0.0002 99
3.0538555088334154 0.0002 99
3.1992671377973836 0.0002 99
3.3516026509388426 0.0002 99
3.5111917342151315 0.0002 99
3.678379771828634 0.0002 99
3.8535285937105295 0.0002 99
4.0370172585965545 0.0002 99
4.229242874389499 0.0002 99
4.430621457583881 0.0002 99
4.641588833612779 0.0002 99
4.862601580065355 0.0002 99
5.09413801481638 0.0002 99
5.3366992312063095 0.0002 99
5.590810182512223 0.0002 99
5.857020818056667 0.0002 99
6.135907273413174 0.0002 99
6.428073117284322 0.0002 99
6.734150657750822 0.0002 99
7.054802310718643 0.0002 99
7.390722033525779 0.0002 99
7.742636826811272 0.0002 99
8.111308307896872 0.0002 99
8.497534359086444 0.0002 99
8.902150854450388 0.0002 99
9.326033468832199 0.0002 99
9.770099572992253 0.0002 99
10.235310218990262 0.0002 99
10.722672220103236 0.0002 99
11.233240329780276 0.0002 99
11.768119524349986 0.0002 99
12.328467394420665 0.0002 99
12.91549665014884 0.0002 99
13.530477745798075 0.0002 99
14.174741629268055 0.0002 99
14.84968262254465 0.0002 99
15.556761439304724 0.0002 99
16.297508346206442 0.0002 99
17.073526474706913 0.0002 99
17.886495290574352 0.0002 99
18.738174228603846 0.0002 99
19.630406500402714 0.0002 99
20.565123083486515 0.0002 99
21.544346900318843 0.0002 99
22.5701971963392 0.0002 99
23.644894126454084 0.0002 99
24.770763559917114 0.0002 99
25.950242113997373 0.0002 99
27.185882427329414 0.0002 99
28.48035868435802 0.0002 99
29.8364724028334 0.0002 99
31.25715849688237 0.0002 99
32.7454916287773 0.0002 99
34.30469286314919 0.0002 8.041399959096541
35.938136638046274 0.0002 7.043366419849926
37.64935806792469 0.0002 5.828430152533118
39.44206059437656 0.0002 4.949665837882613
41.32012400115339 0.0002 4.141934431908427
43.287612810830595 0.0002 3.5922114645283973
45.34878508128585 0.0002 2.877370541373712
47.50810162102798 0.0002 1.9562367198076123
49.77023564332111 0.0002 1.1026747982282687
52.14008287999687 0.0002 0.4266359537374755
54.62277217684342 0.0002 0.43826180590559805
57.2236765935022 0.0002 0.12164786655232612
59.94842503189412 0.0002 0.2783502371088791
62.80291441834257 0.0002 0.06411950332110983
65.79332246575683 0.0002 0.05206798112871233
68.92612104349698 0.0002 0.07700727163529297
72.20809018385468 0.0002 0.186105664106516
75.6463327554629 0.0002 0.30898860974816245
79.24828983539177 0.0002 0.2797055709792875
83.02175681319748 0.0002 0.2797055709792875
86.97490026177834 0.0002 0.2797055709792875
91.11627561154897 0.0002 0.2797055709792875
95.45484566618343 0.0002 0.2797055709792875
100.0 0.0002 0.2797055709792875
1.0 0.0003 99
1.0476157527896648 0.0003 99
1.0974987654930561 0.0003 99
1.1497569953977358 0.0003 99
1.204503540258782 0.0003 99
1.2618568830660204 0.0003 99
1.321941148466029 0.0003 99
1.384886371393873 0.0003 99
1.4508287784959397 0.0003 99
1.5199110829529339 0.0003 99
1.5922827933410924 0.0003 99
1.6681005372000588 0.0003 99
1.7475284000076838 0.0003 99
1.8307382802953682 0.0003 99
1.9179102616724888 0.0003 99
2.0092330025650473 0.0003 99
2.1049041445120205 0.0003 99
2.205130739903046 0.0003 99
2.3101297000831598 0.0003 99
2.420128264794382 0.0003 99
2.535364493970112 0.0003 99
2.6560877829466865 0.0003 99
2.7825594022071245 0.0003 99
2.915053062825177 0.0003 99
3.0538555088334154 0.0003 99
3.1992671377973836 0.0003 99
3.3516026509388426 0.0003 99
3.5111917342151315 0.0003 99
3.678379771828634 0.0003 99
3.8535285937105295 0.0003 99
4.0370172585965545 0.0003 99
4.229242874389499 0.0003 99
4.430621457583881 0.0003 99
4.641588833612779 0.0003 99
4.862601580065355 0.0003 99
5.09413801481638 0.0003 99
5.3366992312063095 0.0003 99
5.590810182512223 0.0003 99
5.857020818056667 0.0003 99
6.135907273413174 0.0003 99
6.428073117284322 0.0003 99
6.734150657750822 0.0003 99
7.054802310718643 0.0003 99
7.390722033525779 0.0003 99
7.742636826811272 0.0003 99
8.111308307896872 0.0003 99
8.497534359086444 0.0003 99
8.902150854450388 0.0003 99
9.326033468832199 0.0003 99
9.770099572992253 0.0003 99
10.235310218990262 0.0003 99
10.722672220103236 0.0003 99
11.233240329780276 0.0003 99
11.768119524349986 0.0003 99
12.328467394420665 0.0003 99
12.91549665014884 0.0003 99
13.530477745798075 0.0003 99
14.174741629268055 0.0003 99
14.84968262254465 0.0003 99
15.556761439304724 0.0003 99
16.297508346206442 0.0003 99
17.073526474706913 0.0003 99
17.886495290574352 0.0003 99
18.738174228603846 0.0003 99
19.630406500402714 0.0003 99
20.565123083486515 0.0003 99
21.544346900318843 0.0003 99
22.5701971963392 0.0003 99
23.644894126454084 0.0003 99
24.770763559917114 0.0003 99
25.950242113997373 0.0003 99
27.185882427329414 0.0003 99
28.48035868435802 0.0003 99
29.8364724028334 0.0003 99
31.25715849688237 0.0003 99
32.7454916287773 0.0003 99
34.30469286314919 0.0003 99
35.938136638046274 0.0003 99
37.64935806792469 0.0003 99
39.44206059437656 0.0003 99
41.32012400115339 0.0003 99
43.287612810830595 0.0003 99
45.34878508128585 0.0003 7.778698051012084
47.50810162102798 0.0003 6.195391366262678
49.77023564332111 0.0003 4.606595275766968
52.14008287999687 0.0003 2.947793920648731
54.62277217684342 0.0003 2.526374176389057
57.2236765935022 0.0003 1.316242397654178
59.94842503189412 0.0003 0.6127617472610019
62.80291441834257 0.0003 0.6057094434885655
65.79332246575683 0.0003 0.4375304209145266
68.92612104349698 0.0003 0.2430148542592779
72.20809018385468 0.0003 0.0507173129983233
75.6463327554629 0.0003 0.33397163390451134
79.24828983539177 0.0003 0.2797055709792875
83.02175681319748 0.0003 0.2797055709792875
86.97490026177834 0.0003 0.2797055709792875
91.11627561154897 0.0003 0.2797055709792875
95.45484566618343 0.0003 0.2797055709792875
100.0 0.0003 0.2797055709792875
1.0 0.0004 0.2797055709792875
1.0476157527896648 0.0004 0.2797055709792875
1.0974987654930561 0.0004 0.2797055709792875
1.1497569953977358 0.0004 0.2797055709792875
1.204503540258782 0.0004 0.2797055709792875
1.2618568830660204 0.0004 0.2797055709792875
1.321941148466029 0.0004 0.2797055709792875
1.384886371393873 0.0004 0.2797055709792875
1.4508287784959397 0.0004 0.2797055709792875
1.5199110829529339 0.0004 0.2797055709792875
1.5922827933410924 0.0004 0.2797055709792875
1.6681005372000588 0.0004 0.2797055709792875
1.7475284000076838 0.0004 0.2797055709792875
1.8307382802953682 0.0004 0.2797055709792875
1.9179102616724888 0.0004 0.2797055709792875
2.0092330025650473 0.0004 0.2797055709792875
2.1049041445120205 0.0004 0.2797055709792875
2.205130739903046 0.0004 0.2797055709792875
2.3101297000831598 0.0004 0.2797055709792875
2.420128264794382 0.0004 0.2797055709792875
2.535364493970112 0.0004 0.2797055709792875
2.6560877829466865 0.0004 0.2797055709792875
2.7825594022071245 0.0004 0.2797055709792875
2.915053062825177 0.0004 0.2797055709792875
3.0538555088334154 0.0004 0.2797055709792875
3.1992671377973836 0.0004 0.2797055709792875
3.3516026509388426 0.0004 0.2797055709792875
3.5111917342151315 0.0004 0.2797055709792875
3.678379771828634 0.0004 0.2797055709792875
3.8535285937105295 0.0004 0.2797055709792875
4.0370172585965545 0.0004 0.2797055709792875
4.229242874389499 0.0004 0.2797055709792875
4.430621457583881 0.0004 0.2797055709792875
4.641588833612779 0.0004 0.2797055709792875
4.862601580065355 0.0004 0.2797055709792875
5.09413801481638 0.0004 0.2797055709792875
5.3366992312063095 0.0004 0.2797055709792875
5.590810182512223 0.0004 0.2797055709792875
5.857020818056667 0.0004 0.2797055709792875
6.135907273413174 0.0004 0.2797055709792875
6.428073117284322 0.0004 0.2797055709792875
6.734150657750822 0.0004 0.2797055709792875
7.054802310718643 0.0004 0.2797055709792875
7.390722033525779 0.0004 0.2797055709792875
7.742636826811272 0.0004 0.2797055709792875
8.111308307896872 0.0004 0.2797055709792875
8.497534359086444 0.0004 0.3058076080887281
8.902150854450388 0.0004 0.3956826300963559
9.326033468832199 0.0004 0.288290686033526
9.770099572992253 0.0004 0.017463936794545176
10.235310218990262 0.0004 0.3890299533562397
10.722672220103236 0.0004 0.9100089897583683
11.233240329780276 0.0004 1.5309197914283057
11.768119524349986 0.0004 2.2453238847624615
12.328467394420665 0.0004 3.0554570232282927
12.91549665014884 0.0004 3.974085191134505
13.530477745798075 0.0004 5.028606357760408
14.174741629268055 0.0004 6.271875362320731
14.84968262254465 0.0004 7.813749990423569
15.556761439304724 0.0004 99
16.297508346206442 0.0004 6.6966834297089965
17.073526474706913 0.0004 99
17.886495290574352 0.0004 99
18.738174228603846 0.0004 99
19.630406500402714 0.0004 99
20.565123083486515 0.0004 99
21.544346900318843 0.0004 99
22.5701971963392 0.0004 99
23.644894126454084 0.0004 99
24.770763559917114 0.0004 99
25.950242113997373 0.0004 99
27.185882427329414 0.0004 99
28.48035868435802 0.0004 7.928367942870712
29.8364724028334 0.0004 99
31.25715849688237 0.0004 99
32.7454916287773 0.0004 7.972551664431486
34.30469286314919 0.0004 6.189695588064394
35.938136638046274 0.0004 99
37.64935806792469 0.0004 99
39.44206059437656 0.0004 99
41.32012400115339 0.0004 7.725949887459127
43.287612810830595 0.0004 7.583056491845678
45.34878508128585 0.0004 99
47.50810162102798 0.0004 6.574437004978637
49.77023564332111 0.0004 4.7385276656544475
52.14008287999687 0.0004 3.811998113518232
54.62277217684342 0.0004 4.320096909133395
57.2236765935022 0.0004 2.7793479168268664
59.94842503189412 0.0004 2.118319548291414
62.80291441834257 0.0004 1.8057948108487405
65.79332246575683 0.0004 1.297742513828819
68.92612104349698 0.0004 0.7572707919664498
72.20809018385468 0.0004 0.16484681940042892
75.6463327554629 0.0004 0.3506098019427612
79.24828983539177 0.0004 0.2797055709792875
83.02175681319748 0.0004 0.2797055709792875
86.97490026177834 0.0004 0.2797055709792875
91.11627561154897 0.0004 0.2797055709792875
95.45484566618343 0.0004 0.2797055709792875
100.0 0.0004 0.2797055709792875
1.0 0.0005 0.2797055709792875
1.0476157527896648 0.0005 0.2797055709792875
1.0974987654930561 0.0005 0.2797055709792875
1.1497569953977358 0.0005 0.2797055709792875
1.204503540258782 0.0005 0.2797055709792875
1.2618568830660204 0.0005 0.2797055709792875
1.321941148466029 0.0005 0.2797055709792875
1.384886371393873 0.0005 0.2797055709792875
1.4508287784959397 0.0005 0.2797055709792875
1.5199110829529339 0.0005 0.2797055709792875
1.5922827933410924 0.0005 0.2797055709792875
1.6681005372000588 0.0005 0.2797055709792875
1.7475284000076838 0.0005 0.2797055709792875
1.8307382802953682 0.0005 0.2797055709792875
1.9179102616724888 0.0005 0.2797055709792875
2.0092330025650473 0.0005 0.2797055709792875
2.1049041445120205 0.0005 0.2797055709792875
2.205130739903046 0.0005 0.2797055709792875
2.3101297000831598 0.0005 0.2797055709792875
2.420128264794382 0.0005 0.2797055709792875
2.535364493970112 0.0005 0.2797055709792875
2.6560877829466865 0.0005 0.2797055709792875
2.7825594022071245 0.0005 0.2797055709792875
2.915053062825177 0.0005 0.2797055709792875
3.0538555088334154 0.0005 0.2797055709792875
3.1992671377973836 0.0005 0.2797055709792875
3.3516026509388426 0.0005 0.2797055709792875
3.5111917342151315 0.0005 0.2797055709792875
3.678379771828634 0.0005 0.2797055709792875
3.8535285937105295 0.0005 0.2797055709792875
4.0370172585965545 0.0005 0.2797055709792875
4.229242874389499 0.0005 0.2797055709792875
4.430621457583881 0.0005 0.2797055709792875
4.641588833612779 0.0005 0.2797055709792875
4.862601580065355 0.0005 0.2797055709792875
5.09413801481638 0.0005 0.2797055709792875
5.3366992312063095 0.0005 0.2797055709792875
5.590810182512223 0.0005 0.2797055709792875
5.857020818056667 0.0005 0.2797055709792875
6.135907273413174 0.0005 0.2797055709792875
6.428073117284322 0.0005 0.2797055709792875
6.734150657750822 0.0005 0.2797055709792875
7.054802310718643 0.0005 0.2797055709792875
7.390722033525779 0.0005 0.2797055709792875
7.742636826811272 0.0005 0.2797055709792875
8.111308307896872 0.0005 0.2797055709792875
8.497534359086444 0.0005 0.28197487159370055
8.902150854450388 0.0005 0.29519910425709406
9.326033468832199 0.0005 0.29541130399064186
9.770099572992253 0.0005 0.2774585029690188
10.235310218990262 0.0005 0.23484839939917682
10.722672220103236 0.0005 0.15933628360431748
11.233240329780276 0.0005 0.04045608003636418
11.768119524349986 0.0005 0.13576560416017383
12.328467394420665 0.0005 0.38766705667120105
12.91549665014884 0.0005 0.7416485096540347
13.530477745798075 0.0005 1.237943236476856
14.174741629268055 0.0005 1.9458035305888677
14.84968262254465 0.0005 3.008513129195351
15.556761439304724 0.0005 3.7861731382883836
16.297508346206442 0.0005 0.3917190947561105
17.073526474706913 0.0005 2.3840689369997086
17.886495290574352 0.0005 5.498394484673605
18.738174228603846 0.0005 5.726638434119334
19.630406500402714 0.0005 99
20.565123083486515 0.0005 6.837832840576314
21.544346900318843 0.0005 99
22.5701971963392 0.0005 3.986463179725409
23.644894126454084 0.0005 4.534942956985386
24.770763559917114 0.0005 1.7594743118587728
25.950242113997373 0.0005 5.644940673161715
27.185882427329414 0.0005 7.2627665432175545
28.48035868435802 0.0005 5.999280544840066
29.8364724028334 0.0005 6.384516543011971
31.25715849688237 0.0005 3.5444485889195936
32.7454916287773 0.0005 3.492752029020923
34.30469286314919 0.0005 4.041342217041724
35.938136638046274 0.0005 5.946116115959312
37.64935806792469 0.0005 3.786966084926033
39.44206059437656 0.0005 1.6194174098932876
41.32012400115339 0.0005 2.2992390773057014
43.287612810830595 0.0005 3.312679471610348
45.34878508128585 0.0005 1.9217380858201478
47.50810162102798 0.0005 1.2898064919694057
49.77023564332111 0.0005 1.80698016644133
52.14008287999687 0.0005 0.2034253644174863
54.62277217684342 0.0005 0.6821221399678087
57.2236765935022 0.0005 0.5639169562175979
59.94842503189412 0.0005 0.4288147670870298
62.80291441834257 0.0005 0.02161738233298213
65.79332246575683 0.0005 0.4098140749330313
68.92612104349698 0.0005 0.30613908395679196
72.20809018385468 0.0005 0.04843597316897544
75.6463327554629 0.0005 0.3454909018844635
79.24828983539177 0.0005 0.2797055709792875
83.02175681319748 0.0005 0.2797055709792875
86.97490026177834 0.0005 0.2797055709792875
91.11627561154897 0.0005 0.2797055709792875
95.45484566618343 0.0005 0.2797055709792875
100.0 0.0005 0.2797055709792875
