1	1	0.0645163984321762
1	2	0.06693626800798433
1	3	0.07389253772410574
1	4	0.08173526411562988
1	5	0.09431169291432515
1	6	0.09133777319201786
1	7	0.16623961356860967
1	8	0.18917952384685938
1	9	0.18235138361920117
1	10	0.17223991922603465
1	11	0.16615787219446146
1	12	0.16286465688251306
1	13	0.16128508719928153
1	14	0.16023419353453594
1	15	0.1563854997290072
1	16	0.15398686347926993
1	17	0.1455734731908806
1	18	0.13557263261521735
1	19	0.12570067742420551
1	20	0.12021232796483741
1	21	2.439875753865329
6	1	0.07432251427550415
6	2	0.0770522318830814
6	3	0.08440126945395605
6	4	0.09295342038482904
6	5	0.10623642530853637
6	6	0.1382829016186266
6	7	0.1807717639252596
6	8	0.20285875163419725
6	9	0.19459191307931561
6	10	0.18330568222444155
6	11	0.1776835232274442
6	12	0.17524197310984735
6	13	0.17258403657943377
6	14	0.1744591748441376
6	15	0.17248263278120662
6	16	0.1728407134170845
6	17	0.16742834182083116
6	18	0.16106104710584254
6	19	0.1564211355086936
6	20	0.15817840051429546
6	21	3.5491268296931677
11	1	0.08547115984016446
11	2	0.08868974211000064
11	3	0.09616815179110566
11	4	0.10541989845168104
11	5	0.11888297956363948
11	6	0.15327791606879923
11	7	0.19636171163834798
11	8	0.20421638297059086
11	9	0.20698916590527394
11	10	0.19526393646728754
11	11	0.1887134611426436
11	12	0.18653031199815678
11	13	0.18670055563879323
11	14	0.18699927867423152
11	15	0.1879152977527126
11	16	0.19027397629868673
11	17	0.18768400675144253
11	18	0.17989115713471232
11	19	0.18840273672606295
11	20	0.18496810099749417
11	21	4.445208057320297
16	1	0.09796612146132802
16	2	0.10107630877517526
16	3	0.10952933273615452
16	4	0.11929501495174408
16	5	0.1338741617718972
16	6	0.16928620402588201
16	7	0.21338004150642909
16	8	0.22380796451050172
16	9	0.21960737139323477
16	10	0.20567320958193447
16	11	0.1995810996210053
16	12	0.19761492450429607
16	13	0.1981362395183576
16	14	0.20124251779887062
16	15	0.2018369933713321
16	16	0.20582111020764687
16	17	0.2059636269948404
16	18	0.20770071165374343
16	19	0.21391381838790074
16	20	0.22140808923512617
16	21	5.142888078749044
21	1	0.11202437965338514
21	2	0.11545400492401983
21	3	0.12467580671446266
21	4	0.13155703853267836
21	5	0.14976303627690868
21	6	0.18635473833920355
21	7	0.23082863234549839
21	8	0.24417524066075463
21	9	0.23123349256677406
21	10	0.21687228311512044
21	11	0.20988716362896268
21	12	0.2084248862310511
21	13	0.20902852984741535
21	14	0.21356406101382833
21	15	0.21042365175393363
21	16	0.21965249161383493
21	17	0.22262354818176172
21	18	0.2274424952161597
21	19	0.23577193758875042
21	20	0.24680445882935634
21	21	5.6711631173842205
26	1	0.12764187944982
26	2	0.13137990179189551
26	3	0.14075332619183833
26	4	0.1514156985180861
26	5	0.16610003240863963
26	6	0.20471546332652737
26	7	0.24890097490828383
26	8	0.26390328793855933
26	9	0.24217204889558688
26	10	0.22706175987021826
26	11	0.21964753962635414
26	12	0.21814232681601564
26	13	0.21937274217130434
26	14	0.2230615310702282
26	15	0.22630924067764593
26	16	0.2330137441021839
26	17	0.2376930895205262
26	18	0.24500684998485298
26	19	0.2547845534784601
26	20	0.26421932963053335
26	21	6.061335208338093
31	1	0.14488468109223424
31	2	0.14896163300162985
31	3	0.15872112256940096
31	4	0.16969440736684405
31	5	0.18527470286372627
31	6	0.2245082235267558
31	7	0.2675551666165574
31	8	0.2752838500138246
31	9	0.25386948251643787
31	10	0.23809281425459777
31	11	0.22898952244511822
31	12	0.2258072100080795
31	13	0.2290137161382541
31	14	0.23288932024883494
31	15	0.23719601883586056
31	16	0.23819695001249347
31	17	0.251237947551181
31	18	0.260252602641739
31	19	0.2696687779475116
31	20	0.2780030647658324
31	21	6.335377471994697
36	1	0.1637929426832337
36	2	0.16803914020826122
36	3	0.17825620614457685
36	4	0.1893413148674205
36	5	0.20501117394400192
36	6	0.24478520871854154
36	7	0.28506002543669906
36	8	0.28890193762589456
36	9	0.26465834047175785
36	10	0.24584604965921825
36	11	0.23683077572437097
36	12	0.2357155316501811
36	13	0.23752038453815108
36	14	0.24391540368215298
36	15	0.24698428471804726
36	16	0.2565983660153596
36	17	0.2631379118915086
36	18	0.27397122715377387
36	19	0.28330526111739784
36	20	0.2950842413475746
36	21	6.543101850800571
41	1	0.18432456404240277
41	2	0.18846019400316588
41	3	0.1991516081346468
41	4	0.21030991842087868
41	5	0.20595532410003897
41	6	0.2660773520936149
41	7	0.303678805954134
41	8	0.302898896397626
41	9	0.2747545152042711
41	10	0.25293737961637536
41	11	0.24520949611531304
41	12	0.24345463583896532
41	13	0.24401279057134537
41	14	0.25223131437477403
41	15	0.2556860916304854
41	16	0.26652718219918015
41	17	0.2734967190856642
41	18	0.28523740818366217
41	19	0.2943915973790213
41	20	0.29441884443905636
41	21	6.690413198905899
46	1	0.20661757389808771
46	2	0.21070800895746056
46	3	0.22154005769021393
46	4	0.22128107617997883
46	5	0.20835036729309087
46	6	0.2883771245302147
46	7	0.32221317020178364
46	8	0.31616320805819254
46	9	0.28414728127634914
46	10	0.2605717913176484
46	11	0.2523565534240985
46	12	0.25073741971155306
46	13	0.25306200068153706
46	14	0.2599118475622819
46	15	0.263463298191005
46	16	0.27434488802317547
46	17	0.282234066274595
46	18	0.29389340171616324
46	19	0.3011531956401806
46	20	0.2986938578951899
46	21	6.7508211866086825
51	1	0.23026434286033048
51	2	0.23439393700583938
51	3	0.24563559615347852
51	4	0.2565590214275525
51	5	0.2716072507919357
51	6	0.25756174172811697
51	7	0.3409289393953497
51	8	0.3286705024923665
51	9	0.29281904355263166
51	10	0.2692388128392602
51	11	0.2575351407665787
51	12	0.2569155965779156
51	13	0.2600154750658661
51	14	0.26677361029708324
51	15	0.26970687591757725
51	16	0.2812993882121425
51	17	0.29035397220128506
51	18	0.30131320189963756
51	19	0.30797875275436526
51	20	0.30298227914137954
51	21	6.779521609960572
56	1	0.2556802758571555
56	2	0.25992279144883024
56	3	0.27088082257529034
56	4	0.2817410760870641
56	5	0.29645284031402674
56	6	0.32015501998885004
56	7	0.35827911473289414
56	8	0.34053248510615736
56	9	0.30091705232786203
56	10	0.27634794687736475
56	11	0.26327208362645504
56	12	0.26251564207053324
56	13	0.2655324031383207
56	14	0.27295227348159606
56	15	0.27572499966215214
56	16	0.2875240207340075
56	17	0.2956097905198159
56	18	0.3078657823210385
56	19	0.3116903724997673
56	20	0.30438091981883975
56	21	6.760985880781567
61	1	0.28272504482457317
61	2	0.28704421558587107
61	3	0.14851757116215444
61	4	0.3085177453079008
61	5	0.3215579187199915
61	6	0.35640969802939465
61	7	0.3769739394513978
61	8	0.3517325939078395
61	9	0.3070189361420602
61	10	0.2815852420750881
61	11	0.270521022099599
61	12	0.26768443395848107
61	13	0.2706179013789026
61	14	0.27817435941815183
61	15	0.2617685680410655
61	16	0.29239730802524383
61	17	0.3002396206217614
61	18	0.3111914257605046
61	19	0.31361002458947634
61	20	0.30411899312869345
61	21	6.7686819642480405
66	1	0.3110875456931714
66	2	0.31520105541578447
66	3	0.32567009009376635
66	4	0.33540793291961507
66	5	0.3474119054100925
66	6	0.3670282007463935
66	7	0.39467020993768887
66	8	0.36219202444446896
66	9	0.31504189403783833
66	10	0.2868357487758073
66	11	0.27480769006013633
66	12	0.2722264787360863
66	13	0.27490871969333497
66	14	0.2825020382875583
66	15	0.26464160439587275
66	16	0.29645855365380935
66	17	0.3038143599312254
66	18	0.3142496784567761
66	19	0.31487995979006944
66	20	0.3034432811049863
66	21	6.7449587996202425
71	1	0.3401590559634096
71	2	0.34569450540784497
71	3	0.355029949319439
71	4	0.3636856441942493
71	5	0.3753784024594774
71	6	0.40556979490131906
71	7	0.41099594378138915
71	8	0.37176098983691175
71	9	0.32193292900699133
71	10	0.29137718042557803
71	11	0.2784131624967553
71	12	0.2760994490401124
71	13	0.2779182115394464
71	14	0.28631395964857265
71	15	0.28872952462074036
71	16	0.2819575680623413
71	17	0.30706757142413277
71	18	0.31618217409979327
71	19	0.31577542660206437
71	20	0.2982797140373243
71	21	6.688514385629404
76	1	0.3734147554402337
76	2	0.37720700947294045
76	3	0.3862278263784602
76	4	0.3928807211437174
76	5	0.40232435350118056
76	6	0.4288208849849509
76	7	0.42781035976610543
76	8	0.379457364835177
76	9	0.32681765975788757
76	10	0.29530369039334997
76	11	0.2815675951818886
76	12	0.27704138876513534
76	13	0.28076797944251775
76	14	0.2886055982825627
76	15	0.2916817312504303
76	16	0.30236412473670665
76	17	0.30715867578393663
76	18	0.3170581869161132
76	19	0.3138196305742809
76	20	0.29587732394622457
76	21	6.618963669876615
81	1	0.40531500286998867
81	2	0.4098321832402211
81	3	0.4163929464632041
81	4	0.42178483084603013
81	5	0.4303603295670684
81	6	0.45184263845568573
81	7	0.4436780747418099
81	8	0.3867987847784969
81	9	0.3314857045115201
81	10	0.29819590497869025
81	11	0.284330914459821
81	12	0.2813766282804998
81	13	0.2826569749419084
81	14	0.29089137930231146
81	15	0.29421084166342654
81	16	0.30368711480415533
81	17	0.3082838618057431
81	18	0.3160607075184385
81	19	0.3115912792245088
81	20	0.29618600206998164
81	21	6.532928566998995
86	1	0.4381747223531086
86	2	0.4431695395733356
86	3	0.44983681418991206
86	4	0.45299056688498884
86	5	0.4588233761770708
86	6	0.47419232045903426
86	7	0.4592860736591081
86	8	0.39521823416309043
86	9	0.33511615617876994
86	10	0.30083176390163313
86	11	0.28646854966284774
86	12	0.2827385552746891
86	13	0.2844115938265254
86	14	0.29346053838627556
86	15	0.2948455605473283
86	16	0.3048935289075012
86	17	0.30861253881364625
86	18	0.31378919564744895
86	19	0.30838352563479027
86	20	0.2924058282919282
86	21	6.44316688369052
91	1	0.47459090595847886
91	2	0.4774316963723982
91	3	0.48230158054939243
91	4	0.4836511531059852
91	5	0.4860681836492814
91	6	0.49767540375547703
91	7	0.4737050345492475
91	8	0.4003126695282683
91	9	0.3384819473424343
91	10	0.30288871972187137
91	11	0.2879999138875831
91	12	0.284101921896794
91	13	0.2865475057618757
91	14	0.27151568104552176
91	15	0.29516242507845436
91	16	0.3062226296070858
91	17	0.31509750478621534
91	18	0.31376405737543916
91	19	0.3044946089088943
91	20	0.2884547094418651
91	21	6.342784617896728
96	1	0.511672821516462
96	2	0.5122154825205667
96	3	0.5158114174284925
96	4	0.5158594502837507
96	5	0.5159660145080407
96	6	0.5208569031818102
96	7	0.4936055545472181
96	8	0.4066950427861536
96	9	0.3242076730436926
96	10	0.30428874133144634
96	11	0.28916435369558485
96	12	0.2849592360332003
96	13	0.2869840625134601
96	14	0.2941106617844461
96	15	0.2950280782736176
96	16	0.30598669354581476
96	17	0.3071152423738275
96	18	0.311564960878209
96	19	0.29385516659675925
96	20	0.2838179474009822
96	21	6.2441943405475255
101	1	0.5669924134496046
101	2	0.5488219033423898
101	3	0.5504233495732125
101	4	0.5493195079569282
101	5	0.5446436420862157
101	6	0.5448032981466371
101	7	0.5009455586463889
101	8	0.41166893065112886
101	9	0.3255493148438669
101	10	0.30561498483265426
101	11	0.28993551637816184
101	12	0.2854973858268425
101	13	0.2869964735646454
101	14	0.29404094706619116
101	15	0.29487108196683776
101	16	0.30486407972026136
101	17	0.3052985605900252
101	18	0.30856422405452166
101	19	0.28961422996213015
101	20	0.2789925796311511
101	21	6.147651862652121
106	1	0.5865819878689271
106	2	0.5851837631366095
106	3	0.585013806903665
106	4	0.5825440996887502
106	5	0.5729439057679192
106	6	0.5666509240213309
106	7	0.45759851658783446
106	8	0.41577389530488407
106	9	0.34513540326885345
106	10	0.3063531090043834
106	11	0.2985728481638886
106	12	0.2856082077355063
106	13	0.2663806518413854
106	14	0.293266782793134
106	15	0.2955484399319086
106	16	0.30216477726674584
106	17	0.3039991491488342
106	18	0.3054445969120637
106	19	0.3022930849564379
106	20	0.27401082016849976
106	21	6.036030879212088
111	1	0.6243147111001663
111	2	0.6224513248535701
111	3	0.6193189014775599
111	4	0.6142145647349984
111	5	0.601246543931639
111	6	0.588532033232482
111	7	0.4640235543502048
111	8	0.37178077782113883
111	9	0.34662525216732815
111	10	0.2889058045928847
111	11	0.29003021170678367
111	12	0.2850455041747644
111	13	0.2921618065072042
111	14	0.2926304373333977
111	15	0.2949278400559522
111	16	0.29994046387490525
111	17	0.30152352850241904
111	18	0.30131132039424335
111	19	0.2975865940934716
111	20	0.26887153517078827
111	21	5.920854443160241
116	1	0.6635775471190052
116	2	0.4824525186616101
116	3	0.652423013972125
116	4	0.6464826975612964
116	5	0.6296776300187302
116	6	0.6069556517764128
116	7	0.5347972959833571
116	8	0.44389791858388045
116	9	0.3466749679667333
116	10	0.3064147973847065
116	11	0.27162873747878147
116	12	0.26511556217929966
116	13	0.28483529401778407
116	14	0.2914993987469586
116	15	0.29266615338134544
116	16	0.297305680607185
116	17	0.29859836539197837
116	18	0.2970256417441214
116	19	0.29266292424355234
116	20	0.2635828628305563
116	21	5.801147930989055
121	1	0.7019987664158361
121	2	0.6947245958266105
121	3	0.6868772301167124
121	4	0.676750495970637
121	5	0.6596625713156259
121	6	0.6240220677982559
121	7	0.5422995011672074
121	8	0.4379239379444071
121	9	0.34595049707096803
121	10	0.3053734427331893
121	11	0.2883596616081017
121	12	0.282714962849193
121	13	0.2835984540675941
121	14	0.2908209175108917
121	15	0.29009641606515146
121	16	0.2952326972897498
121	17	0.29550334837184444
121	18	0.2927095463109472
121	19	0.27701610868977733
121	20	0.25802491043511305
121	21	5.681039497931686
126	1	0.7411634345945634
126	2	0.7309122776480281
126	3	0.7199892672474351
126	4	0.7062591942450756
126	5	0.682824776911795
126	6	0.6428845442349437
126	7	0.5514097309297796
126	8	0.4203348352564642
126	9	0.3455886512076382
126	10	0.3019797399733682
126	11	0.2851515061726556
126	12	0.28112928669881704
126	13	0.28190387998395994
126	14	0.28953521829047196
126	15	0.2707377232416077
126	16	0.29272529332743785
126	17	0.2936136281726378
126	18	0.2884081293454255
126	19	0.2716130333514739
126	20	0.25262211953567437
126	21	5.559371882414091
131	1	0.5731293495335944
131	2	0.7668898163190769
131	3	0.7528243718341313
131	4	0.736821228186615
131	5	0.7082823402618015
131	6	0.6618384130946584
131	7	0.5623627792464314
131	8	0.42980045663794114
131	9	0.35878633612407596
131	10	0.31603159265001135
131	11	0.2986851435703235
131	12	0.2793752120152373
131	13	0.27948050712362027
131	14	0.2867421466757695
131	15	0.28463267560588307
131	16	0.2894310576039003
131	17	0.2895980464809247
131	18	0.28401523210575147
131	19	0.26647186012558094
131	20	0.2471892219270641
131	21	5.436737468963701
136	1	0.8172117008382886
136	2	0.8008846621873346
136	3	0.7847119553780838
136	4	0.7662740247416433
136	5	0.7331075064450914
136	6	0.678335897181418
136	7	0.5689062571592847
136	8	0.4294141774464899
136	9	0.34322770663937147
136	10	0.301363828174656
136	11	0.2833374780511948
136	12	0.287319052926736
136	13	0.2771960025082185
136	14	0.28240452218309164
136	15	0.2817410480555017
136	16	0.2860789286795662
136	17	0.2852682864690794
136	18	0.2789008276762225
136	19	0.2610687770951333
136	20	0.2416201353184348
136	21	5.323239385589101
141	1	0.8537921230332686
141	2	0.8374758448177655
141	3	0.816006283526189
141	4	0.7998589352238418
141	5	0.7578314584739015
141	6	0.6943615466540464
141	7	0.5043048669526946
141	8	0.4301611383486168
141	9	0.34226451342087594
141	10	0.29945833080646816
141	11	0.28098876970381664
141	12	0.2742946086615745
141	13	0.2764249845084521
141	14	0.2784008930664491
141	15	0.2784695638714642
141	16	0.2820175861501865
141	17	0.28126295672508195
141	18	0.27370917705377457
141	19	0.2553231290995446
141	20	0.23607015108286702
141	21	5.199882519830247
146	1	0.8897525508871784
146	2	0.8693281262543036
146	3	0.8464219308456064
146	4	0.8204270793306032
146	5	0.779999582862705
146	6	0.7077796586022521
146	7	0.5780570087310547
146	8	0.4293870592305524
146	9	0.3259062340045531
146	10	0.29551930325015735
146	11	0.2789226670091381
146	12	0.271839149744623
146	13	0.2851803682135238
146	14	0.2762251661906535
146	15	0.27439450607615373
146	16	0.28602035620754995
146	17	0.2750053308464627
146	18	0.2686281468041273
146	19	0.2497491517134311
146	20	0.23064561542879314
146	21	5.073792428055714
151	1	0.925260173253481
151	2	0.9008515862644575
151	3	0.8754059950217694
151	4	0.8467979522703
151	5	0.8013553478617227
151	6	0.7183628753601721
151	7	0.5781313030029603
151	8	0.42818140137236543
151	9	0.3440175015661221
151	10	0.2947936851598062
151	11	0.27666693621077054
151	12	0.2690795456513864
151	13	0.2708742482493344
151	14	0.2739945010674275
151	15	0.27026818212506126
151	16	0.2821430249665836
151	17	0.27050872715979635
151	18	0.2582890322427206
151	19	0.24418922811265842
151	20	0.2250973272549071
151	21	4.9708641928419866
156	1	0.957741111460076
156	2	0.9134012883106027
156	3	0.9042324793607258
156	4	0.8670112395960997
156	5	0.8203722980590924
156	6	0.7286430958914298
156	7	0.578017736286421
156	8	0.4268980610107684
156	9	0.3573874765489973
156	10	0.3101769371750973
156	11	0.2738662481910308
156	12	0.26648687801720117
156	13	0.265303215087308
156	14	0.2694944941803613
156	15	0.26662729184779776
156	16	0.27050326093139376
156	17	0.2652860160987558
156	18	0.264944680471334
156	19	0.23873319301431944
156	20	0.21976258873399096
156	21	4.846922293971705
161	1	0.9919132602248937
161	2	0.9639222834679841
161	3	0.9259674037079187
161	4	0.8954738341090845
161	5	0.838251058880643
161	6	0.7421590622141254
161	7	0.5053316272729147
161	8	0.42550640076601026
161	9	0.3332985837145992
161	10	0.28943987544643157
161	11	0.28660741704596404
161	12	0.263307939558925
161	13	0.2616937308194559
161	14	0.2665347890670744
161	15	0.26264170333931725
161	16	0.265205727644763
161	17	0.2731015586366345
161	18	0.26447102068474665
161	19	0.23313405489100036
161	20	0.21412236661521372
161	21	4.73551072082671
166	1	1.0235837680084816
166	2	0.9916537673051948
166	3	0.9535852149488472
166	4	0.9194114664031456
166	5	0.8568728207859746
166	6	0.75115856200429
166	7	0.5859705312548442
166	8	0.450981350933932
166	9	0.3306380435783671
166	10	0.2788154893126596
166	11	0.2673859434223861
166	12	0.2754731524253236
166	13	0.25768741316393223
166	14	0.26334213232423304
166	15	0.25925385302012416
166	16	0.27595695881462257
166	17	0.26955077330173904
166	18	0.25893865551700507
166	19	0.22760590337087896
166	20	0.20924525136320984
166	21	4.613263891715527
171	1	1.0534315682925783
171	2	1.0149495133661395
171	3	0.9773130509767414
171	4	0.9379731244701129
171	5	0.8735651413526132
171	6	0.7599936727191992
171	7	0.5866429504807621
171	8	0.4222769093219832
171	9	0.327437801779076
171	10	0.28364785392231506
171	11	0.2642678637957239
171	12	0.25634963671281363
171	13	0.26897819732754724
171	14	0.2746544861762213
171	15	0.2690170440594912
171	16	0.2700647988493292
171	17	0.2643442467618419
171	18	0.2496072692664476
171	19	0.22207165905300208
171	20	0.20402290147987834
171	21	4.4933206161647785
176	1	1.0812285884697928
176	2	1.043121693368237
176	3	0.999219538281181
176	4	0.9561293069136448
176	5	0.8881738555654807
176	6	0.7669325500457449
176	7	0.5878392368372811
176	8	0.41759485277170977
176	9	0.3357374465696455
176	10	0.2799555326695661
176	11	0.2506378725696571
176	12	0.2579697844364226
176	13	0.2482143113272213
176	14	0.2701583457937596
176	15	0.27663074600636595
176	16	0.25165813838368
176	17	0.24682411336497864
176	18	0.24412981989587562
176	19	0.21676631370277216
176	20	0.19881081889976396
176	21	4.375335772798195
181	1	1.1086154663990362
181	2	1.064216286119374
181	3	1.019120664307233
181	4	0.9796233704304709
181	5	0.9027543657995054
181	6	0.769581571258346
181	7	0.5875620010266296
181	8	0.40765392729351196
181	9	0.32052850875514105
181	10	0.2764927152350088
181	11	0.25725535895690416
181	12	0.24767919551875994
181	13	0.2443603712243843
181	14	0.2519093732720877
181	15	0.24456040540238094
181	16	0.24728741586490977
181	17	0.2420351783833156
181	18	0.2285869783449381
181	19	0.21318621880915367
181	20	0.19361756786941392
181	21	4.27479959539145
186	1	1.1346802729239593
186	2	1.0915971357700711
186	3	1.0378360108732867
186	4	0.9864959588030866
186	5	0.9157204520976895
186	6	0.6311021867809767
186	7	0.5857092468481611
186	8	0.41185320470777587
186	9	0.31691837974702114
186	10	0.2814573646478837
186	11	0.25350128031296904
186	12	0.24337861494810903
186	13	0.2410586899371735
186	14	0.24933771186078252
186	15	0.2496401463765135
186	16	0.24244273043713005
186	17	0.23657291262172375
186	18	0.22311917048411084
186	19	0.20792840781437627
186	20	0.188503154956413
186	21	4.158862167734089
191	1	1.1536418013550902
191	2	1.1082593611260825
191	3	1.0529570430532407
191	4	1.000143452366745
191	5	0.926237870488398
191	6	0.779529389185231
191	7	0.6093205166063131
191	8	0.4103889497748097
191	9	0.31262204692277884
191	10	0.2693059041855151
191	11	0.2570839324514218
191	12	0.23982983176449132
191	13	0.23732534262833788
191	14	0.24246080022676778
191	15	0.24537270833954627
191	16	0.24712223327741917
191	17	0.22761152537480875
191	18	0.22093599237290545
191	19	0.20257060158583368
191	20	0.18339775960083093
191	21	4.0437065159788865
196	1	1.179144431051267
196	2	1.125435484345185
196	3	1.0694918398424642
196	4	1.0135154970655122
196	5	0.9331845891270938
196	6	0.7824689614539975
196	7	0.5814269709292529
196	8	0.40607906371404623
196	9	0.3086528110275774
196	10	0.26367996204127864
196	11	0.24592915467882534
196	12	0.2377117045436044
196	13	0.23125019942759018
196	14	0.2364255272614561
196	15	0.23280017725322147
196	16	0.2411997299213474
196	17	0.22339391310336343
196	18	0.21566052290893953
196	19	0.19593486816244593
196	20	0.17843482961058893
196	21	3.92604884844934
201	1	1.1987237189356958
201	2	1.141873084000962
201	3	1.083044173532525
201	4	1.0263623566446045
201	5	0.9431458137052318
201	6	0.7848731189130972
201	7	0.5787819780629986
201	8	0.4008475556570811
201	9	0.3047705952992139
201	10	0.26151414929386513
201	11	0.2497391874757969
201	12	0.2458811773064435
201	13	0.2288937945364388
201	14	0.24155171069669773
201	15	0.22759165777514448
201	16	0.22704180210518288
201	17	0.21976613186498709
201	18	0.21022445440450227
201	19	0.1905000572388197
201	20	0.17356246304305695
201	21	3.8160130992670975
206	1	1.2159636448499778
206	2	1.1549508802955897
206	3	1.094137875009504
206	4	1.0349784387025673
206	5	0.9497664650281319
206	6	0.7858559007656143
206	7	0.5754411046254568
206	8	0.39327956641668566
206	9	0.3023430875786834
206	10	0.25778784758921314
206	11	0.23781543574128783
206	12	0.22971095539827852
206	13	0.2314196705891799
206	14	0.23068438157626753
206	15	0.22218176551746655
206	16	0.22216387582852853
206	17	0.21908394821000046
206	18	0.2042094682892761
206	19	0.18547621715227097
206	20	0.1687709149720482
206	21	3.7080101778508165
211	1	1.2329463594460228
211	2	1.1737539803461
211	3	1.103900275966763
211	4	1.0490182132717822
211	5	0.9541605648646212
211	6	0.7859700885699679
211	7	0.5715632527909172
211	8	0.38928773311409226
211	9	0.2963620630116377
211	10	0.2535038908267126
211	11	0.23438308857793852
211	12	0.2256970036765062
211	13	0.22233361298384918
211	14	0.2234922123428784
211	15	0.21760211027389686
211	16	0.2169223945897964
211	17	0.21546039025768698
211	18	0.19858148664792413
211	19	0.18088934220599157
211	20	0.16403212865542097
211	21	3.6013847744371343
216	1	1.2474345418994166
216	2	1.1623303317619866
216	3	1.116301183250031
216	4	1.0506472366085275
216	5	0.9584597100750487
216	6	0.7855000275112839
216	7	0.5679194961827136
216	8	0.3845450806472661
216	9	0.2917602665196467
216	10	0.24949355432658699
216	11	0.23079597879930333
216	12	0.22175858335911777
216	13	0.21865391806727072
216	14	0.22195828483568025
216	15	0.21288585960465456
216	16	0.21270173710807355
216	17	0.2042437424872162
216	18	0.1986698548262521
216	19	0.17611833846328145
216	20	0.1593070441216051
216	21	3.4965173233021334
221	1	1.2586889368748515
221	2	1.1875826472140854
221	3	1.120600704705542
221	4	1.054924885231221
221	5	0.9595628569144637
221	6	0.7834115179936622
221	7	0.5623532776597404
221	8	0.3797952876814896
221	9	0.2864608066760115
221	10	0.24532232631878548
221	11	0.22663161859422437
221	12	0.2173962554577984
221	13	0.21448390330377454
221	14	0.21498039223690424
221	15	0.20835886080182295
221	16	0.20438856137742814
221	17	0.19955215802157916
221	18	0.19332911434650638
221	19	0.17195032864928325
221	20	0.15501023550378662
221	21	3.395628914097458
226	1	1.2693012462182018
226	2	1.19602419417624
226	3	1.1265877865521976
226	4	1.0600640915012267
226	5	0.8742961721623019
226	6	0.7808185210593046
226	7	0.5599521075983191
226	8	0.3745989727186359
226	9	0.27980116976030994
226	10	0.2413148164446227
226	11	0.22255103062959458
226	12	0.21351738710259835
226	13	0.21047098161909703
226	14	0.2096991387846862
226	15	0.2044922015870203
226	16	0.19920302753852925
226	17	0.19485243763583296
226	18	0.1881156435132576
226	19	0.16466377552705974
226	20	0.150511326086156
226	21	3.294893329957854
231	1	1.27897143995511
231	2	1.2004668060656933
231	3	1.1324389017380525
231	4	1.0651740756697783
231	5	0.9651963730910869
231	6	0.770147526609656
231	7	0.554423042684169
231	8	0.3693579420849197
231	9	0.2756077617944233
231	10	0.23734214263233455
231	11	0.21913705883868373
231	12	0.20947864504402736
231	13	0.20551520358848824
231	14	0.2052179044084646
231	15	0.19764600745434674
231	16	0.19484247377006592
231	17	0.1880157534693913
231	18	0.1793595267053251
231	19	0.16029157941184874
231	20	0.14629595675746204
231	21	3.1948450875882384
236	1	1.287461505495477
236	2	1.2082601310292589
236	3	1.130706183360834
236	4	1.0656606258244397
236	5	0.7300890969035283
236	6	0.7742796240888652
236	7	0.5472413369496716
236	8	0.36414647257922156
236	9	0.27352851281471097
236	10	0.23305045231866722
236	11	0.21423157456822556
236	12	0.20544233767684025
236	13	0.20128999853978938
236	14	0.20142490434302998
236	15	0.19516673578488347
236	16	0.19257178869525865
236	17	0.1850780084977167
236	18	0.17437198245459934
236	19	0.15599273069038272
236	20	0.14204021445181575
236	21	3.098477738942116
241	1	1.2931675374527711
241	2	1.2102656284840103
241	3	1.1344513731943255
241	4	1.065945970897208
241	5	0.9642615516673525
241	6	0.770485350321765
241	7	0.5418748355427824
241	8	0.3586681226961118
241	9	0.281646398873582
241	10	0.22893816831120217
241	11	0.21029596672637318
241	12	0.20145008146216598
241	13	0.1970667505799056
241	14	0.19701851913791524
241	15	0.19073918043588517
241	16	0.1878763269325096
241	17	0.18058080318488487
241	18	0.17065856449800176
241	19	0.15306483306745355
241	20	0.13788800193154113
241	21	3.0042298679602673
246	1	1.2984855213565343
246	2	1.213009418067788
246	3	1.1365461271356607
246	4	1.0674311416374656
246	5	0.9617228083082064
246	6	0.7657188855148865
246	7	0.5347222807032642
246	8	0.3534378568287311
246	9	0.2652044632045692
246	10	0.2249060427929044
246	11	0.20640508466519272
246	12	0.19735285971171304
246	13	0.2003932080899387
246	14	0.19231987673745954
246	15	0.18741924441470473
246	16	0.18359683259304874
246	17	0.1771636411134042
246	18	0.16501180891639378
246	19	0.14981419383827627
246	20	0.13399136955169325
246	21	2.906161673437534
251	1	1.3020290689615983
251	2	1.215061682483097
251	3	1.022032395935038
251	4	1.064566954772988
251	5	0.9595777920245554
251	6	0.7604160078241817
251	7	0.5282498519201654
251	8	0.3480222576316928
251	9	0.2606401853581603
251	10	0.22092706074897916
251	11	0.20245066195530417
251	12	0.19342953180668726
251	13	0.18895789455909656
251	14	0.18796490073240096
251	15	0.18220470142509515
251	16	0.1791070676196827
251	17	0.17192890922007914
251	18	0.16109255578593787
251	19	0.14561174322407863
251	20	0.1303335338966663
251	21	2.816951012957931
256	1	1.3023082283365004
256	2	1.2151570902755078
256	3	1.1361633397213957
256	4	0.7818242656699053
256	5	0.9554542004649806
256	6	0.7543427474853672
256	7	0.5226016830365259
256	8	0.34258048247738526
256	9	0.25626839727881395
256	10	0.21702391628192538
256	11	0.19862983566353914
256	12	0.1895701873821355
256	13	0.18504501828290992
256	14	0.1834986856002701
256	15	0.17792537370877518
256	16	0.17433277745139591
256	17	0.16888619968963087
256	18	0.1568754557574436
256	19	0.1411134526210897
256	20	0.12643207617530805
256	21	2.7297678386720454
261	1	1.305577326076818
261	2	1.212920190879383
261	3	1.13350845232337
261	4	1.0599389866478748
261	5	0.9523263550547314
261	6	0.7483859718068663
261	7	0.5160395295978204
261	8	0.33723715226407047
261	9	0.2518840697398885
261	10	0.21329880308958038
261	11	0.19501327846992728
261	12	0.18567360718549622
261	13	0.18094540412259957
261	14	0.1793839437925011
261	15	0.1737422569186337
261	16	0.1700361644204456
261	17	0.162862672377284
261	18	0.15181255541630498
261	19	0.1399814424516132
261	20	0.12268411446552659
261	21	2.6407631313960347
266	1	1.3053338617277417
266	2	1.2123674985934114
266	3	1.1289620857685239
266	4	1.0562047381631456
266	5	0.9479513332412315
266	6	0.7435202841837927
266	7	0.5041397081343854
266	8	0.3316434227200381
266	9	0.247546656557602
266	10	0.209435466248036
266	11	0.19125561644732972
266	12	0.18187265922480864
266	13	0.17706133091183462
266	14	0.17543467519949674
266	15	0.16962473265589376
266	16	0.1662386810578254
266	17	0.15650540306589977
266	18	0.14874473307444247
266	19	0.13589146919500628
266	20	0.11905743202729717
266	21	2.557602192816444
271	1	1.3010653339309532
271	2	1.2106954951488391
271	3	1.126262590766836
271	4	1.0401822921586874
271	5	0.9420013548216841
271	6	0.7358637913606718
271	7	0.5036925559496181
271	8	0.32629459233634883
271	9	0.2432316073012752
271	10	0.20564699310522858
271	11	0.18754403353002008
271	12	0.17838710632207322
271	13	0.1732733212970753
271	14	0.1715488697136634
271	15	0.16560821724165337
271	16	0.16210777893408407
271	17	0.1554152067251915
271	18	0.144714019345568
271	19	0.13176394564450494
271	20	0.11543626378163235
271	21	2.4854915621064704
276	1	1.302332484174619
276	2	0.8503614317816849
276	3	1.1205674956536105
276	4	1.043917320485554
276	5	0.9357901419720415
276	6	0.7287106758567612
276	7	0.49704076754304516
276	8	0.32098403385941765
276	9	0.23916203107907247
276	10	0.20187367870649364
276	11	0.18403614495906023
276	12	0.17475287929084352
276	13	0.16946988894898335
276	14	0.16764863232355756
276	15	0.1622266045045597
276	16	0.15424900775777156
276	17	0.15008896930377558
276	18	0.14044050074695466
276	19	0.12555634621767273
276	20	0.11199899569920557
276	21	2.406233960534398
281	1	1.298455532265521
281	2	1.201853566773503
281	3	1.1165007869833987
281	4	1.0424983585959056
281	5	0.9309376954101997
281	6	0.7204068225141875
281	7	0.49023767566631066
281	8	0.3159730351025549
281	9	0.23496982532588914
281	10	0.19823158139403319
281	11	0.18053456030507287
281	12	0.17118109757396105
281	13	0.16581976569077295
281	14	0.1638202113669847
281	15	0.15790846549053533
281	16	0.1524095932761588
281	17	0.14676294720835895
281	18	0.1365139742606572
281	19	0.12198703425182895
281	20	0.10864623015200739
281	21	2.3287493292851025
286	1	1.2958340389610044
286	2	1.194827529812991
286	3	1.109256741493811
286	4	1.0351274101552368
286	5	0.924106315862391
286	6	0.7160254988924586
286	7	0.48326775039488296
286	8	0.31064169129159613
286	9	0.2308343123871049
286	10	0.19460016180522952
286	11	0.177057396975444
286	12	0.16768550188451564
286	13	0.16225210396725875
286	14	0.1599983491103202
286	15	0.15406040779839997
286	16	0.1505191587207564
286	17	0.14362291330002847
286	18	0.13118388447108448
286	19	0.11862604939071689
286	20	0.10534548675360311
286	21	2.25335563256698
291	1	1.291259643431553
291	2	1.1929989207599003
291	3	1.1036922210700382
291	4	1.0278456088920178
291	5	0.9181783559995917
291	6	0.7068807979664076
291	7	0.4763060390610006
291	8	0.3056898151433796
291	9	0.22658868170144258
291	10	0.1912825551097224
291	11	0.17360622705789125
291	12	0.16433049871351155
291	13	0.15892943242078697
291	14	0.15618403382582738
291	15	0.15041129774757084
291	16	0.14676790990818445
291	17	0.13937649948021064
291	18	0.1294433288493271
291	19	0.1142375678313938
291	20	0.10170924306998344
291	21	2.17972867195394
296	1	1.2683485139349409
296	2	1.184259477877417
296	3	1.0965581555673527
296	4	0.991495296077582
296	5	0.6901639658741603
296	6	0.6993867014720874
296	7	0.4747648753736362
296	8	0.30058142174562374
296	9	0.22261851168343036
296	10	0.18759828823924396
296	11	0.17024258109613177
296	12	0.1610379333524556
296	13	0.15537552098931334
296	14	0.15260895162224886
296	15	0.1468302523517345
296	16	0.14295727169556624
296	17	0.135739733667545
296	18	0.12600876927121066
296	19	0.11229652234196655
296	20	0.09911589655039846
296	21	2.108765896620384
301	1	1.2647642884608572
301	2	1.1786390710200252
301	3	1.0875583426289739
301	4	1.0148186610753265
301	5	0.905466556991559
301	6	0.6907884956379755
301	7	0.4644422841275353
301	8	0.2959594737638631
301	9	0.2188987873390841
301	10	0.18413813165134507
301	11	0.16710151546149482
301	12	0.15770097998556604
301	13	0.1520384143678196
301	14	0.14913469321229084
301	15	0.14327009481036912
301	16	0.13941092478647782
301	17	0.13219330564526632
301	18	0.12248067103686058
301	19	0.10866718208009118
301	20	0.09567743290569103
301	21	2.0396984838994348
306	1	1.2575776346514607
306	2	1.1673205881138422
306	3	1.0829878206981682
306	4	1.007557606081657
306	5	0.8976489742845006
306	6	0.6840735942434044
306	7	0.4579104622444027
306	8	0.2906365347014165
306	9	0.21516333206720345
306	10	0.1805501455605586
306	11	0.16389925540113812
306	12	0.15453766567038052
306	13	0.14884697408362466
306	14	0.14569273960510298
306	15	0.13983726400671814
306	16	0.13590014070541562
306	17	0.12875836140703892
306	18	0.1190482028461346
306	19	0.10658408355759325
306	20	0.0928703647698694
306	21	1.975358371744557
311	1	1.267733562149906
311	2	1.1635618915559598
311	3	1.0755763434919499
311	4	1.0001373036460055
311	5	0.8913966278060761
311	6	0.676490271021241
311	7	0.45143042848791703
311	8	0.28579977080852415
311	9	0.210880496963462
311	10	0.1773718163395236
311	11	0.1604782497571109
311	12	0.15161644208768077
311	13	0.1457169880252726
311	14	0.1425649431429606
311	15	0.13652458020726987
311	16	0.13247333718980647
311	17	0.12546127386222933
311	18	0.11537427703715486
311	19	0.10320566571438516
311	20	0.0902288876516285
311	21	1.9102503939877882
316	1	1.2625059483559105
316	2	1.156056315629154
316	3	1.0677668920862087
316	4	0.9920754775481582
316	5	0.8879661834933971
316	6	0.6685516634775235
316	7	0.444730517460927
316	8	0.2811748413843653
316	9	0.2070982254278082
316	10	0.17434905531465117
316	11	0.15726823987225091
316	12	0.14854161458610804
316	13	0.1425927739084632
316	14	0.13932989159326095
316	15	0.1331668549267625
316	16	0.12924557276743073
316	17	0.11792680238590358
316	18	0.11322564208724387
316	19	0.09941784847548593
316	20	0.08778488838769075
316	21	1.8418463110233656
321	1	1.2561377660721735
321	2	1.1457755470006816
321	3	1.0604737137570728
321	4	0.9839730514687226
321	5	0.8742407736421663
321	6	0.660717033489996
321	7	0.44196371683849045
321	8	0.27645949646811097
321	9	0.20423030100171485
321	10	0.1712182801354727
321	11	0.15443522149191063
321	12	0.14530683312457596
321	13	0.13959269887790673
321	14	0.13627574498391698
321	15	0.1300976646656016
321	16	0.12605417602647356
321	17	0.1139171117432535
321	18	0.10925895009351651
321	19	0.09774113663168675
321	20	0.08420904780205915
321	21	1.7794090803545166
326	1	1.2452591790028422
326	2	1.1397419357680054
326	3	1.050360576523696
326	4	0.975710457902787
326	5	0.8667864808731303
326	6	0.6531557991691537
326	7	0.43572076579770136
326	8	0.27237579017459157
326	9	0.200680073642573
326	10	0.1682197060262566
326	11	0.15177394393377966
326	12	0.14228245558995822
326	13	0.13685734115463682
326	14	0.1331823340517687
326	15	0.1270305440845727
326	16	0.1229376602525304
326	17	0.11627332054890681
326	18	0.10658631531199642
326	19	0.09490595720364137
326	20	0.08220040932028497
326	21	1.7198718614301423
331	1	1.2411339500148284
331	2	1.1314111285231565
331	3	1.0431005712597
331	4	0.9681445312148474
331	5	0.8508995434111382
331	6	0.6455637259986557
331	7	0.41342087407352257
331	8	0.26792877712295304
331	9	0.1963297891606895
331	10	0.16494552997623907
331	11	0.14872913348391087
331	12	0.13952520524546547
331	13	0.13406413960621197
331	14	0.13028904459409185
331	15	0.1240071107290183
331	16	0.11990127434090045
331	17	0.11340855919560519
331	18	0.10438603027782466
331	19	0.09096258645788016
331	20	0.07823689006697496
331	21	1.660128135253003
336	1	1.2347740916569965
336	2	1.1234139493866961
336	3	1.0341691522703313
336	4	0.9597682308679394
336	5	0.8521298808733421
336	6	0.6379265349844618
336	7	0.41926907685567116
336	8	0.26473600901729344
336	9	0.1930291993870426
336	10	0.16175386861369778
336	11	0.14632891052330627
336	12	0.13632623185700515
336	13	0.1310276926183614
336	14	0.12744518373278513
336	15	0.12127311581922005
336	16	0.1170523090758553
336	17	0.11057100971291964
336	18	0.10165061237299897
336	19	0.08864015747841043
336	20	0.0788744550825305
336	21	1.6017471697932302
341	1	1.225321838397773
341	2	1.114759142721344
341	3	1.0250351317684525
341	4	0.9504532830359876
341	5	0.8439676888037067
341	6	0.6314535870122995
341	7	0.41373174905833277
341	8	0.2590090106838756
341	9	0.19083999895662193
341	10	0.15929711146186637
341	11	0.14372203859010915
341	12	0.13366752880456412
341	13	0.12835509213830953
341	14	0.12481891253670552
341	15	0.11855862492889235
341	16	0.11422362975622743
341	17	0.10787841553102803
341	18	0.09903819567787422
341	19	0.08626366408841032
341	20	0.07680120439893745
341	21	1.5504348963926144
346	1	1.2197274151529656
346	2	1.1076940993870519
346	3	1.014955872845166
346	4	0.9422715550131322
346	5	0.8377270769927456
346	6	0.6245110763505296
346	7	0.40805692888840084
346	8	0.25531785071567187
346	9	0.1877566611070728
346	10	0.1545794254088146
346	11	0.14207586503186065
346	12	0.13190546158577718
346	13	0.12592055801254512
346	14	0.1221978241477685
346	15	0.1159192150062912
346	16	0.11153175737498142
346	17	0.10521560017531813
346	18	0.09653526360782208
346	19	0.08425059159329858
346	20	0.07331553870353623
346	21	1.5064490511842792
351	1	1.212067862004069
351	2	1.098747110818848
351	3	1.0067172710610177
351	4	0.9341898077270578
351	5	0.8309338231219972
351	6	0.616647418920701
351	7	0.40262080578970855
351	8	0.25157068751037204
351	9	0.18423145675697322
351	10	0.15310097417053256
351	11	0.13740215896555003
351	12	0.13093358144903214
351	13	0.1234613385922354
351	14	0.11969085251412456
351	15	0.11366438533135048
351	16	0.10899928399085126
351	17	0.10267760557389959
351	18	0.09408850669450378
351	19	0.08198015556367641
351	20	0.06924348702844514
351	21	1.4442032983602369
356	1	1.204403072948654
356	2	1.089727746490427
356	3	0.9957519774159472
356	4	0.9012891331521511
356	5	0.8239458103537732
356	6	0.6096517693998462
356	7	0.39765205913701196
356	8	0.24828953897470374
356	9	0.18089929039724045
356	10	0.15170843205745127
356	11	0.1347948810029535
356	12	0.12699035960229343
356	13	0.12105992520310113
356	14	0.11695997083354898
356	15	0.11101148719498169
356	16	0.10662467604614434
356	17	0.1002021745280435
356	18	0.09182004170809815
356	19	0.08000479169292607
356	20	0.06842830114019506
356	21	1.3986331660107847
361	1	1.197588415815187
361	2	1.081096462836764
361	3	0.996235595950587
361	4	0.9219375640956029
361	5	0.8159288098576751
361	6	0.6026699211629172
361	7	0.3926928391467446
361	8	0.24482515439810873
361	9	0.17711938965082974
361	10	0.1490856159912946
361	11	0.1329804636839081
361	12	0.12434508131501014
361	13	0.119783902915897
361	14	0.1146020018670853
361	15	0.10861396854685464
361	16	0.10423365902214407
361	17	0.09784113962211788
361	18	0.08956766081372713
361	19	0.07795930800689937
361	20	0.06634444906709257
361	21	1.3309217415815593
366	1	1.1925770537452896
366	2	1.072470225999988
366	3	0.9890462782928922
366	4	0.911759560335274
366	5	0.809456299360757
366	6	0.5964828607236365
366	7	0.38722848253323006
366	8	0.24162581992089194
366	9	0.17712613126205473
366	10	0.14644503219377392
366	11	0.13163333441058078
366	12	0.12221813477592638
366	13	0.11656736328948897
366	14	0.11220710843105874
366	15	0.10631886411451352
366	16	0.10179927961853964
366	17	0.09557392593524097
366	18	0.08733639019618433
366	19	0.07584904170310772
366	20	0.06466522122117316
366	21	1.312458344258155
371	1	1.1836768106955886
371	2	1.0660418496958655
371	3	0.9827648362919618
371	4	0.9075950620280344
371	5	0.7952973256093039
371	6	0.5907565347402217
371	7	0.38294829103002437
371	8	0.2382262040010068
371	9	0.17458893760504218
371	10	0.14209447173372974
371	11	0.12969794583825872
371	12	0.11976514812341094
371	13	0.11435686249416527
371	14	0.11035851270680436
371	15	0.10390427289473464
371	16	0.09956140505693833
371	17	0.09340533002496228
371	18	0.08523699683688622
371	19	0.07391580728680378
371	20	0.06252425049029757
371	21	1.2663094399868378
376	1	1.1758951667856836
376	2	1.0574673668723735
376	3	0.9746806104462078
376	4	0.9081649248900321
376	5	0.7972845324413771
376	6	0.5845970572331853
376	7	0.37872512602462927
376	8	0.2351246216270192
376	9	0.1692568775909028
376	10	0.13982793017467154
376	11	0.12596922900287638
376	12	0.11772554690829325
376	13	0.11150279430523005
376	14	0.10867710986439444
376	15	0.10186451316823564
376	16	0.09755001023872065
376	17	0.09141623402158494
376	18	0.08327031499173643
376	19	0.07210663988636866
376	20	0.06091857720293003
376	21	1.2007191988339827
381	1	1.1693026970754492
381	2	1.049352413798227
381	3	0.9690053535680561
381	4	0.8947697430530616
381	5	0.7908223066165121
381	6	0.5803767802576174
381	7	0.37469135121646047
381	8	0.23258061442878492
381	9	0.16612753494320803
381	10	0.13975755341675017
381	11	0.12319190623936711
381	12	0.11588829115272194
381	13	0.11021741764943996
381	14	0.1059550467005604
381	15	0.09980889495224674
381	16	0.09549115559301899
381	17	0.08942216910862934
381	18	0.08131675830975406
381	19	0.0703225692015971
381	20	0.05933982492195697
381	21	1.1858139424485388
386	1	1.1646307434281302
386	2	1.0446089027596746
386	3	0.9608900801754762
386	4	0.8881055962652319
386	5	0.7832171169287252
386	6	0.5754415823668108
386	7	0.3705943097320515
386	8	0.22717622810555968
386	9	0.16618784197972458
386	10	0.1379573664669737
386	11	0.12211319347848348
386	12	0.11493544606917519
386	13	0.10855930552490961
386	14	0.10404394562697784
386	15	0.09863882389716125
386	16	0.09365328313095418
386	17	0.08747556631873657
386	18	0.07948747231049888
386	19	0.06863404659384627
386	20	0.057593000798494935
386	21	1.171678996493358
391	1	1.1574809556810872
391	2	1.041276601895145
391	3	0.9543199709860439
391	4	0.8779242097521849
391	5	0.7808401103098387
391	6	0.5703105229167447
391	7	0.37536368661400094
391	8	0.2258628181082128
391	9	0.16593586571100744
391	10	0.13763631796489528
391	11	0.12135513004262818
391	12	0.1130765537945044
391	13	0.10681328241027602
391	14	0.10226315791335602
391	15	0.09600638609911669
391	16	0.09149949669450863
391	17	0.08582332154315542
391	18	0.07773155190380965
391	19	0.06230440206987496
391	20	0.05612111415454411
391	21	1.1534087964934785
396	1	1.1556413941263992
396	2	1.0331040256280353
396	3	0.9488224852257385
396	4	0.866341384738969
396	5	0.773961361404541
396	6	0.5660977310864249
396	7	0.36376104099098505
396	8	0.22574928827184995
396	9	0.1634876541786358
396	10	0.13476505281791218
396	11	0.12013123602311133
396	12	0.11123379605489694
396	13	0.10508525690372736
396	14	0.10052033319339224
396	15	0.09408236883861751
396	16	0.08977837606929737
396	17	0.08411994571898432
396	18	0.07607922378400127
396	19	0.06532041028548125
396	20	0.054496680193570374
396	21	1.0756883824963277
401	1	1.15525789185466
401	2	1.0314915168038419
401	3	0.9427955100950356
401	4	0.8676421646856842
401	5	0.7702247959787527
401	6	0.5618671436350381
401	7	0.36048093707531337
401	8	0.22116812648671663
401	9	0.16463105806636258
401	10	0.13474491712039952
401	11	0.12063741751966192
401	12	0.10895016240475902
401	13	0.10216744560627822
401	14	0.09810603776323241
401	15	0.09275061345315341
401	16	0.08871219677660747
401	17	0.08239176985525015
401	18	0.07457944895673982
401	19	0.06381018811684197
401	20	0.05126210182091795
401	21	1.0111928158732395
406	1	1.1468508441637297
406	2	1.030172287282392
406	3	0.9374271394323137
406	4	0.8699845497827645
406	5	0.7653058805202918
406	6	0.5575608169308031
406	7	0.35755152998400436
406	8	0.22051353611591884
406	9	0.160770790279461
406	10	0.1332755464397598
406	11	0.11825326000036492
406	12	0.10722554310932271
406	13	0.10212083717772302
406	14	0.09717159901518788
406	15	0.09124043220019412
406	16	0.08658570367655186
406	17	0.08106813162957849
406	18	0.0730408368821305
406	19	0.06234979178022497
406	20	0.051652146693860014
406	21	1.0076837544571624
411	1	1.14290438307175
411	2	1.0238170614485895
411	3	0.9330711904171258
411	4	0.8608773021576637
411	5	0.7619433523206317
411	6	0.5535241788471981
411	7	0.35447465225331365
411	8	0.21850346376544807
411	9	0.15957724676752602
411	10	0.13189437254093253
411	11	0.11708125161196342
411	12	0.10612730857040106
411	13	0.10054868001224929
411	14	0.09517120159727492
411	15	0.09010138855859162
411	16	0.08509163309756301
411	17	0.07928732007722085
411	18	0.07159461138422528
411	19	0.06096328560080716
411	20	0.050355359876782926
411	21	0.982961253902972
416	1	1.1401787704437338
416	2	1.021154270982339
416	3	0.9306617644713315
416	4	0.8222254587244664
416	5	0.7584446928747042
416	6	0.5504584699048078
416	7	0.31954858212078663
416	8	0.21661567546729413
416	9	0.15788193291305092
416	10	0.13066892196582347
416	11	0.11585277593655655
416	12	0.10634841961566413
416	13	0.09945671913369455
416	14	0.09381762107225178
416	15	0.08855051752924598
416	16	0.08375585237677352
416	17	0.07831258826705147
416	18	0.07037110949852265
416	19	0.059821863864487505
416	20	0.04909891946699405
416	21	0.9501609978317012
421	1	1.1373339204028965
421	2	1.0165813895126656
421	3	0.9257280716942965
421	4	0.8586318063860477
421	5	0.756507583913625
421	6	0.5471224639316012
421	7	0.3497266051138693
421	8	0.21552074684644104
421	9	0.15683307331832091
421	10	0.12966628833135888
421	11	0.11483100901075614
421	12	0.10493102158392134
421	13	0.09634187232876168
421	14	0.09260124167644149
421	15	0.08656641950594043
421	16	0.08239093310047382
421	17	0.07706511284634443
421	18	0.06899403388518552
421	19	0.05849700529446272
421	20	0.047923364679185454
421	21	0.9255261759856473
426	1	1.1374206772300743
426	2	1.0141219623637299
426	3	0.924617950435503
426	4	0.8554659274451756
426	5	0.759748283143908
426	6	0.5444694374691113
426	7	0.3475866014718427
426	8	0.2141643919883114
426	9	0.15569673559333652
426	10	0.12816734249216508
426	11	0.1138623508932477
426	12	0.10431946103646257
426	13	0.09632248730905257
426	14	0.09143102074601271
426	15	0.08595535047331992
426	16	0.08103802128886123
426	17	0.07533335111393041
426	18	0.06832794898374432
426	19	0.05741632572897827
426	20	0.04686463047898282
426	21	0.9034299181798033
431	1	1.1342397568172784
431	2	1.0123718029649702
431	3	0.9259544989485216
431	4	0.8536806600159412
431	5	0.751477998820911
431	6	0.5423252970552885
431	7	0.3456771654691153
431	8	0.2127409097909132
431	9	0.1547399579627459
431	10	0.1270655222188644
431	11	0.11177339560217654
431	12	0.10350313473287304
431	13	0.09490100667166412
431	14	0.0917327599329594
431	15	0.08475490764530144
431	16	0.07969234305498885
431	17	0.07420589662482148
431	18	0.06688870252023724
431	19	0.056389386549024534
431	20	0.045844008648273135
431	21	0.8772403298771914
436	1	1.1372399377520488
436	2	1.0109277234562375
436	3	0.9211730598641694
436	4	0.8542343736142335
436	5	0.7544763335547027
436	6	0.540327134372808
436	7	0.3440568903715817
436	8	0.21140496089124067
436	9	0.1538326479218047
436	10	0.1268929542111872
436	11	0.1121701482350743
436	12	0.10267868230640781
436	13	0.09536115544074425
436	14	0.09022766821124531
436	15	0.08378459243808468
436	16	0.07872272324048746
436	17	0.07331043519120267
436	18	0.06555198436014184
436	19	0.05526032003131424
436	20	0.04489291780162422
436	21	0.8541201350574223
441	1	1.1362004558072512
441	2	1.0101904251934721
441	3	0.9190640326936078
441	4	0.8458438903434221
441	5	0.7469771338197668
441	6	0.538801216750113
441	7	0.34238488506611153
441	8	0.21013152795580703
441	9	0.15284498290599274
441	10	0.12625121823064497
441	11	0.11142424194026682
441	12	0.10190392342152883
441	13	0.09489552392903061
441	14	0.0889785974314814
441	15	0.08284411439327802
441	16	0.07785985301465796
441	17	0.0720735964579983
441	18	0.06451421795771821
441	19	0.05425235774448357
441	20	0.04397258217089286
441	21	0.8319819869283094
446	1	1.1361507555324784
446	2	1.0097143531057853
446	3	0.9188609171928468
446	4	0.8449775051712777
446	5	0.743326045160871
446	6	0.5375088130172139
446	7	0.34167083868278186
446	8	0.20919634800310088
446	9	0.1523688097151264
446	10	0.12561977071176722
446	11	0.11091035618405748
446	12	0.10104317162143624
446	13	0.09418301536972556
446	14	0.08831553641369944
446	15	0.08067823451170514
446	16	0.07688702321481268
446	17	0.07120348333400459
446	18	0.06366057678004818
446	19	0.05282640946898762
446	20	0.04320521675781593
446	21	0.8095552720228276
451	1	1.1365686787451428
451	2	1.0304809310001999
451	3	0.9209183634843721
451	4	0.8479826260481331
451	5	0.7456711082387726
451	6	0.5369413912546361
451	7	0.33433238592898873
451	8	0.20864980736540328
451	9	0.1527966441958015
451	10	0.1250733562064808
451	11	0.11026816701541481
451	12	0.10078661926522024
451	13	0.09356684798637198
451	14	0.08789979795449263
451	15	0.08150798763622949
451	16	0.07604098118602233
451	17	0.07036607365993096
451	18	0.06269464675528175
451	19	0.05736043335234764
451	20	0.04222343821390104
451	21	0.7911187522486993
456	1	1.1379359343032043
456	2	1.0103461788537884
456	3	0.9149267830055945
456	4	0.6448649890644608
456	5	0.74509001858283
456	6	0.5311515116821304
456	7	0.34110043328212647
456	8	0.20857566361905058
456	9	0.15193917240089216
456	10	0.12471402723653527
456	11	0.10982940515739079
456	12	0.10019640854746953
456	13	0.09145356152074319
456	14	0.08744754285907909
456	15	0.08086224399994832
456	16	0.07527683388626169
456	17	0.0693909150641583
456	18	0.06194424274813094
456	19	0.05172467021864974
456	20	0.04143763268992784
456	21	0.776116472680032
461	1	1.1387043905252041
461	2	1.0132704820834284
461	3	0.915883017721099
461	4	0.845148394899345
461	5	0.7356682301060445
461	6	0.5349447864626096
461	7	0.34081134842573063
461	8	0.20805224030723823
461	9	0.15102806565364682
461	10	0.12437088385516278
461	11	0.10947369627870325
461	12	0.09979825657369211
461	13	0.09263730623651661
461	14	0.08691351479207556
461	15	0.0790394579711341
461	16	0.07456945833330564
461	17	0.06479895518657788
461	18	0.061224842082396716
461	19	0.05099232707652419
461	20	0.040734696436053444
461	21	0.7569813168593995
466	1	1.1414404750913407
466	2	1.0154135742303247
466	3	0.860855169319644
466	4	0.850131921766522
466	5	0.7486855590070369
466	6	0.534726785403214
466	7	0.3433060859718746
466	8	0.20835884649437886
466	9	0.15061425142379772
466	10	0.1258432702089671
466	11	0.10914606997474964
466	12	0.09937336655135409
466	13	0.09189731167802374
466	14	0.08637845194942591
466	15	0.07907282572174543
466	16	0.0739504317176303
466	17	0.06417681884150943
466	18	0.06077508032759521
466	19	0.05029601967022019
466	20	0.04007456517860845
466	21	0.7432327046306297
471	1	1.1469271026898318
471	2	1.0166721965053285
471	3	0.9186495449485765
471	4	0.8530117622560605
471	5	0.7510001590029801
471	6	0.5326655545429277
471	7	0.34075616248588103
471	8	0.20809466511270752
471	9	0.15418129238049094
471	10	0.12576695290889753
471	11	0.1088616522226806
471	12	0.09914447334863868
471	13	0.09181623774922698
471	14	0.08566814171562676
471	15	0.07882574264523579
471	16	0.07340625070320071
471	17	0.06726245654983773
471	18	0.05984289932511219
471	19	0.049948316860883704
471	20	0.03945123361721
471	21	0.7282411820987214
476	1	1.152592088643544
476	2	1.0179429746415503
476	3	0.9261629117515928
476	4	0.8559635541444914
476	5	0.7520213080386877
476	6	0.5363765346968989
476	7	0.33940545368121733
476	8	0.2084994707290878
476	9	0.15068983652394574
476	10	0.12438638316335358
476	11	0.1101423944334134
476	12	0.09895204958495267
476	13	0.09162311200570245
476	14	0.0857723771666137
476	15	0.07849500255790304
476	16	0.0729528052138328
476	17	0.06670375137007738
476	18	0.059308112930529386
476	19	0.04924513766949065
476	20	0.038952691265633374
476	21	0.7142284877040945
481	1	1.154208974002949
481	2	1.02307392114175
481	3	0.9303496581057156
481	4	0.843051758361156
481	5	0.7538418530112396
481	6	0.5385540210552271
481	7	0.34005980655695317
481	8	0.20866721075857073
481	9	0.15069223881870694
481	10	0.12452450128956133
481	11	0.10887451792881594
481	12	0.09897067570186974
481	13	0.09146113270773763
481	14	0.08557364418108802
481	15	0.07813540415652709
481	16	0.07258775347762636
481	17	0.06641137409073068
481	18	0.05881638232686324
481	19	0.04872372529510119
481	20	0.03646412164517939
481	21	0.7024908596454723
486	1	1.1611355267160124
486	2	1.0267803672416105
486	3	0.9327867509120256
486	4	0.8596555706029668
486	5	0.7572545662426398
486	6	0.5439433007139507
486	7	0.3418302469021465
486	8	0.20897352736614466
486	9	0.15095262119296382
486	10	0.12469453488386059
486	11	0.10900669149680872
486	12	0.09905269874028567
486	13	0.09128639305704359
486	14	0.08554770649429087
486	15	0.07781675323968873
486	16	0.07231082074288181
486	17	0.0659859916449184
486	18	0.05837585649240895
486	19	0.04829135626671256
486	20	0.03799307238306702
486	21	0.6936339631696511
491	1	1.1669926354725462
491	2	1.034428564040793
491	3	0.9330042456007414
491	4	0.8645189683682537
491	5	0.7601936038817382
491	6	0.5423348187344454
491	7	0.34177471493633316
491	8	0.2196252979706015
491	9	0.15136117593394338
491	10	0.12444333397076136
491	11	0.1092636007272263
491	12	0.10023720644283717
491	13	0.09130768460974723
491	14	0.08509623684360804
491	15	0.07767734785252477
491	16	0.07308597886110213
491	17	0.06574028115931387
491	18	0.057955089759633954
491	19	0.047889907551256786
491	20	0.037602413640913074
491	21	0.6829150954341048
496	1	1.1716883360983479
496	2	1.0374534681856753
496	3	0.9433412778128849
496	4	0.8674600882870043
496	5	0.7643754721663751
496	6	0.5446765889536814
496	7	0.34479389715890363
496	8	0.21021477335795774
496	9	0.15177941325266547
496	10	0.1247540529642561
496	11	0.10951348015903031
496	12	0.09933125389003278
496	13	0.09143155300129237
496	14	0.08527799575438781
496	15	0.07793826748627233
496	16	0.07173506009658787
496	17	0.06542154634133636
496	18	0.05761682656523058
496	19	0.04756201741330915
496	20	0.0376120110840109
496	21	0.6748108054832689
501	1	1.1794132891268312
501	2	1.0444919671552797
501	3	0.9489758284397292
501	4	0.8739480315202068
501	5	0.7683215489950935
501	6	0.5506868908651836
501	7	0.3445589521097503
501	8	0.21101863360424214
501	9	0.15232365717610702
501	10	0.12519748764334365
501	11	0.11026698743956938
501	12	0.09962027693800227
501	13	0.09165535834613495
501	14	0.08536321873866373
501	15	0.07793835761375585
501	16	0.07086302859103934
501	17	0.06520403868005595
501	18	0.057196382111300806
501	19	0.04729169484787544
501	20	0.036954067013227884
501	21	0.6680091671404704