1	1	0.013984419304162402
1	2	0.011702269146371014
1	3	0.015396974826724188
1	4	0.016645978739496727
1	5	0.018369543786690014
1	6	0.021867248593388122
1	7	0.024771424027356624
1	8	0.023711541743627815
1	9	0.020604224089640667
1	10	0.018160528207428098
1	11	0.016461224227547384
1	12	0.014920015530560308
1	13	0.013512337069403236
1	14	0.012017280785360173
1	15	0.009912497900948829
1	16	0.008132807657515945
1	17	0.005992410306037138
1	18	0.004332890166814219
1	19	0.003113942172237938
1	20	0.00249424796750258
1	21	0.045377727285521474
6	1	0.016098270766086983
6	2	0.01642300095474922
6	3	0.017591133296936838
6	4	0.01889600736428909
6	5	0.02068750362887106
6	6	0.024280249584883187
6	7	0.027060920113241654
6	8	0.02565547988001731
6	9	0.022213846333770784
6	10	0.019613939416598985
6	11	0.017835871242526762
6	12	0.01631396309019093
6	13	0.014485465339416914
6	14	0.013372979358867308
6	15	0.011264043378209278
6	16	0.009508201171289811
6	17	0.0072468671537579705
6	18	0.005534178749201136
6	19	0.003854628684737746
6	20	0.003842346685565815
6	21	0.082246122105547
11	1	0.018493769989133754
11	2	0.01882228145836172
11	3	0.020022037677836238
11	4	0.021396972920439142
11	5	0.023187372775330645
11	6	0.026989674308528822
11	7	0.029693493390369537
11	8	0.027929162731742514
11	9	0.024112050294674732
11	10	0.021337067540476838
11	11	0.01948606252721853
11	12	0.017907804424616793
11	13	0.016542267859918233
11	14	0.015024283998120532
11	15	0.01300645640409033
11	16	0.0112232398714444
11	17	0.008866793233203519
11	18	0.007144550336561764
11	19	0.005981124268606786
11	20	0.005969438903104253
11	21	0.13468633320895138
16	1	0.021166898713154515
16	2	0.021510226244323735
16	3	0.022778669361855457
16	4	0.024198066536771694
16	5	0.026142988022551633
16	6	0.029932658676222124
16	7	0.03256484781820299
16	8	0.030393504483297872
16	9	0.026185336980773053
16	10	0.023067867830208824
16	11	0.02128229172613276
16	12	0.019725336118125016
16	13	0.018358528635006106
16	14	0.017112047494961008
16	15	0.014936652971624274
16	16	0.013059425692384597
16	17	0.010746218372052066
16	18	0.009028731607646102
16	19	0.007961655337536728
16	20	0.007657992250859098
16	21	0.19690006363185614
21	1	0.024144425583696873
21	2	0.024500672147262505
21	3	0.025873374942332807
21	4	0.026592080902259386
21	5	0.029191379410375737
21	6	0.03306706884772606
21	7	0.03557954235425547
21	8	0.0334245183998612
21	9	0.028414691266198118
21	10	0.025173053602294933
21	11	0.023190528293423704
21	12	0.02168964883292715
21	13	0.02028260959474207
21	14	0.01913224079855336
21	15	0.016887166021200183
21	16	0.015107105509204239
21	17	0.012770582388220141
21	18	0.011089340295937734
21	19	0.01008725130015198
21	20	0.01042904985543903
21	21	0.26123718499460635
26	1	0.027160170982910844
26	2	0.027781719233179788
26	3	0.02910977818852503
26	4	0.03059466724845533
26	5	0.0323592127392461
26	6	0.03646433111724423
26	7	0.038813004885711
26	8	0.03629552145581523
26	9	0.030609518346093816
26	10	0.02718928167392234
26	11	0.02509894841167365
26	12	0.023599647590687035
26	13	0.022291576569017976
26	14	0.0208267506642303
26	15	0.01899656668597719
26	16	0.017251423468860272
26	17	0.014881732256210914
26	18	0.013227744562531434
26	19	0.012265119305748499
26	20	0.012709027595962118
26	21	0.3239864285959102
31	1	0.031007185308058252
31	2	0.03137136342426063
31	3	0.03272930982689107
31	4	0.0342373159941612
31	5	0.0352934067832064
31	6	0.04011726246273759
31	7	0.04222566965628657
31	8	0.03842140456316969
31	9	0.03290969620354594
31	10	0.029491202576445982
31	11	0.027063224042045052
31	12	0.02551409176069124
31	13	0.024307043014305037
31	14	0.023211803479650062
31	15	0.021061534551443533
31	16	0.01927831808215211
31	17	0.016964993562382995
31	18	0.015338801567304081
31	19	0.014415265159549238
31	20	0.015020282568342662
31	21	0.38370950940992693
36	1	0.034906056522074
36	2	0.035261963549650124
36	3	0.03663977496708427
36	4	0.038081494638586344
36	5	0.039939898667984884
36	6	0.04386656286597814
36	7	0.04535028893471245
36	8	0.041073205142809543
36	9	0.03513163833929122
36	10	0.031081476230722792
36	11	0.028975743097611636
36	12	0.027383291307636747
36	13	0.026180727069902262
36	14	0.025219737378246156
36	15	0.023034020770719896
36	16	0.02133683663756783
36	17	0.018994707214004
36	18	0.01739242779852895
36	19	0.01647368564744775
36	20	0.018628946297760983
36	21	0.438285449805858
41	1	0.03912397599151951
41	2	0.03946944679446255
41	3	0.04080019006247666
41	4	0.04218674106230144
41	5	0.03963397837492724
41	6	0.047762467683453005
41	7	0.048746889946343006
41	8	0.043790323860106686
41	9	0.037263937614382826
41	10	0.032932495016204315
41	11	0.03074173872791189
41	12	0.029178619810031056
41	13	0.02767773226281208
41	14	0.027115841083191115
41	15	0.024985573841416392
41	16	0.023316219698433744
41	17	0.020960741525396634
41	18	0.019346726096252438
41	19	0.018381966374820497
41	20	0.019118743415186656
41	21	0.487263634529751
46	1	0.043691988076364
46	2	0.04386020592695011
46	3	0.04514431563989507
46	4	0.04651223413292642
46	5	0.039281787744078964
46	6	0.05138039795215775
46	7	0.05216546103067457
46	8	0.04636306021107647
46	9	0.03929304610949443
46	10	0.03480130648489519
46	11	0.03244037900910547
46	12	0.030911921868199327
46	13	0.0297331036705209
46	14	0.02890821507114163
46	15	0.02677553362180745
46	16	0.02518108819456724
46	17	0.022754803289047113
46	18	0.021150740636560007
46	19	0.020131661587919795
46	20	0.020878533889542583
46	21	0.5281549911724934
51	1	0.04843571221704416
51	2	0.04859169724696807
51	3	0.04982998071852829
51	4	0.05112430211984946
51	5	0.05246720323186549
51	6	0.05615099859279688
51	7	0.05559973389716319
51	8	0.04878407814725424
51	9	0.04120856259119354
51	10	0.03647500166855624
51	11	0.034023676852808674
51	12	0.032473742845874
51	13	0.03143404232996602
51	14	0.03057601754655632
51	15	0.028278869754025004
51	16	0.026850204100245263
51	17	0.024449284553089513
51	18	0.022822181961463853
51	19	0.021758230188889883
51	20	0.02240208705915222
51	21	0.5660490164840787
56	1	0.053553613200534186
56	2	0.05367600679682255
56	3	0.054794906826150486
56	4	0.05591331980492526
56	5	0.05706201620057296
56	6	0.0572546115134688
56	7	0.058703776517382
56	8	0.051263783363480475
56	9	0.0428193440515503
56	10	0.03820614404737127
56	11	0.03550676828195162
56	12	0.03390738693263461
56	13	0.03292448178406628
56	14	0.03211174546322704
56	15	0.02992681373060726
56	16	0.028475572791871923
56	17	0.02598850590946046
56	18	0.024329311925346316
56	19	0.023161607878572514
56	20	0.02373620045302131
56	21	0.5963604861778814
61	1	0.058992810732044855
61	2	0.05893077526532908
61	3	0.027040192825784654
61	4	0.06090425208182296
61	5	0.0618474949164742
61	6	0.0643569263665181
61	7	0.06221038746541546
61	8	0.05355423953966414
61	9	0.04448171078534435
61	10	0.039485374436611216
61	11	0.03691179360334697
61	12	0.03524189460200368
61	13	0.034294729114582145
61	14	0.03352688948210335
61	15	0.03140156599321926
61	16	0.029834941194908794
61	17	0.027370136599192612
61	18	0.025670843413540655
61	19	0.02439871996306439
61	20	0.024915585390992583
61	21	0.6282540152871164
66	1	0.06453345716191475
66	2	0.06422620215262545
66	3	0.06527026265767744
66	4	0.06597140498650607
66	5	0.06650943187761259
66	6	0.0657479336054943
66	7	0.06556532966538318
66	8	0.05565981480324337
66	9	0.04623252563822126
66	10	0.040795215379592915
66	11	0.038073427199964156
66	12	0.03647971837448212
66	13	0.03542182431273499
66	14	0.03480754349014087
66	15	0.03271357054323448
66	16	0.031064156728006005
66	17	0.028616681370016033
66	18	0.02686305813628865
66	19	0.02548283712342844
66	20	0.02588786803907128
66	21	0.6506049666044579
71	1	0.07044953456630201
71	2	0.07024741299980967
71	3	0.07095709717813688
71	4	0.07121662871859054
71	5	0.07152655274250233
71	6	0.07317895322870636
71	7	0.06853100458054717
71	8	0.05759036483604442
71	9	0.04783646961646415
71	10	0.04196991212718176
71	11	0.03914024270681164
71	12	0.03757410744019352
71	13	0.036501293344960446
71	14	0.03605088611826191
71	15	0.033846162227828366
71	16	0.03223899365098791
71	17	0.02978981595184487
71	18	0.027884046659151143
71	19	0.026387487636438122
71	20	0.026705724417396222
71	21	0.6692058242029892
76	1	0.07671203845080724
76	2	0.07623044868885534
76	3	0.07656591983674217
76	4	0.0767193963559391
76	5	0.07652249344558891
76	6	0.07723485446730238
76	7	0.07160908588840162
76	8	0.05940900895916762
76	9	0.04888105691058617
76	10	0.04303784622725261
76	11	0.04020140983021059
76	12	0.03850945494887931
76	13	0.037434960950250507
76	14	0.0369565384749963
76	15	0.03487113442790666
76	16	0.03326868686770086
76	17	0.030715177357177575
76	18	0.02876905284037561
76	19	0.027071699448296137
76	20	0.027355670597886354
76	21	0.6844840177520994
81	1	0.08345020112163459
81	2	0.08230948856249051
81	3	0.08234992189599263
81	4	0.08186583224758467
81	5	0.08158019666343655
81	6	0.08132312251984515
81	7	0.0744553505946134
81	8	0.06090752418671609
81	9	0.049998336420061726
81	10	0.04389857089919027
81	11	0.04094099109778495
81	12	0.039348158915531714
81	13	0.03813539320978355
81	14	0.037820720909791994
81	15	0.03564751467654817
81	16	0.03411221765888918
81	17	0.031521101079440575
81	18	0.02951255650533225
81	19	0.027660441306681032
81	20	0.027884024721379366
81	21	0.6961277649714971
86	1	0.08900218019929095
86	2	0.08852078563288661
86	3	0.08849479518567527
86	4	0.08733409131141864
86	5	0.08662852317033817
86	6	0.08552848173949869
86	7	0.07717168589482142
86	8	0.06266043957700708
86	9	0.05104375102922678
86	10	0.044696399290844194
86	11	0.041667352291520195
86	12	0.039950420749938736
86	13	0.03883377234351237
86	14	0.038532452450652635
86	15	0.03642765241508145
86	16	0.034868743284578486
86	17	0.03213977760671132
86	18	0.0301052913140943
86	19	0.028211439939939548
86	20	0.028276853014490812
86	21	0.7043984785944185
91	1	0.0961396267804646
91	2	0.0950510833516925
91	3	0.0943729300532183
91	4	0.0929534937733528
91	5	0.09150547975073445
91	6	0.08956618123674653
91	7	0.07970001909729094
91	8	0.06369598197553532
91	9	0.051913492648347305
91	10	0.045357551458259704
91	11	0.04225280636261287
91	12	0.040532990637979584
91	13	0.03963260696358953
91	14	0.0391290973428252
91	15	0.037015790692709646
91	16	0.03569197094951926
91	17	0.03425719202076017
91	18	0.03059389725529172
91	19	0.028535882138405834
91	20	0.028556375512933198
91	21	0.7089023454372948
96	1	0.10282901647261677
96	2	0.10152689633389911
96	3	0.10022660876926527
96	4	0.09868379559941003
96	5	0.09660836020642034
96	6	0.0930405160326391
96	7	0.08330841806683299
96	8	0.06506417252870464
96	9	0.05267761846326157
96	10	0.04590628173087287
96	11	0.04274631300368816
96	12	0.04101360671881448
96	13	0.04004544246295717
96	14	0.03957189394240832
96	15	0.03750620539386419
96	16	0.035837783486475455
96	17	0.03303304160301967
96	18	0.03093805480681283
96	19	0.028804772428258196
96	20	0.028690560981474083
96	21	0.7119408065742714
101	1	0.10830901877685738
101	2	0.10827778137090112
101	3	0.1066323134151962
101	4	0.10463103158764407
101	5	0.10157338243691412
101	6	0.09683906860000997
101	7	0.0844230564849153
101	8	0.06605669585959488
101	9	0.05330398620866648
101	10	0.0464009281587928
101	11	0.043165656016410536
101	12	0.041398126637202506
101	13	0.04036128655827645
101	14	0.03993450647505349
101	15	0.03783994992085971
101	16	0.03618170145749233
101	17	0.03331893089537374
101	18	0.031157526847285177
101	19	0.028921547081913003
101	20	0.028753048099078096
101	21	0.712537552524735
106	1	0.11670276504368349
106	2	0.11470056510126497
106	3	0.11284971681927226
106	4	0.11047930627604344
106	5	0.10637703879827112
106	6	0.10100329874011808
106	7	0.07451994461480767
106	8	0.06694393116900138
106	9	0.053800193084397915
106	10	0.04677390739652831
106	11	0.04532550451134213
106	12	0.04169334945925595
106	13	0.04064711651325556
106	14	0.04008913621115076
106	15	0.03823286582200115
106	16	0.03639401002630203
106	17	0.033520340001643306
106	18	0.031304351187162745
106	19	0.031251422677977335
106	20	0.028729877870132287
106	21	0.7111013785470502
111	1	0.12325116836172167
111	2	0.12133222726677115
111	3	0.11837639684984165
111	4	0.11598016833318153
111	5	0.11126959938042298
111	6	0.10461563619778001
111	7	0.07537030881388468
111	8	0.06819902269144042
111	9	0.054282446169646684
111	10	0.0470105605866934
111	11	0.04367744424159955
111	12	0.04184650267915195
111	13	0.04215681893753222
111	14	0.04032438046146654
111	15	0.03846057163453229
111	16	0.03653746709666043
111	17	0.03364351475151491
111	18	0.031293720170427336
111	19	0.031229012336629752
111	20	0.028621990336162084
111	21	0.707831237538948
116	1	0.12986863815003868
116	2	0.12737869719325606
116	3	0.12449331671840977
116	4	0.12135744739222053
116	5	0.11603792934951103
116	6	0.10760016825816987
116	7	0.09044625193638298
116	8	0.07288304654878652
116	9	0.05443505499975207
116	10	0.04717676523737901
116	11	0.04377826458336014
116	12	0.04194899774618416
116	13	0.04087522356162785
116	14	0.04042073695122141
116	15	0.03837606647677649
116	16	0.036560780305711076
116	17	0.033669883150886704
116	18	0.031247667706904115
116	19	0.031117826418696606
116	20	0.02845265832372627
116	21	0.7029316275753581
121	1	0.13757340572983467
121	2	0.134027343431835
121	3	0.1304311039776225
121	4	0.12630240305416016
121	5	0.12103393336099025
121	6	0.11065216326058841
121	7	0.09155473558275616
121	8	0.07199306625576789
121	9	0.05456772806674963
121	10	0.04728071294612524
121	11	0.04382026835560066
121	12	0.04186673083052306
121	13	0.04118612363635831
121	14	0.04066435009458733
121	15	0.03835404059337875
121	16	0.03652093922175194
121	17	0.033607675453847845
121	18	0.031128419430024586
121	19	0.028620009738006453
121	20	0.028225125396157447
121	21	0.6965666397661531
126	1	0.14434666124553888
126	2	0.14026721143014542
126	3	0.13595140859064303
126	4	0.13128112088329308
126	5	0.12443196013794
126	6	0.11362888992150243
126	7	0.09300217984474055
126	8	0.06888387568665509
126	9	0.05462033783508652
126	10	0.046633498449048405
126	11	0.043345308390096225
126	12	0.04182251396852478
126	13	0.04085955434229754
126	14	0.04044062302943709
126	15	0.03818506601598114
126	16	0.036387416512882055
126	17	0.03344563341406743
126	18	0.030998595887026414
126	19	0.028354936453678373
126	20	0.027950299695689598
126	21	0.6889355311063861
131	1	0.15085166145376144
131	2	0.14635600215543776
131	3	0.1414747483395418
131	4	0.13624363149400387
131	5	0.12848813571001477
131	6	0.11617986901343215
131	7	0.09503973899498105
131	8	0.07057346356846059
131	9	0.05765572068424381
131	10	0.049996952555646616
131	11	0.04658188955195566
131	12	0.041767922611944536
131	13	0.040619267068216704
131	14	0.04006641172138836
131	15	0.038060780702800535
131	16	0.036210336888963114
131	17	0.03324226197958583
131	18	0.030828561165443576
131	19	0.028051912248043157
131	20	0.02762784020299897
131	21	0.6801743426494296
136	1	0.1573745483430489
136	2	0.15225741134592982
136	3	0.14664317802672266
136	4	0.14117379686948003
136	5	0.13254752432088424
136	6	0.11863595683411954
136	7	0.09586642302525968
136	8	0.06967067055093987
136	9	0.05436124118606513
136	10	0.04693343623829693
136	11	0.04344239132223719
136	12	0.04379904056705179
136	13	0.04039222308096499
136	14	0.039859518966566816
136	15	0.0377781487735052
136	16	0.035941250512648425
136	17	0.03292507501309276
136	18	0.030456923052062154
136	19	0.027712668140340634
136	20	0.02724071147174162
136	21	0.6703988688412341
141	1	0.1634387264798905
141	2	0.15809965051874694
141	3	0.1510926051520518
141	4	0.14685383011442418
141	5	0.13626875722879966
141	6	0.1206944986142606
141	7	0.08123527727331721
141	8	0.06984302353784459
141	9	0.0542291343882571
141	10	0.04674295517331652
141	11	0.043195628124337165
141	12	0.041251386318349514
141	13	0.04063304350848777
141	14	0.03952574003928298
141	15	0.03749156728298296
141	16	0.03562174833519646
141	17	0.03256914361585754
141	18	0.03007825837294955
141	19	0.027321362652256945
141	20	0.026835244191516474
141	21	0.6597402783999162
146	1	0.1697446487588805
146	2	0.16282123243064717
146	3	0.15625329456829756
146	4	0.1495998330540034
146	5	0.13957128214836384
146	6	0.12283327799555989
146	7	0.09705506789602354
146	8	0.0696930133232515
146	9	0.05348004236940596
146	10	0.04646414299513284
146	11	0.04287426133791031
146	12	0.04089405013965024
146	13	0.042767282590682076
146	14	0.03921568092301842
146	15	0.03711057152347858
146	16	0.0369265046958145
146	17	0.03214758510245375
146	18	0.029646999986237443
146	19	0.02689580274563987
146	20	0.02638922809502513
146	21	0.6483146743960724
151	1	0.17498687326299747
151	2	0.16771561535123589
151	3	0.1612023814676886
151	4	0.15384077429193174
151	5	0.14261490264936896
151	6	0.124467845799308
151	7	0.0964537074336363
151	8	0.06940063446947276
151	9	0.053679267892040444
151	10	0.04604206938409362
151	11	0.04250587610231295
151	12	0.04047134211250398
151	13	0.039334442777059435
151	14	0.039070004764893994
151	15	0.03650748361828633
151	16	0.03656474010072583
151	17	0.03176450507569975
151	18	0.02918431121559324
151	19	0.02644223629480133
151	20	0.025891225956153216
151	21	0.63641593944969
156	1	0.18012791306578374
156	2	0.16862175186904058
156	3	0.1653347161669611
156	4	0.1561433801786259
156	5	0.14515759804387268
156	6	0.1253775077034615
156	7	0.0960313984039501
156	8	0.06914506289879074
156	9	0.05805274067302278
156	10	0.04953795058830998
156	11	0.0420770187523577
156	12	0.04002890993643464
156	13	0.038907956186408
156	14	0.03834356151361883
156	15	0.03603334564724482
156	16	0.034443583633119404
156	17	0.031131382655574278
156	18	0.03102871552494836
156	19	0.025976709757649128
156	20	0.025413524256610826
156	21	0.6237246068398451
161	1	0.18561986212098583
161	2	0.17763311854320468
161	3	0.16822356780164507
161	4	0.16070837414497066
161	5	0.14741693958589458
161	6	0.12769642393558284
161	7	0.09647251300662171
161	8	0.06885493565225025
161	9	0.05282358270969345
161	10	0.04515327789043755
161	11	0.04511840505639651
161	12	0.03954720168208296
161	13	0.038383232101878245
161	14	0.040673460443136224
161	15	0.035559118093045426
161	16	0.03392148485503433
161	17	0.03346894520014008
161	18	0.03050095397479043
161	19	0.025465486847689338
161	20	0.024890305279442356
161	21	0.6104764407049527
166	1	0.1903808192165543
166	2	0.18183879968806174
166	3	0.1725109176497926
166	4	0.16369640041035868
166	5	0.1499526709192024
166	6	0.12858971444806477
166	7	0.09727145335071916
166	8	0.0746613759304934
166	9	0.05229556654986511
166	10	0.04463655410946675
166	11	0.041006283203091604
166	12	0.04246349868739645
166	13	0.03788265875862014
166	14	0.0372695493666551
166	15	0.03507697622817662
166	16	0.03659904738793853
166	17	0.03291626568469965
166	18	0.02992017947437481
166	19	0.024940830585759875
166	20	0.02434640336771115
166	21	0.5967658392622988
171	1	0.1947915634524609
171	2	0.1856330335576166
171	3	0.1755791517757676
171	4	0.16607031581172932
171	5	0.1521886192698454
171	6	0.12929437844349118
171	7	0.09705194459480723
171	8	0.06802209311214645
171	9	0.05169673709275089
171	10	0.044086907384956096
171	11	0.04021057304151428
171	12	0.0384530270672407
171	13	0.04072346683164727
171	14	0.04010889909127323
171	15	0.03781908465803037
171	16	0.0359275586792203
171	17	0.032379540659755845
171	18	0.029302623611857436
171	19	0.024397286804642378
171	20	0.023793272924992465
171	21	0.5828641030950181
176	1	0.19875768713603598
176	2	0.1890277042624271
176	3	0.1784609967736147
176	4	0.16825551652176002
176	5	0.1529868362232577
176	6	0.1298290703833325
176	7	0.09705134203799881
176	8	0.06713270196222058
176	9	0.05358824383002023
176	10	0.043444365588077856
176	11	0.039911644637316154
176	12	0.03790320053418181
176	13	0.03626823019731227
176	14	0.03938794829292013
176	15	0.039537884802616115
176	16	0.03209001667916163
176	17	0.02903247236374339
176	18	0.028691500323952672
176	19	0.023886327270343056
176	20	0.023226592895027067
176	21	0.5686442006814735
181	1	0.20249806840696577
181	2	0.19168283601736244
181	3	0.18101333622534949
181	4	0.1716571010160305
181	5	0.15496544629676073
181	6	0.12948233709594523
181	7	0.09667649694240987
181	8	0.06498142024649019
181	9	0.050358955682506173
181	10	0.04283448880927384
181	11	0.03933021276676537
181	12	0.03673819951983326
181	13	0.03565521042740141
181	14	0.03562575673415087
181	15	0.03307906743962558
181	16	0.03144297116629966
181	17	0.028419585199953617
181	18	0.025821571524863435
181	19	0.023312383413511897
181	20	0.022645211779435365
181	21	0.5540201144121079
186	1	0.2056244393234422
186	2	0.1948750375009353
186	3	0.18327383911309197
186	4	0.17138279723101774
186	5	0.15635240461989292
186	6	0.09808407195145065
186	7	0.09615319238223903
186	8	0.06587391941519592
186	9	0.0497226462189608
186	10	0.04406869714843286
186	11	0.03862427177064006
186	12	0.036191478902471846
186	13	0.0348161522369947
186	14	0.0351335253102891
186	15	0.0342988676671484
186	16	0.030660665324488925
186	17	0.02777743991590934
186	18	0.025289449778237712
186	19	0.022743572478536006
186	20	0.022060505464871063
186	21	0.5394241357573035
191	1	0.20818569889321864
191	2	0.19722750650690885
191	3	0.1847323209411786
191	4	0.17276636386107158
191	5	0.15692600534910087
191	6	0.1301247268786462
191	7	0.10101095397800061
191	8	0.06555668739622081
191	9	0.04894025085262013
191	10	0.04153626303379198
191	11	0.039608950598830205
191	12	0.035600742843097666
191	13	0.03439450214775992
191	14	0.033873683810659395
191	15	0.03363881285961103
191	16	0.03205761823616581
191	17	0.027001518984887667
191	18	0.024667621883487957
191	19	0.022128442588433002
191	20	0.021469531095704646
191	21	0.5247755508969953
196	1	0.21165111389727495
196	2	0.19910112475706007
196	3	0.18653502907031816
196	4	0.17441684243758004
196	5	0.1574646195144357
196	6	0.12991217284736822
196	7	0.09450616615468617
196	8	0.06467939038868127
196	9	0.04818159193162152
196	10	0.04044990649992786
196	11	0.03728908067676551
196	12	0.035310456037103186
196	13	0.03371823946258278
196	14	0.033182523357913316
196	15	0.031054330162857424
196	16	0.03131046861459611
196	17	0.026399593761355346
196	18	0.024051159386250118
196	19	0.021532697658136184
196	20	0.02087516399458561
196	21	0.5098884884052788
201	1	0.2137828925613888
201	2	0.20100248206665605
201	3	0.18769834677481873
201	4	0.17511864076894784
201	5	0.15825620941368135
201	6	0.12953353111310165
201	7	0.09365864590003752
201	8	0.0635567747283562
201	9	0.04742225480272205
201	10	0.04011088810796055
201	11	0.038283716749838166
201	12	0.037278546757255636
201	13	0.03340168967504655
201	14	0.034080761075571196
201	15	0.030269118141184104
201	16	0.028661437846144583
201	17	0.025722869148118308
201	18	0.023405529445488155
201	19	0.02086361638646687
201	20	0.02028561537107567
201	21	0.4951505222124588
206	1	0.2154090489463712
206	2	0.20563153088867095
206	3	0.18838053247498182
206	4	0.17569119657031573
206	5	0.15835601241231256
206	6	0.12896274056258808
206	7	0.09266539283940911
206	8	0.06189973780541759
206	9	0.04701099208508051
206	10	0.03939636834003354
206	11	0.035864019491328426
206	12	0.03388092009924507
206	13	0.03412510299101874
206	14	0.031897433041404924
206	15	0.029665581869892495
206	16	0.027979500814952325
206	17	0.026447181526916556
206	18	0.02275856718219394
206	19	0.02025453340170692
206	20	0.019687775763661645
206	21	0.48040592241055136
211	1	0.21708008604276796
211	2	0.20408485192413736
211	3	0.18886117724508908
211	4	0.17702153071521334
211	5	0.15841179087748417
211	6	0.12793079270140204
211	7	0.09159048750902231
211	8	0.06104874258666947
211	9	0.04579076859391706
211	10	0.03856422699253508
211	11	0.035165706668116206
211	12	0.033137977904361356
211	13	0.0319487343456382
211	14	0.031132077237243753
211	15	0.02893363428961807
211	16	0.027213988367877053
211	17	0.02563344658261497
211	18	0.02199816074272898
211	19	0.019647988546609384
211	20	0.019092510632730004
211	21	0.465611442992519
216	1	0.21839069254809879
216	2	0.19993988585406447
216	3	0.1898236195017079
216	4	0.17586099196380156
216	5	0.1578296352119694
216	6	0.12734796805110382
216	7	0.0899628416237091
216	8	0.0600333493315332
216	9	0.04484072458771976
216	10	0.037782492766546306
216	11	0.03444267908152568
216	12	0.03243402325285636
216	13	0.031318296567124815
216	14	0.030363506701347673
216	15	0.028171626110892568
216	16	0.02658151295375092
216	17	0.023593792381674854
216	18	0.02246279373431227
216	19	0.019044676281143154
216	20	0.018498287319340664
216	21	0.45082983717558744
221	1	0.21898366369339284
221	2	0.20369727056490677
221	3	0.18915847038477965
221	4	0.17518685625326394
221	5	0.1572601366293268
221	6	0.12619161925356406
221	7	0.08915297470355246
221	8	0.059330159359411716
221	9	0.043777698238649736
221	10	0.036970390855176796
221	11	0.03368342613289012
221	12	0.031700444795746865
221	13	0.030512915941314698
221	14	0.02960845537591924
221	15	0.02744641412110458
221	16	0.025706353321972835
221	17	0.022946498236226326
221	18	0.021719924207563475
221	19	0.018441937781379033
221	20	0.01790765070757473
221	21	0.43619291918881564
226	1	0.2193785765316745
226	2	0.2035960196568304
226	3	0.18888174399408933
226	4	0.1748568753641664
226	5	0.14012936155358835
226	6	0.12494287914832676
226	7	0.0878172204344753
226	8	0.0579089816300137
226	9	0.042390061721665775
226	10	0.03620186065088179
226	11	0.032902110183052696
226	12	0.030972422638918723
226	13	0.029739874425879772
226	14	0.028844549603695962
226	15	0.026752323117842015
226	16	0.024961444423293237
226	17	0.022304955246682745
226	18	0.02098659171277735
226	19	0.017845148116969228
226	20	0.017320313123707565
226	21	0.4216391434325465
231	1	0.21955798121653256
231	2	0.2030522508991145
231	3	0.1886217948853997
231	4	0.17433808094618658
231	5	0.1556587064019913
231	6	0.12187893135501347
231	7	0.08701827014124756
231	8	0.05680805874808463
231	9	0.04154488038589313
231	10	0.03543996579757051
231	11	0.03214920596965042
231	12	0.03018079726560058
231	13	0.028915586034517157
231	14	0.02807934122684738
231	15	0.025924142712428443
231	16	0.024323022294843163
231	17	0.021607216365029065
231	18	0.019389981677308515
231	19	0.01727110557876397
231	20	0.016738121904821674
231	21	0.4072443038708126
236	1	0.21951146343987807
236	2	0.20269706294179513
236	3	0.18675755704338165
236	4	0.17322933373233526
236	5	0.10269550813282602
236	6	0.12495308486334705
236	7	0.08529982911867366
236	8	0.05568192633676816
236	9	0.041162576769652674
236	10	0.03455037258563487
236	11	0.03134521639333206
236	12	0.029424984661506767
236	13	0.028170335608937284
236	14	0.027382855936798595
236	15	0.025177215230543268
236	16	0.023470855697251367
236	17	0.020929160601703453
236	18	0.01875215924406283
236	19	0.01668419112442562
236	20	0.016151610767264044
236	21	0.3930155924423617
241	1	0.21889658358264016
241	2	0.2017828117645562
241	3	0.18645308002000116
241	4	0.17198607398303173
241	5	0.15323979022936013
241	6	0.12069148591567458
241	7	0.08394540573895744
241	8	0.054564377457542064
241	9	0.04040599545951514
241	10	0.033746574753789414
241	11	0.030573527099371032
241	12	0.028678200431564896
241	13	0.027395980327485043
241	14	0.026580631694845723
241	15	0.024441171822248378
241	16	0.022701236652280736
241	17	0.02029113658236148
241	18	0.01811540373927499
241	19	0.01610678455931948
241	20	0.01557989893311391
241	21	0.37896104579001194
246	1	0.21819609786882224
246	2	0.2008819147470836
246	3	0.18508048069583533
246	4	0.17097398639867523
246	5	0.15173563393067957
246	6	0.11906732898675136
246	7	0.0821493877391487
246	8	0.05339913784124543
246	9	0.039469950204935975
246	10	0.03294538507891601
246	11	0.029801621711031172
246	12	0.027892550845637413
246	13	0.026634922182149107
246	14	0.025725959125360152
246	15	0.023698886481465106
246	16	0.022026212333242354
246	17	0.019619715536638216
246	18	0.01744592765778029
246	19	0.015554192461585369
246	20	0.015001101180024005
246	21	0.36508967956759675
251	1	0.21732729360121844
251	2	0.19963749050024562
251	3	0.15842966461911615
251	4	0.16911673458981652
251	5	0.15024078187850998
251	6	0.11736983433667891
251	7	0.08073086843021839
251	8	0.05222669508643681
251	9	0.038530835507919935
251	10	0.03215038615181304
251	11	0.02904440560872569
251	12	0.02715534583043904
251	13	0.025880957945471163
251	14	0.024967093594781088
251	15	0.022994178089185857
251	16	0.02130438800758997
251	17	0.018973828338337818
251	18	0.01682870558409311
251	19	0.01497291480967163
251	20	0.014444268240067866
251	21	0.3514983872543407
256	1	0.21589268684819135
256	2	0.19826347545081885
256	3	0.18207190380320604
256	4	0.10544379044120014
256	5	0.14838700370902305
256	6	0.11546811029083887
256	7	0.07932573131580369
256	8	0.05105766632290819
256	9	0.03762393100151906
256	10	0.031370649187359385
256	11	0.02829718024069715
256	12	0.026413692459044583
256	13	0.02515574709398473
256	14	0.024222718986428155
256	15	0.022249878637476204
256	16	0.020592863186821776
256	17	0.01828958521095528
256	18	0.016146099469652828
256	19	0.014425058588242256
256	20	0.013898035988962906
256	21	0.33810504176374434
261	1	0.21455385337067692
261	2	0.1964245600448995
261	3	0.1802142182879179
261	4	0.16582351175352927
261	5	0.14652273236285998
261	6	0.11364492750148181
261	7	0.07749420216754782
261	8	0.049901737285640076
261	9	0.03671363596163662
261	10	0.030627891240414682
261	11	0.02761103155691214
261	12	0.025673808017247838
261	13	0.02438530871190569
261	14	0.0234767820270117
261	15	0.02152595139330941
261	16	0.019893570344774784
261	17	0.01763575553204779
261	18	0.015667208911410407
261	19	0.014562197164161666
261	20	0.013370646517487839
261	21	0.32487647519615026
266	1	0.21295797742105566
266	2	0.19467096788773958
266	3	0.18000215414143003
266	4	0.16386536221060694
266	5	0.1446130555177914
266	6	0.11177319061914014
266	7	0.07593853093399104
266	8	0.04869252643883373
266	9	0.03581175945751766
266	10	0.029848047628330016
266	11	0.026866096336975936
266	12	0.024953935045909818
266	13	0.023657389974967136
266	14	0.022731296884799974
266	15	0.020805814851074345
266	16	0.01918457462395711
266	17	0.01703364807022812
266	18	0.015128354179475448
266	19	0.013961858072041316
266	20	0.01284210125781977
266	21	0.3118834850924047
271	1	0.21092039510672878
271	2	0.19260567446117444
271	3	0.17622338488054023
271	4	0.15931621239612687
271	5	0.1423811905500772
271	6	0.10982094883545399
271	7	0.07437451928244158
271	8	0.047536613255035866
271	9	0.03493012550339976
271	10	0.029094435264006294
271	11	0.026138848238017934
271	12	0.02428444827378279
271	13	0.02293344343051458
271	14	0.022011896381331185
271	15	0.020104938883954832
271	16	0.018502982162644892
271	17	0.016359584274464534
271	18	0.01453401326635263
271	19	0.013372299694030797
271	20	0.012318591985262306
271	21	0.29915746696646006
276	1	0.20938905348952924
276	2	0.11196212265047042
276	3	0.1736655720604357
276	4	0.15907949674124633
276	5	0.14122578272995367
276	6	0.10786579743294832
276	7	0.07279904989874451
276	8	0.04639057914687629
276	9	0.03406829920509128
276	10	0.028326402986099074
276	11	0.02543447228025927
276	12	0.023577486106532805
276	13	0.022227470819776947
276	14	0.021300320040673164
276	15	0.01941604967887376
276	16	0.017860553410791218
276	17	0.015681889190361196
276	18	0.013872724375631088
276	19	0.012284277178738924
276	20	0.011817746022718302
276	21	0.2867581777998872
281	1	0.2069727520678861
281	2	0.1881732082688739
281	3	0.17168520510038937
281	4	0.15737450153727753
281	5	0.13827095840293366
281	6	0.10596507324089295
281	7	0.07118310658428581
281	8	0.045271194254044224
281	9	0.03319422559865232
281	10	0.02757141803069004
281	11	0.02472388304320203
281	12	0.022877220423499146
281	13	0.02153627956790726
281	14	0.020595492343270426
281	15	0.0187467244485874
281	16	0.017197098436339042
281	17	0.015084348593581414
281	18	0.013314981385230164
281	19	0.01177926101438246
281	20	0.011322524867993046
281	21	0.2745438512534645
286	1	0.20466252742616298
286	2	0.18559604903833843
286	3	0.16898002670385387
286	4	0.1550671425937941
286	5	0.13604874417384444
286	6	0.10383429231173984
286	7	0.06957498776191012
286	8	0.04411977910408739
286	9	0.032337299642646936
286	10	0.026831203183397847
286	11	0.02402862166741997
286	12	0.022199112899283602
286	13	0.020856414728472536
286	14	0.0198833001383905
286	15	0.018069485517169748
286	16	0.016562561521182066
286	17	0.014483503640447898
286	18	0.01272152016102496
286	19	0.011272065898370535
286	20	0.010843389400971445
286	21	0.262348784101626
291	1	0.2020435891311984
291	2	0.1841319598495185
291	3	0.16673831932297223
291	4	0.1525350767454846
291	5	0.1339417538706684
291	6	0.1017592510290325
291	7	0.06793082683215322
291	8	0.04304539236202654
291	9	0.03146789821169872
291	10	0.026156033819115652
291	11	0.02334127322957474
291	12	0.021541336034655224
291	13	0.02022325311823681
291	14	0.01918206642296278
291	15	0.017416584510121846
291	16	0.01592438360976543
291	17	0.013898269497268965
291	18	0.012280298616389835
291	19	0.01078310419060995
291	20	0.010360474521271581
291	21	0.25058090271993577
296	1	0.195594582183426
296	2	0.18047639615892047
296	3	0.16407586712757907
296	4	0.1436569512388502
296	5	0.13020046161495602
296	6	0.09972023056488777
296	7	0.06736455120517365
296	8	0.04195049378928999
296	9	0.030651994589820198
296	10	0.02542159000993305
296	11	0.022665174052270268
296	12	0.020883378262010487
296	13	0.01956218845465595
296	14	0.018517423576300113
296	15	0.016776958872538526
296	16	0.015285903288194732
296	17	0.013338669735835909
296	18	0.011694203796487888
296	19	0.010307022384404415
296	20	0.00989902082743933
296	21	0.23923182161600678
301	1	0.19344152025222378
301	2	0.17802180862292744
301	3	0.16108408832474674
301	4	0.14772343130749752
301	5	0.1294663582427474
301	6	0.09765659728212331
301	7	0.06488517564125348
301	8	0.04094172077710609
301	9	0.029875533158295164
301	10	0.024663482465287857
301	11	0.02204428617730899
301	12	0.02023974094014136
301	13	0.018921623866560346
301	14	0.017869547482545725
301	15	0.016151124936563812
301	16	0.014678168917818077
301	17	0.012778904271626668
301	18	0.011204506010170614
301	19	0.009741947074858825
301	20	0.009408443588116636
301	21	0.22810343705341765
306	1	0.19073637426847695
306	2	0.17446659811311133
306	3	0.1590682627500738
306	4	0.14520309368736198
306	5	0.12702478989927907
306	6	0.09557520174424783
306	7	0.06333449626540373
306	8	0.03980531737561381
306	9	0.029029872051476464
306	10	0.02396017593114376
306	11	0.021356747259752486
306	12	0.019603526486499847
306	13	0.018306934918949688
306	14	0.01723435922837655
306	15	0.015527533465021903
306	16	0.01408366384254342
306	17	0.01223155103386856
306	18	0.010632846882871302
306	19	0.009373795628457231
306	20	0.008976699418218046
306	21	0.21719701570471134
311	1	0.19190374653941683
311	2	0.16431489453864356
311	3	0.1496955260101181
311	4	0.14265981185001253
311	5	0.12462353505375381
311	6	0.09350055520615103
311	7	0.06179611938063397
311	8	0.03873530776515471
311	9	0.02817787298865744
311	10	0.023351158950089483
311	11	0.02070679393219158
311	12	0.019030027151027803
311	13	0.017693739337525247
311	14	0.016647351736785783
311	15	0.01493090200662364
311	16	0.013507552666540096
311	17	0.011699489393109774
311	18	0.010067239997782819
311	19	0.008866005291906901
311	20	0.008600478032511556
311	21	0.20666265393562638
316	1	0.189516778465832
316	2	0.17055060318260123
316	3	0.15365695161901208
316	4	0.14014376680418614
316	5	0.12353962671519213
316	6	0.09145971438658565
316	7	0.06021001503227686
316	8	0.03770452868964246
316	9	0.027418247307201944
316	10	0.02269575986368146
316	11	0.02008657273132091
316	12	0.01839082642318876
316	13	0.017092394575436688
316	14	0.016036968957758413
316	15	0.014320773314040811
316	16	0.012943212443292646
316	17	0.011180334530621684
316	18	0.009790088817293532
316	19	0.008451286477687982
316	20	0.008181802565438566
316	21	0.1963839474879647
321	1	0.1867811968873293
321	2	0.16672228354074586
321	3	0.15090209859741846
321	4	0.13761579197352206
321	5	0.11992932980033916
321	6	0.0894390896231182
321	7	0.05882863701062703
321	8	0.03672562789716077
321	9	0.026741895898106605
321	10	0.02205050732804164
321	11	0.01948625662532519
321	12	0.017786831466552976
321	13	0.01650919276204133
321	14	0.01546430066508621
321	15	0.013774676101087112
321	16	0.012394699262459542
321	17	0.0106581643162283
321	18	0.009328490916404874
321	19	0.008121180125777797
321	20	0.007742024631504852
321	21	0.1861731234839139
326	1	0.1841314826312126
326	2	0.16441943059071354
326	3	0.14841098338054157
326	4	0.13501170803907364
326	5	0.11763350437604048
326	6	0.08750594275531279
326	7	0.05736621837669823
326	8	0.03584802604355426
326	9	0.026051431526433078
326	10	0.021428977827636923
326	11	0.018954565303754382
326	12	0.01721497379191566
326	13	0.015977712659136372
326	14	0.014888587781318465
326	15	0.013221946035428344
326	16	0.011859118800847399
326	17	0.010178089759561824
326	18	0.008713633413033543
326	19	0.007686515192685074
326	20	0.007295057664799272
326	21	0.17652865157542846
331	1	0.18126582257749116
331	2	0.16159883167303155
331	3	0.14574824978567008
331	4	0.13251206766039972
331	5	0.11527299464381828
331	6	0.08551435534018535
331	7	0.0530339171511025
331	8	0.03479701144311692
331	9	0.025078826509143146
331	10	0.020739767655551827
331	11	0.018339362392843072
331	12	0.016640952680312397
331	13	0.015398005164375285
331	14	0.01433567576061173
331	15	0.012665777751151389
331	16	0.011337544210844437
331	17	0.009718833856415286
331	18	0.008411036587294972
331	19	0.007239597238315699
331	20	0.006901352488298356
331	21	0.16740358514061932
336	1	0.1786116183298009
336	2	0.15899380118641748
336	3	0.14316892239399676
336	4	0.1299942873638881
336	5	0.11316706658873586
336	6	0.08363768721392875
336	7	0.05443727373200883
336	8	0.03397951948149589
336	9	0.024452159863787758
336	10	0.020188322700449943
336	11	0.01784741170176852
336	12	0.015997584930464933
336	13	0.014848556008222295
336	14	0.013805728562295656
336	15	0.012169144339871785
336	16	0.010835084662919157
336	17	0.00924727372806281
336	18	0.00798428115458893
336	19	0.00682586954416239
336	20	0.0069009920961795885
336	21	0.15771050703977102
341	1	0.17600341108547907
341	2	0.15623921486702522
341	3	0.14046672197101515
341	4	0.12715434868452558
341	5	0.11083240925191933
341	6	0.08179747548944422
341	7	0.05310038195789221
341	8	0.03281223476883514
341	9	0.02399774785858809
341	10	0.019674316271711446
341	11	0.017309103164569812
341	12	0.015462126947557489
341	13	0.014327544358302276
341	14	0.013307677899773229
341	15	0.011675731311783379
341	16	0.010345062390303405
341	17	0.008811943364800266
341	18	0.007576997398029053
341	19	0.006466304530202946
341	20	0.006487530857511229
341	21	0.1483811736133209
346	1	0.17330348653690703
346	2	0.15371351759969906
346	3	0.13804226243531945
346	4	0.12473050050266522
346	5	0.10892143019165478
346	6	0.07994252082708697
346	7	0.051771443440079
346	8	0.03205257445896739
346	9	0.023341446792777217
346	10	0.018856944156817365
346	11	0.01709959431150725
346	12	0.015124140846444244
346	13	0.013852701951206681
346	14	0.012761752728400407
346	15	0.011196898335675913
346	16	0.009875437537430922
346	17	0.008382459742808965
346	18	0.007188564254411035
346	19	0.006124454838282249
346	20	0.0058600547916106225
346	21	0.141481456671541
351	1	0.1706571382836723
351	2	0.1510420555996664
351	3	0.13495547226119026
351	4	0.12228474065260005
351	5	0.10676272613497922
351	6	0.07798406792424455
351	7	0.05049600930167203
351	8	0.03131234848127638
351	9	0.02261789931030074
351	10	0.018248741010780636
351	11	0.01626659490036581
351	12	0.014959067453094062
351	13	0.01337937145244906
351	14	0.012291468120623806
351	15	0.010730818160414783
351	16	0.009422444109279544
351	17	0.00796225914222372
351	18	0.006806531619475718
351	19	0.005822663698047953
351	20	0.005470456252634399
351	21	0.13219160916459516
356	1	0.16812627502794358
356	2	0.14855872908875234
356	3	0.1320403316253651
356	4	0.12045889756061483
356	5	0.10454196975596122
356	6	0.07624493994502503
356	7	0.0492775337898075
356	8	0.030571997020554135
356	9	0.02181145560008467
356	10	0.01796180353500387
356	11	0.015563364903604205
356	12	0.014173814190929388
356	13	0.012911549218697884
356	14	0.011803183839026525
356	15	0.010302108180928589
356	16	0.009018448824126047
356	17	0.0075584416196534995
356	18	0.006440230456620197
356	19	0.005473904341232327
356	20	0.00519221229925342
356	21	0.12442496073200553
361	1	0.16557969052090774
361	2	0.14570845002078872
361	3	0.13118664169590027
361	4	0.11819576343877627
361	5	0.10236469855980941
361	6	0.07448620296688727
361	7	0.04806674164967113
361	8	0.029805386727286887
361	9	0.02131783256095984
361	10	0.01743624435686414
361	11	0.015066882684073574
361	12	0.013760402022196562
361	13	0.01268410717727147
361	14	0.011358462733005607
361	15	0.009867263930621706
361	16	0.008605546848827599
361	17	0.007172612355185969
361	18	0.0060859796625442565
361	19	0.005226203404987627
361	20	0.0048592405930927614
361	21	0.11661427493697536
366	1	0.1633933800619799
366	2	0.14304347861477956
366	3	0.12898591781154556
366	4	0.11609829494819451
366	5	0.10045555423084929
366	6	0.07291599741903951
366	7	0.04676119478153634
366	8	0.029134522772938425
366	9	0.020973878022267158
366	10	0.0168562574475107
366	11	0.01480428406340853
366	12	0.013332010061166487
366	13	0.012037724050856303
366	14	0.010926229490914811
366	15	0.009398679792073707
366	16	0.008167552294078357
366	17	0.006800811056475655
366	18	0.005744843990720805
366	19	0.004905105808751044
366	20	0.004612140877298018
366	21	0.11005005312014329
371	1	0.16079847275504264
371	2	0.14067429516950247
371	3	0.1267535234598085
371	4	0.11390926024990738
371	5	0.09848687003741971
371	6	0.07101192850075941
371	7	0.04582686232263118
371	8	0.028437488920877604
371	9	0.02042237416314625
371	10	0.016205361991964633
371	11	0.014414290844311946
371	12	0.012916752068783618
371	13	0.011592818267060141
371	14	0.010565393874094333
371	15	0.00899491994557973
371	16	0.00778044992097629
371	17	0.00644120697957066
371	18	0.005418650094573359
371	19	0.004609274350743062
371	20	0.004247133826471205
371	21	0.10232664528405624
376	1	0.1582116516069423
376	2	0.13835046876007018
376	3	0.12418600325325907
376	4	0.11346498817583836
376	5	0.09714924017054312
376	6	0.0696610259029638
376	7	0.0447629082007506
376	8	0.027704875221835446
376	9	0.019581325564330725
376	10	0.015716274435004184
376	11	0.013891793165152558
376	12	0.01235007388015566
376	13	0.011044995006084161
376	14	0.01027944747807104
376	15	0.008629512294923584
376	16	0.007441763247412647
376	17	0.006125762355103665
376	18	0.0051020003852929475
376	19	0.0043115817988611934
376	20	0.004006587754339645
376	21	0.09573755271719339
381	1	0.15586646999991943
381	2	0.13627146226900325
381	3	0.12262724013030134
381	4	0.10988585460644967
381	5	0.09495047872239075
381	6	0.06847261708598215
381	7	0.04379178099240233
381	8	0.02702635223255731
381	9	0.018909919598676966
381	10	0.015471370053668953
381	11	0.01330102176958858
381	12	0.011856022487699671
381	13	0.01081665494156751
381	14	0.009758668550015956
381	15	0.00825701351779361
381	16	0.00708633294064526
381	17	0.005798552328917223
381	18	0.004800611470940252
381	19	0.004041144202400491
381	20	0.0037670080837250318
381	21	0.08905005395993712
386	1	0.1538899321410721
386	2	0.13424843778501688
386	3	0.1200275968596277
386	4	0.1080275960455892
386	5	0.09279431615284849
386	6	0.06710404476691453
386	7	0.04280636959512751
386	8	0.025772752677075895
386	9	0.018610636239854386
386	10	0.015090735725904466
386	11	0.013091618750467805
386	12	0.011727020202282543
386	13	0.010518492964821725
386	14	0.009388889713301303
386	15	0.008070617633269926
386	16	0.006719746746355501
386	17	0.005463990760666434
386	18	0.004512586699328136
386	19	0.0037807076751456906
386	20	0.003525902049272235
386	21	0.08638371129925486
391	1	0.15155914357312722
391	2	0.13237937485276086
391	3	0.11813206794268093
391	4	0.10629002869164593
391	5	0.09187156976136682
391	6	0.0657496090444601
391	7	0.04188784438002118
391	8	0.025707254065719887
391	9	0.018556744645781317
391	10	0.015000975207151346
391	11	0.012702001341303048
391	12	0.011330432301820957
391	13	0.01016258179138932
391	14	0.009034466830737248
391	15	0.0075882395986201015
391	16	0.006391094240434201
391	17	0.005167449717781471
391	18	0.004237976298845101
391	19	0.003531468309450148
391	20	0.0032827749097656934
391	21	0.07705019798137326
396	1	0.15014274544123482
396	2	0.129878966904122
396	3	0.11679705598227073
396	4	0.10479883586094638
396	5	0.08988870036914047
396	6	0.06470557461407662
396	7	0.041035372595539105
396	8	0.02507584644315121
396	9	0.01819602544912443
396	10	0.01439865378907809
396	11	0.012435339731046569
396	12	0.0112051471153126
396	13	0.009813772126618521
396	14	0.008708823256261955
396	15	0.007271079836051206
396	16	0.006084215717624215
396	17	0.004903212372366735
396	18	0.003978311440288199
396	19	0.0032941772498855113
396	20	0.003042172938483671
396	21	0.07118766942344244
401	1	0.1484409757283737
401	2	0.1287676455279922
401	3	0.11473472775504129
401	4	0.10299984181128208
401	5	0.0887189756696935
401	6	0.06355059158866055
401	7	0.04022659445573409
401	8	0.02453662704329794
401	9	0.01827444792322623
401	10	0.014404463514481124
401	11	0.012383339737193536
401	12	0.010474978799843078
401	13	0.009369629375509265
401	14	0.008368298210352565
401	15	0.006969733444344516
401	16	0.005932801535525131
401	17	0.004634822881891206
401	18	0.0037446820354359468
401	19	0.003066751722768
401	20	0.0028227864447043344
401	21	0.06475926626505298
406	1	0.1465715681476532
406	2	0.12742670579329668
406	3	0.11384093593209967
406	4	0.1024391920512305
406	5	0.08736187220018414
406	6	0.06243637327079284
406	7	0.039518332458965806
406	8	0.024341121927988194
406	9	0.017428061669190455
406	10	0.0140689811496984
406	11	0.01204985553397417
406	12	0.010235170251194484
406	13	0.009249351573704177
406	14	0.008065968065559327
406	15	0.006695198269159913
406	16	0.00553489768838003
406	17	0.004363105262141636
406	18	0.003495188211886336
406	19	0.002851429507867751
406	20	0.002610979214283243
406	21	0.05986485952609694
411	1	0.1443000808027758
411	2	0.12585499008326367
411	3	0.11228157003905309
411	4	0.1003220903085606
411	5	0.08613065186922277
411	6	0.06126391112992123
411	7	0.03879468971088041
411	8	0.02388278012807278
411	9	0.017113944861894794
411	10	0.013788437711308983
411	11	0.01179562665205763
411	12	0.010055042658183716
411	13	0.009007585166797658
411	14	0.007669528081752339
411	15	0.006437869120175374
411	16	0.00527649621690054
411	17	0.0041172175789279605
411	18	0.003273864437564465
411	19	0.0026476631129579457
411	20	0.0024052824517627976
411	21	0.056160842990034834
416	1	0.14363027998155165
416	2	0.12458153797742541
416	3	0.11047091114972504
416	4	0.09132468937568496
416	5	0.0849568769791799
416	6	0.0603146932019414
416	7	0.031058608216474146
416	8	0.023471479305306246
416	9	0.016806178124395884
416	10	0.013523171538206116
416	11	0.011554014579089321
416	12	0.010071715047987363
416	13	0.00867979822696362
416	14	0.0074163669056335705
416	15	0.006229788823034926
416	16	0.005034492567347548
416	17	0.00399603797268349
416	18	0.0030758786109944887
416	19	0.0024822897703467746
416	20	0.002216302216320331
416	21	0.05137995396567607
421	1	0.14234131962365013
421	2	0.12311619786976274
421	3	0.10881213795067114
421	4	0.09796014968438659
421	5	0.0838888424881384
421	6	0.059516181630833664
421	7	0.0375889243362649
421	8	0.023026333868068672
421	9	0.0165365627018773
421	10	0.013296757992515876
421	11	0.011332647077770482
421	12	0.009809275059098418
421	13	0.008262001148362938
421	14	0.007195332975631829
421	15	0.005843951337224835
421	16	0.00480548627341353
421	17	0.003784641459012062
421	18	0.002878253101904362
421	19	0.0022763948477938683
421	20	0.0020383961474081326
421	21	0.04704963181448285
426	1	0.14129058920106063
426	2	0.12243828953226443
426	3	0.10781653936992856
426	4	0.09681890160695272
426	5	0.08452568742458473
426	6	0.05870882984182884
426	7	0.03703953743971249
426	8	0.02277422904556499
426	9	0.016274585141391438
426	10	0.013083935649923151
426	11	0.011137700975483396
426	12	0.009585390613201128
426	13	0.008043530081579318
426	14	0.006956592868592006
426	15	0.005750420343800989
426	16	0.004610026367282389
426	17	0.0034825220690409765
426	18	0.0027483162538574787
426	19	0.002105280171803249
426	20	0.0018697578521636158
426	21	0.042843434770212886
431	1	0.14027929743624376
431	2	0.12099326884725414
431	3	0.10686091832040578
431	4	0.09597275828433112
431	5	0.08211542480029396
431	6	0.05802990295468072
431	7	0.0365006802584363
431	8	0.022453756017753308
431	9	0.016061139031947187
431	10	0.012881586567748626
431	11	0.01096079542954313
431	12	0.009401165292467258
431	13	0.007912539323250355
431	14	0.0068774501248789885
431	15	0.005535023981854905
431	16	0.004383749963130794
431	17	0.003299331931428212
431	18	0.0025654843271932146
431	19	0.001955850184428749
431	20	0.0017212471649309731
431	21	0.03886688426222438
436	1	0.1403109695190655
436	2	0.12013522649915356
436	3	0.10621220117243461
436	4	0.09566002731089042
436	5	0.08249092773061215
436	6	0.057381504242200426
436	7	0.03614973379632122
436	8	0.022145203591929362
436	9	0.01584879015450858
436	10	0.012689565401151714
436	11	0.010769289360809533
436	12	0.0092316151747448
436	13	0.007990258200822817
436	14	0.006702285730847235
436	15	0.0053467669016707825
436	16	0.004204077473682042
436	17	0.0031559207561919905
436	18	0.0023435353860257933
436	19	0.0018074992706907673
436	20	0.0015740400221734942
436	21	0.03521201372305108
441	1	0.1393695886075714
441	2	0.11944101767258337
441	3	0.10528008956749121
441	4	0.09445318940544775
441	5	0.08069449678691792
441	6	0.05686839845721976
441	7	0.03573627637984015
441	8	0.021845242379238995
441	9	0.015670001903346775
441	10	0.012547504338440544
441	11	0.01061606568197451
441	12	0.009069885710091517
441	13	0.007793905758753472
441	14	0.006459771083694129
441	15	0.005193040075268138
441	16	0.004039462213125278
441	17	0.002982404228962443
441	18	0.0021949808309711973
441	19	0.0016592022847963766
441	20	0.0014364022978058182
441	21	0.031760064240689785
446	1	0.13877114940581503
446	2	0.1187881479244915
446	3	0.10457053314330025
446	4	0.0940535834231667
446	5	0.07945794517347021
446	6	0.05642051903024768
446	7	0.035419000326364095
446	8	0.021645229838694213
446	9	0.01551699338293304
446	10	0.012413421807002117
446	11	0.010496407518971048
446	12	0.008956203091513126
446	13	0.00764750444586168
446	14	0.006331243758156137
446	15	0.004927288888355656
446	16	0.0038900434006478857
446	17	0.0028365436630537044
446	18	0.0020591958864046504
446	19	0.0015309675096205455
446	20	0.0013050426211448339
446	21	0.028585306589089136
451	1	0.13832890514418672
451	2	0.1180143539467298
451	3	0.10410699355961105
451	4	0.09327878158539392
451	5	0.07981958075080432
451	6	0.05607950174371095
451	7	0.03517288378138597
451	8	0.021468687342163815
451	9	0.015512322147910098
451	10	0.012296645843813646
451	11	0.010383396092039568
451	12	0.008848913362218415
451	13	0.007517478265977144
451	14	0.006257609007704032
451	15	0.004887463156204193
451	16	0.003753367122366681
451	17	0.0027101906258907064
451	18	0.0019348176356814692
451	19	0.0014142294928163976
451	20	0.0011820008389628286
451	21	0.025718457004413022
456	1	0.1378207897560623
456	2	0.11767122172874936
456	3	0.10368950756623874
456	4	0.09295781181418246
456	5	0.07935149391782288
456	6	0.054618464715829
456	7	0.034895822128548214
456	8	0.02139485783352403
456	9	0.015402727957450017
456	10	0.01219676855846085
456	11	0.010287153113428114
456	12	0.008749818069423383
456	13	0.007410870732414567
456	14	0.006189334435129212
456	15	0.004761982564465432
456	16	0.003635518586165177
456	17	0.002592664018431624
456	18	0.0018204792663650638
456	19	0.0013073875637573077
456	20	0.001072506677057017
456	21	0.023026993557592686
461	1	0.13736858206594177
461	2	0.11764776177734731
461	3	0.10353120049672566
461	4	0.09270344362476061
461	5	0.07670676515530282
461	6	0.05533934160713292
461	7	0.03474165007083303
461	8	0.021285712483379397
461	9	0.015188270727065429
461	10	0.012106263955301913
461	11	0.010195626916476038
461	12	0.00867140854391215
461	13	0.007325187120350313
461	14	0.006069093420076262
461	15	0.00466129627576763
461	16	0.003522154059358278
461	17	0.002478391105637336
461	18	0.0017205176292611932
461	19	0.0012109011520755684
461	20	0.0009749174143426825
461	21	0.02052826832003353
466	1	0.13731294277014647
466	2	0.11804859858834553
466	3	0.0910379990331033
466	4	0.09256028953812062
466	5	0.07921049538958523
466	6	0.05507686107222105
466	7	0.035216888890775316
466	8	0.021286910071625878
466	9	0.015120295280402554
466	10	0.012450359109199763
466	11	0.010143316772024204
466	12	0.008603197127648012
466	13	0.007255982840733091
466	14	0.006002698046502594
466	15	0.004582288277160447
466	16	0.003430802593402634
466	17	0.002383952510383066
466	18	0.0016298363030975832
466	19	0.0011247383269489368
466	20	0.0008869385064028577
466	21	0.018260271239790415
471	1	0.13726170035656113
471	2	0.11779546668186996
471	3	0.10356291103582382
471	4	0.09261127759259069
471	5	0.0792654446638766
471	6	0.05503745571995619
471	7	0.034565186448158265
471	8	0.021251130256886554
471	9	0.015861725058450696
471	10	0.01240419729744531
471	11	0.010139382390076272
471	12	0.008547133520810074
471	13	0.007202104541677546
471	14	0.005940209205754079
471	15	0.004526668208862365
471	16	0.0033534598040821525
471	17	0.0023025247783711703
471	18	0.0015496026176407037
471	19	0.0010491343038057904
471	20	0.0008076400784094588
471	21	0.016198552316809615
476	1	0.1379895471145132
476	2	0.11789965047198066
476	3	0.10372990203061905
476	4	0.09304428311510739
476	5	0.07938773235292977
476	6	0.054516406649552485
476	7	0.03450717406890126
476	8	0.02124540523896608
476	9	0.015073472428468114
476	10	0.012100520525562264
476	11	0.010412893295602597
476	12	0.00850604526626888
476	13	0.00718348696988496
476	14	0.005881956878273927
476	15	0.004470549934435149
476	16	0.0032898805255861968
476	17	0.0022362255796632667
476	18	0.0014867272218298867
476	19	0.0009806437897450628
476	20	0.0007386568431845222
476	21	0.014411855907919224
481	1	0.1382444503002047
481	2	0.11859697522400571
481	3	0.10403241995155683
481	4	0.09020254507426735
481	5	0.07938793210602223
481	6	0.055400078938852335
481	7	0.03459781412228775
481	8	0.02126774720741799
481	9	0.01506991555841112
481	10	0.012121819987317557
481	11	0.0101154225894355
481	12	0.008492029504151323
481	13	0.007144747880825393
481	14	0.00584894333744264
481	15	0.004460720509521701
481	16	0.003239831957308186
481	17	0.002183008192432832
481	18	0.001429725211709967
481	19	0.0009226093950718929
481	20	0.0006795164798852185
481	21	0.01281687371797953
486	1	0.13925014774041541
486	2	0.11874719078403548
486	3	0.10427432118619465
486	4	0.09312120512423332
486	5	0.07980988834927713
486	6	0.056400009340116214
486	7	0.034457572961228145
486	8	0.021310933498031082
486	9	0.015107196963512322
486	10	0.012149129474315347
486	11	0.010132013316674548
486	12	0.0084970842530229
486	13	0.00712228013864217
486	14	0.005851493979521737
486	15	0.0044103646333952876
486	16	0.0032124047838256735
486	17	0.0021400811624574835
486	18	0.0013830556429731532
486	19	0.0008740002918339175
486	20	0.0006260925327022232
486	21	0.011477795844118326
491	1	0.14005251604986657
491	2	0.11932750659871513
491	3	0.10393662307405452
491	4	0.0938021429836322
491	5	0.08014744231548239
491	6	0.055834225831949164
491	7	0.03484671867408697
491	8	0.02362197072246664
491	9	0.015166980267064766
491	10	0.01206904485701625
491	11	0.010179286453474063
491	12	0.008763632028444757
491	13	0.007132508789524924
491	14	0.005843425037979529
491	15	0.004404047429157052
491	16	0.0031827593265798633
491	17	0.002115532229450767
491	18	0.0013479489794053362
491	19	0.0008356744103693627
491	20	0.0005827297727794837
491	21	0.010344265551613151
496	1	0.14059216421599
496	2	0.1200566708786713
496	3	0.105690119327621
496	4	0.09442714000338437
496	5	0.08081559075187843
496	6	0.056218536229673814
496	7	0.03543314018986567
496	8	0.021504381871616653
496	9	0.015234319534936223
496	10	0.012132275027357819
496	11	0.010229826276483944
496	12	0.008556860931173514
496	13	0.0071593936918703666
496	14	0.005850744422076468
496	15	0.004410142789366486
496	16	0.0031760125255703804
496	17	0.0020971287991517797
496	18	0.0013169791082908206
496	19	0.0008058050359113259
496	20	0.0006276405758257647
496	21	0.009396700578241494
501	1	0.1417769905807823
501	2	0.12114127464790883
501	3	0.10658162620654436
501	4	0.09517480669584923
501	5	0.08110251979396187
501	6	0.05737906356289128
501	7	0.03531162996178121
501	8	0.021649975680900862
501	9	0.015330269466106626
501	10	0.012211125929674839
501	11	0.010392108422375451
501	12	0.008622452479265007
501	13	0.007201893174724022
501	14	0.005880316288767215
501	15	0.0044350283148586744
501	16	0.0030142191167751428
501	17	0.0020852439224545312
501	18	0.0013021263076784103
501	19	0.0007891053603246719
501	20	0.000523292291136946
501	21	0.0087295543205158