1	0	0.062355742140390726
1	1	0.06330656090612224
1	2	0.05297541487718885
1	3	0.0697011083147315
1	4	0.0753552681733668
1	5	0.08315773556672708
1	6	0.09899161880211915
1	7	0.11213863298939172
1	8	0.10734061450261576
1	9	0.09327398863576584
1	10	0.08221153557006834
1	11	0.07451889645788767
1	12	0.06754194445704079
1	13	0.061169475189693234
1	14	0.054401452174559425
1	15	0.0448732363103161
1	16	0.03681669378685354
1	17	0.027127253535704558
1	18	0.01961471329476786
1	19	0.014096614632131908
1	20	0.01129129908330729
6	0	0.07204919501699812
6	1	0.07287582963371202
6	2	0.07434586217632061
6	3	0.07963392167015318
6	4	0.08554100210180667
6	5	0.09365098971874633
6	6	0.1099151180845776
6	7	0.12250303355926508
6	8	0.11614069660487691
6	9	0.10056064433576635
6	10	0.08879103402715702
6	11	0.08074183450668522
6	12	0.07385225482205038
6	13	0.06557476387241697
6	14	0.06053861185544278
6	15	0.05099159519334214
6	16	0.043043011187369
6	17	0.03280609847785411
6	18	0.02505286894160768
6	19	0.017449654525748058
6	20	0.01739405471057408
11	0	0.08260772994017926
11	1	0.08372009954338502
11	2	0.0852072496983328
11	3	0.09063846843746601
11	4	0.09686271127405678
11	5	0.10496773551530397
11	6	0.12218050841343969
11	7	0.13442052236473306
11	8	0.12643351168738126
11	9	0.10915369078621426
11	10	0.09659152349695267
11	11	0.08821214362706442
11	12	0.08106747136539968
11	13	0.07488577573525684
11	14	0.0680139610598485
11	15	0.05887938616609475
11	16	0.05080688035963966
11	17	0.04013939897330702
11	18	0.03234291686990387
11	19	0.02707616237486096
11	20	0.027023263481685173
16	0	0.09474293342143769
16	1	0.09582118023157317
16	2	0.09737540173980869
16	3	0.10311756161998847
16	4	0.10954308074591082
16	5	0.11834761440720523
16	6	0.1355032081313813
16	7	0.14741895798190585
16	8	0.13758942726707957
16	9	0.1185393253996064
16	10	0.10442674436491092
16	11	0.09634355693133889
16	12	0.08929531968368049
16	13	0.0831078706881218
16	14	0.07746513125831149
16	15	0.06761726107570969
16	16	0.059119174705226804
16	17	0.04864743491196047
16	18	0.04087248351129969
16	19	0.03604189831388288
16	20	0.03466723517817609
21	0	0.1081621766849523
21	1	0.10930025162379756
21	2	0.11091295675537574
21	3	0.11712709344650431
21	4	0.12038062880153638
21	5	0.13214748488173717
21	6	0.14969248007119085
21	7	0.16106628498983913
21	8	0.15131063105414758
21	9	0.12863146793208743
21	10	0.11395678407557691
21	11	0.10498202034143822
21	12	0.09818763618346378
21	13	0.09181806063713027
21	14	0.08661041556610848
21	15	0.07644710738433766
21	16	0.0683888886790595
21	17	0.05781159976559594
21	18	0.050200725649333346
21	19	0.04566433363581703
21	20	0.047211633569212465
26	0	0.12314809716708001
26	1	0.12295233582123516
26	2	0.12576604451416837
26	3	0.13177808143288833
26	4	0.1385000780826407
26	5	0.14648806129129066
26	6	0.16507166644293456
26	7	0.17570396055097784
26	8	0.16430747603356824
26	9	0.13856730804026174
26	10	0.12308411803495856
26	11	0.11362131467484675
26	12	0.10683407691574036
26	13	0.10091252407885003
26	14	0.09428135203363647
26	15	0.08599622764136348
26	16	0.0780960772696255
26	17	0.0673686385523355
26	18	0.059881143334230134
26	19	0.055523401112487554
26	20	0.05753294520580407
31	0	0.1252063965675637
31	1	0.14036752063403468
31	2	0.14201613139094899
31	3	0.14816346684875997
31	4	0.15499011314694977
31	5	0.1597709677827361
31	6	0.18160825017083568
31	7	0.19115287304792475
31	8	0.17393121124114846
31	9	0.14898006429853297
31	10	0.1335047649454322
31	11	0.12251346329581284
31	12	0.11550064174147236
31	13	0.11003641020509296
31	14	0.10507833173223206
31	15	0.09534420349227495
31	16	0.0872716979726216
31	17	0.07679942762509279
31	18	0.06943776173519275
31	19	0.06525697220257691
31	20	0.06799584684627734
36	0	0.15718144832950304
36	1	0.1580174582257764
36	2	0.15962862629990998
36	3	0.16586588939377217
36	4	0.17239246101668784
36	5	0.1808053357536663
36	6	0.19858109038469057
36	7	0.20529782224858517
36	8	0.1859357408004054
36	9	0.15903865250924049
36	10	0.14070383083170124
36	11	0.13117131325310835
36	12	0.12396238708753622
36	13	0.11851845663151772
36	14	0.11416811850722572
36	15	0.10427352091769984
36	16	0.0965904782144311
36	17	0.0859878099321141
36	18	0.07873439474209576
36	19	0.07457530849908443
36	20	0.0843320339418786
41	0	0.17599556954934145
41	1	0.1771117066162042
41	2	0.17867563057701474
41	3	0.18469981920541723
41	4	0.19097664582300336
41	5	0.17942045439079785
41	6	0.21621759929132192
41	7	0.22067401514867818
41	8	0.19823596134045582
41	9	0.16869143329281497
41	10	0.14908327304755237
41	11	0.1391658611494427
41	12	0.13208972299697172
41	13	0.1252953022309284
41	14	0.12275165723490775
41	15	0.11310807533461471
41	16	0.10555101719526365
41	17	0.09488791998821475
41	18	0.08758137662404908
41	19	0.0832139718190154
41	20	0.08654931378536287
46	0	0.1965753819305814
46	1	0.19779080161323676
46	2	0.19855231293322825
46	3	0.20436539447666396
46	4	0.21055787294217485
46	5	0.17782611020406958
46	6	0.2325957354104018
46	7	0.23614966514565217
46	8	0.20988257225475995
46	9	0.17787707609549314
46	10	0.1575432615884798
46	11	0.1468554957406314
46	12	0.13993626920868865
46	13	0.13459983553879992
46	14	0.13086561824871723
46	15	0.1212111073870867
46	16	0.11399315615467293
46	17	0.10300952145335951
46	18	0.09574803366482576
46	19	0.09113472878189133
46	20	0.09451577134242908
51	0	0.21821145642964784
51	1	0.21926533371228685
51	2	0.21997146784503424
51	3	0.22557709696029107
51	4	0.23143640615595046
51	5	0.23751563255710956
51	6	0.2541919356849112
51	7	0.25169639609399364
51	8	0.2208423637268187
51	9	0.18654849520685166
51	10	0.16511997133796397
51	11	0.1540229825840139
51	12	0.14700653166986874
51	13	0.14229987473954742
51	14	0.1384156520894356
51	15	0.12801661273890905
51	16	0.12154913580916824
51	17	0.11068032844313949
51	18	0.10331454034161999
51	19	0.09849809954228105
51	20	0.10141279791377193
56	0	0.24191859631088342
56	1	0.24243374015633407
56	2	0.24298780804356068
56	3	0.24805299604413988
56	4	0.25311597919839407
56	5	0.25831605342042996
56	6	0.2591879199342182
56	7	0.2657481960949842
56	8	0.2320678287165255
56	9	0.19384039860366825
56	10	0.17295674082105603
56	11	0.1607368414755619
56	12	0.1534965456434342
56	13	0.14904699766440146
56	14	0.1453677929525896
56	15	0.13547674844095636
56	16	0.1289070746576366
56	17	0.117648283881668
56	18	0.11013722012379501
56	19	0.10485109949557499
56	20	0.10745224288375425
61	0	0.26675885131462673
61	1	0.26705663527408274
61	2	0.26677580473213713
61	3	0.1224092024707318
61	4	0.2757096065270392
61	5	0.27997960577851605
61	6	0.2913396395043826
61	7	0.2816223968556608
61	8	0.24243657555302917
61	9	0.20136582519395363
61	10	0.17874773398194305
61	11	0.16709730015095955
61	12	0.1595377754730814
61	13	0.15525001862644697
61	14	0.1517740583164479
61	15	0.14215285646545614
61	16	0.13506084741923405
61	17	0.12390283657398193
61	18	0.11621024632657609
61	19	0.11045142581740332
61	20	0.11279124215026069
66	0	0.29288105832883854
66	1	0.2921387829873914
66	2	0.29074785945054527
66	3	0.29547425376947684
66	4	0.29864827970351326
66	5	0.30108389261028784
66	6	0.29763663922813177
66	7	0.2968100030121466
66	8	0.2519683784664707
66	9	0.20929165069362274
66	10	0.1846772991380395
66	11	0.17235594024429224
66	12	0.16514132356035363
66	13	0.16035230562578082
66	14	0.1575714961074734
66	15	0.14809221613053183
66	16	0.14062542656408328
66	17	0.12954586405620663
66	18	0.1216073251982284
66	19	0.11535915402185803
66	20	0.1171927027572263
71	0	0.320455119670915
71	1	0.3189204824187506
71	2	0.3180054911716147
71	3	0.32121818550537284
71	4	0.3223930679881871
71	5	0.3237960739814501
71	6	0.33127638401406234
71	7	0.31023542136961146
71	8	0.2607078534904682
71	9	0.2165526012515353
71	10	0.18999507527017548
71	11	0.17718534498330304
71	12	0.17009555201536225
71	13	0.1652389920550496
71	14	0.1632000276969756
71	15	0.15321938536816826
71	16	0.14594383726114946
71	17	0.13485656836507412
71	18	0.12622927414735693
71	19	0.11945444833154426
71	20	0.12089508563782805
76	0	0.34093955840213436
76	1	0.34727043209962527
76	2	0.3450903064230663
76	3	0.3466089625927669
76	4	0.34730374085984206
76	5	0.34641237413123094
76	6	0.3496371863617129
76	7	0.32416969619013863
76	8	0.2689407377056026
76	9	0.2212813803104851
76	10	0.19482954380829615
76	11	0.1819891798560914
76	12	0.17432980963729885
76	13	0.16946564486306254
76	14	0.16729985728834906
76	15	0.1578593681661687
76	16	0.1506051917958392
76	17	0.13904561954358344
76	18	0.13023563983873068
76	19	0.12255183091125459
76	20	0.12383734992252765
81	0	0.3789803981048726
81	1	0.37777365831432597
81	2	0.372609726403307
81	3	0.3727927654866123
81	4	0.37060132298589715
81	5	0.369308269187128
81	6	0.36814451118082914
81	7	0.33705455226171754
81	8	0.27572441913407014
81	9	0.2263392323225972
81	10	0.1987259886789962
81	11	0.18533721637747824
81	12	0.17812656820068684
81	13	0.17263645635936417
81	14	0.1712119552276686
81	15	0.1613739912926581
81	16	0.15442380108143586
81	17	0.14269398406265538
81	18	0.13360143279915007
81	19	0.1252170271918562
81	20	0.12622917483648424
86	0	0.4090537557649434
86	1	0.40290710819054304
86	2	0.4007278661515917
86	3	0.4006102090795622
86	4	0.39535577777916997
86	5	0.3921617164795752
86	6	0.38718190013353865
86	7	0.34935122632332016
86	8	0.2836597536306342
86	9	0.23107175658319046
86	10	0.20233770616045357
86	11	0.18862540648039924
86	12	0.18085296853752258
86	13	0.17579797348805964
86	14	0.17443391783907938
86	15	0.16490562433264577
86	16	0.15784854361511308
86	17	0.14549469265147724
86	18	0.13628470490762476
86	19	0.12771136233562494
86	20	0.12800748308959173
91	0	0.44027696841425695
91	1	0.4352178668196678
91	2	0.43029010118466504
91	3	0.4272201451028443
91	4	0.4207944489513481
91	5	0.41423938320839493
91	6	0.4054603043763989
91	7	0.36079682705880917
91	8	0.2883475870327538
91	9	0.23500902059007378
91	10	0.2053306992225428
91	11	0.19127571916076447
91	12	0.1834902247079202
91	13	0.17941424610045056
91	14	0.17713489064203353
91	15	0.16756808824223474
91	16	0.16157524196251363
91	17	0.15508009063268527
91	18	0.13849659237343467
91	19	0.12918009116525955
91	20	0.12927286334510277
96	0	0.4723184620446614
96	1	0.46550030091723305
96	2	0.45960568734223234
96	3	0.4537193697114771
96	4	0.44673515436582173
96	5	0.43733979269542944
96	6	0.42118839308573613
96	7	0.3771318156035898
96	8	0.2945412970968974
96	9	0.23846816868837295
96	10	0.20781476564451273
96	11	0.19350979177767394
96	12	0.1856659425930941
96	13	0.18128312568110988
96	14	0.17913940218383126
96	15	0.1697881638472802
96	16	0.16223532587811432
96	17	0.14953844093716462
96	18	0.14005457133007168
96	19	0.1303973401007614
96	20	0.12988031227466765
101	0	0.23071001736940383
101	1	0.490307916599626
101	2	0.49016650688502095
101	3	0.4827175799691998
101	4	0.4736579066891991
101	5	0.45981612692129525
101	6	0.4383841946582616
101	7	0.38217771156593616
101	8	0.29903438596466675
101	9	0.24130369492379572
101	10	0.21005399800268357
101	11	0.19540813045002506
101	12	0.18740663937167273
101	13	0.18271293145439776
101	14	0.18078092564533038
101	15	0.1712990037159788
101	16	0.16379222026931795
101	17	0.15083264325655837
101	18	0.1410481070497292
101	19	0.1309259713984292
101	20	0.13016318741094657
106	0	0.537849337127345
106	1	0.5283058625789203
106	2	0.519242033052354
106	3	0.5108633626947591
106	4	0.5001326676145017
106	5	0.48156196830362663
106	6	0.45723539493036713
106	7	0.33734696520963187
106	8	0.3030508427750176
106	9	0.24354999132819335
106	10	0.21174245086703625
106	11	0.20518562476841162
106	12	0.18874309397580782
106	13	0.1840068651573362
106	14	0.18148092445065986
106	15	0.17307770856496674
106	16	0.16475332741648718
106	17	0.1517444092423871
106	18	0.14171277133165572
106	19	0.14147316739690963
106	20	0.1300582972844377
111	0	0.5718177191818432
111	1	0.5579500604876491
111	2	0.5492631383737944
111	3	0.5358822854225516
111	4	0.5250347140479019
111	5	0.5037102733382661
111	6	0.47358821275590773
111	7	0.3411965088903788
111	8	0.3087325608485306
111	9	0.24573311982637705
111	10	0.21281376453912812
111	11	0.19772496261475578
111	12	0.18943640868787667
111	13	0.19084119030118704
111	14	0.1825458599432619
111	15	0.17410851803771976
111	16	0.16540274828728124
111	17	0.15230201336131693
111	18	0.14166464540709525
111	19	0.1413717172323665
111	20	0.12956989740227295
116	0	0.6040828154937263
116	1	0.5879069178363001
116	2	0.5766351163117069
116	3	0.5635731856876858
116	4	0.5493773082490743
116	5	0.5252961944296561
116	6	0.4870989961890896
116	7	0.4094443274621231
116	8	0.3299368336296357
116	9	0.2464239701211049
116	10	0.21356616223349484
116	11	0.19818136977528358
116	12	0.18990039722129542
116	13	0.18503949099876799
116	14	0.18298205953472796
116	15	0.17372596865901535
116	16	0.16550828567546888
116	17	0.15242138139831016
116	18	0.14145616888593987
116	19	0.14086838577952293
116	20	0.1288033423437133
121	0	0.6379519216672135
121	1	0.6227859019005644
121	2	0.6067331074324808
121	3	0.5904531642264487
121	4	0.5717628024181085
121	5	0.5479127811724321
121	6	0.5009151799936099
121	7	0.4144623611713724
121	8	0.32590795045616977
121	9	0.24702457250678875
121	10	0.214036726781916
121	11	0.19837151813309492
121	12	0.18952798021966077
121	13	0.18644691551090228
121	14	0.1840848804644062
121	15	0.1736262589107232
121	16	0.16532792766750534
121	17	0.1521397711808413
121	18	0.14091633965606423
121	19	0.12956093136263672
121	20	0.12777331550999296
126	0	0.6695781230952195
126	1	0.6534479911522811
126	2	0.6349805859218898
126	3	0.6154432258517112
126	4	0.5943011357324268
126	5	0.563295428419828
126	6	0.5143906288886484
126	7	0.42101484764481906
126	8	0.3118328460237894
126	9	0.24726273352234726
126	10	0.21110682865119243
126	11	0.19622140511587244
126	12	0.18932781334778084
126	13	0.1849685574572093
126	14	0.18307208252348162
126	15	0.17286132193744294
126	16	0.16472347900806725
126	17	0.15140621735657506
126	18	0.1403286368810612
126	19	0.1283609617640488
126	20	0.12652919735486465
131	0	0.5673249026289146
131	1	0.6828957059925823
131	2	0.6625441473763594
131	3	0.6404470273406149
131	4	0.6167661000181253
131	5	0.5816574726573777
131	6	0.525938746099738
131	7	0.4302387460162112
131	8	0.319481500988957
131	9	0.26100371518444465
131	10	0.22633296765797475
131	11	0.2108731985149645
131	12	0.189080681810523
131	13	0.18388079252248396
131	14	0.18137805215657932
131	15	0.17229869037030576
131	16	0.1639218510138665
131	17	0.15048556803796212
131	18	0.13955890070368301
131	19	0.12698919080146293
131	20	0.1250694441059256
136	0	0.7337691120579358
136	1	0.7124243926801671
136	2	0.6892594447529644
136	3	0.663844173955286
136	4	0.6390846395177909
136	5	0.6000340621135548
136	6	0.5370572966687168
136	7	0.4339810911057478
136	8	0.315394615441104
136	9	0.24608981976489422
136	10	0.21246462760659549
136	11	0.1966608932649941
136	12	0.19827542130851875
136	13	0.18285297908992754
136	14	0.1804414620487407
136	15	0.17101923392261298
136	16	0.1627037144076434
136	17	0.14904968317380154
136	18	0.13787651902246337
136	19	0.12545345468692004
136	20	0.12331693740036946
141	0	0.7648723252837479
141	1	0.7398765345400202
141	2	0.7157068832899365
141	3	0.6839864425172105
141	4	0.6647977823197111
141	5	0.616879842593027
141	6	0.5463761820473545
141	7	0.36774684143647446
141	8	0.31617484625552095
141	9	0.24549178084317388
141	10	0.2116023321562541
141	11	0.1955438122423593
141	12	0.18674235544748538
141	13	0.18394315757577084
141	14	0.1789304664521638
141	15	0.1697218980669215
141	16	0.16125734873334752
141	17	0.14743840477979875
141	18	0.1361623285330446
141	19	0.12368204007359414
141	20	0.12148141327078532
146	0	0.7943183653239603
146	1	0.7684230364820304
146	2	0.7370811789526807
146	3	0.7073485494264264
146	4	0.6772287598642074
146	5	0.6318301591143678
146	6	0.5560582978522404
146	7	0.4393620094885629
146	8	0.31549575972499544
146	9	0.2421006897664372
146	10	0.21034016747457146
146	11	0.19408900560393982
146	12	0.18512471769873357
146	13	0.19360471974052548
146	14	0.17752684890456505
146	15	0.16799715492747208
146	16	0.16716389631423495
146	17	0.14553003667928366
146	18	0.1342100497339857
146	19	0.12175555792503338
146	20	0.11946232727489874
151	0	0.8229005362165452
151	1	0.792154247455851
151	2	0.7592377335954543
151	3	0.7297527454399664
151	4	0.6964272263102388
151	5	0.6456084320931145
151	6	0.5634578804857764
151	7	0.43663968960451016
151	8	0.31417217958113514
151	9	0.24300257081050453
151	10	0.20842946756040573
151	11	0.19242134948987297
151	12	0.18321114582392026
151	13	0.1780644761297394
151	14	0.17686738236710725
151	15	0.16526701502166743
151	16	0.16552621141116267
151	17	0.1437958581969206
151	18	0.1321154876215176
151	19	0.11970229196379055
151	20	0.11720790383048085
156	0	0.8497163838428385
156	1	0.8154274018369568
156	2	0.7633397549526509
156	3	0.7484595571161662
156	4	0.70685097409971
156	5	0.6571190495422033
156	6	0.5675758610387573
156	7	0.4347279239653693
156	8	0.3130152236251279
156	9	0.2628009989724889
156	10	0.22425509546541414
156	11	0.1904799400287809
156	12	0.18120828400377836
156	13	0.17613379894254413
156	14	0.1735788207950151
156	15	0.16312062312016667
156	16	0.15592387339574204
156	17	0.14092975398630275
156	18	0.14046498653213385
156	19	0.11759488346604406
156	20	0.11504537916075522
161	0	0.8773079568533114
161	1	0.8402890996875774
161	2	0.8041336285341997
161	3	0.7615372014560665
161	4	0.7275164062696726
161	5	0.6673469424440678
161	6	0.5780734447061241
161	7	0.4367248212160332
161	8	0.3117018363614769
161	9	0.23912893938294907
161	10	0.20440596600469693
161	11	0.20424809894249213
161	12	0.1790276219197961
161	13	0.17375840697998304
161	14	0.18412612242252707
161	15	0.1609738256815094
161	16	0.1535603660255063
161	17	0.15151174830303343
161	18	0.1380758441593048
161	19	0.11528061044676027
161	20	0.11267680072178521
166	0	1.0271793949452386
166	1	0.8618416442578286
166	2	0.8231724748214656
166	3	0.7809457566762905
166	4	0.7410430077426832
166	5	0.6788260340389425
166	6	0.5821173130288131
166	7	0.4403415724342199
166	8	0.3379872156201604
166	9	0.23673864440862433
166	10	0.20206679089844612
166	11	0.18563278951150566
166	12	0.19222950967585542
166	13	0.17149234385975615
166	14	0.1687168373320738
166	15	0.15879120067078598
166	16	0.16568151827948632
166	17	0.14900980391443935
166	18	0.1354467155924618
166	19	0.11290552551272015
166	20	0.1102145919769631
171	0	0.9229394537845963
171	1	0.8818087978834809
171	2	0.8403487259285497
171	3	0.7948354539419087
171	4	0.7517895690888605
171	5	0.688948027477797
171	6	0.5853072813195618
171	7	0.43934787050614404
171	8	0.307931612096634
171	9	0.23402778222159748
171	10	0.19957857575806293
171	11	0.1820306611204811
171	12	0.1740743642699896
171	13	0.1843524981061443
171	14	0.18157038972962083
171	15	0.17120454802186677
171	16	0.16264173236405755
171	17	0.14658008447150678
171	18	0.13265108018043203
171	19	0.11044493800200261
171	20	0.10771060626977126
176	0	0.946328869970704
176	1	0.8997631830513173
176	2	0.8557161804546272
176	3	0.8078813796904243
176	4	0.7616818312438208
176	5	0.6925615039531812
176	6	0.5877277971178474
176	7	0.4393451427704791
176	8	0.3039053959358107
176	9	0.24259051077419758
176	10	0.19666983063865032
176	11	0.18067743158585858
176	12	0.17158533514794846
176	13	0.16418393027302977
176	14	0.1783066921363519
176	15	0.17898544500957952
176	16	0.1452694281537421
176	17	0.13142812296850787
176	18	0.12988456461725972
176	19	0.1081318572672841
176	20	0.10514528245824839
181	0	0.9666754942354909
181	1	0.9166956469305829
181	2	0.8677357900288025
181	3	0.8194356551622884
181	4	0.7770805840472182
181	5	0.7015185436702613
181	6	0.586158157971685
181	7	0.4376482432884105
181	8	0.29416668287229597
181	9	0.2279717323789324
181	10	0.1939089579414841
181	11	0.17804532714696866
181	12	0.16631145097253625
181	13	0.16140882945858498
181	14	0.1612754944959297
181	15	0.1497467969199891
181	16	0.14234029500362003
181	17	0.12865362245338893
181	18	0.11689258272912376
181	19	0.10553365058176503
181	20	0.1025134077837726
186	0	0.9853172575396962
186	1	0.9308485256833057
186	2	0.8821866794972174
186	3	0.8296688054010503
186	4	0.775838828569569
186	5	0.707797214214092
186	6	0.4440202442347246
186	7	0.435279277420729
186	8	0.2982069688329376
186	9	0.22509120062906657
186	10	0.1994961391961651
186	11	0.17484957795672285
186	12	0.16383648212979557
186	13	0.15761046734719192
186	14	0.15904719470479448
186	15	0.15526875358600453
186	16	0.13879884710044785
186	17	0.1257466723219074
186	18	0.1144837020291431
186	19	0.1029586803012042
186	20	0.09986648014880517
191	0	1.002905254986128
191	1	0.9424431819520989
191	2	0.8928361543997685
191	3	0.8362712582217231
191	4	0.7821021451383957
191	5	0.7103938675830733
191	6	0.589066214932758
191	7	0.45727004969669816
191	8	0.2967708800191073
191	9	0.22154934745414276
191	10	0.18803197389674958
191	11	0.179307155268584
191	12	0.16116225823041042
191	13	0.15570168468881812
191	14	0.15334397379202985
191	15	0.15228072820104588
191	16	0.14512276249961892
191	17	0.12223412849654897
191	18	0.11166872740374814
191	19	0.10017402710924854
191	20	0.0971911774364176
196	0	1.0169419919643772
196	1	0.9581308913412174
196	2	0.9013179029291992
196	3	0.8444320012237129
196	4	0.7895737548102311
196	5	0.7128321390422621
196	6	0.5881039965928848
196	7	0.4278232963091271
196	8	0.2927994132579505
196	9	0.21811494763069952
196	10	0.18311410819342622
196	11	0.16880525430858082
196	12	0.15984814865144045
196	13	0.152640287291004
196	14	0.15021513516484075
196	15	0.14058094233978013
196	16	0.14174046452963385
196	17	0.1195092519753524
196	18	0.10887804158555964
196	19	0.09747712837544674
196	20	0.09450051604610961
201	0	1.0301313333825888
201	1	0.9677813153525975
201	2	0.9099252243850434
201	3	0.8496982651644126
201	4	0.792750750425296
201	5	0.716415615272437
201	6	0.5863899099732987
201	7	0.423986626980704
201	8	0.2877174048363794
201	9	0.214677477603993
201	10	0.18157939387940492
201	11	0.17330790742344124
201	12	0.16875756793687477
201	13	0.15120728689473317
201	14	0.15428139916510275
201	15	0.13702633834850206
201	16	0.12974847372632226
201	17	0.11644576345911414
201	18	0.10595531663869692
201	19	0.09444824077169249
201	20	0.091831667592013
206	0	1.0415058375747788
206	1	0.975142820037896
206	2	0.9308806287400224
206	3	0.8527864756676409
206	4	0.7953426734735886
206	5	0.7168674169864764
206	6	0.5838059781013494
206	7	0.4194902346736493
206	8	0.2802161059548103
206	9	0.21281571790439344
206	10	0.17834480914456105
206	11	0.1623540945736914
206	12	0.1533767320020148
206	13	0.15448213214585216
206	14	0.14439761449255287
206	15	0.13429416871839064
206	16	0.12666138893142748
206	17	0.11972467870944573
206	18	0.1030265603539789
206	19	0.09169096152877738
206	20	0.08912528639050088
211	0	1.051162700255739
211	1	0.9827074967984064
211	2	0.9238789131921112
211	3	0.8549623234272932
211	4	0.8013650100281277
211	5	0.7171199224874794
211	6	0.5791344169370848
211	7	0.414624207827172
211	8	0.27636370568886137
211	9	0.20729184515127685
211	10	0.17457775913325074
211	11	0.15919287762841203
211	12	0.1500134807802687
211	13	0.14462985217581803
211	14	0.14093289831255662
211	15	0.1309806894052425
211	16	0.12319596363909938
211	17	0.11604095329386588
211	18	0.09958424962756444
211	19	0.08894517223453773
211	20	0.08643055967736535
216	0	1.0586374558150133
216	1	0.9886405276056985
216	2	0.9051149201179922
216	3	0.8593192372191396
216	4	0.7961113262281646
216	5	0.7144845414756423
216	6	0.5764960074744401
216	7	0.4072559602702992
216	8	0.27176708615451883
216	9	0.20299105743648604
216	10	0.17103889889790086
216	11	0.1559197785492335
216	12	0.14682672364353266
216	13	0.1417759011639874
216	14	0.13745362925010263
216	15	0.12753112770888442
216	16	0.12033278838275654
216	17	0.10680757076358013
216	18	0.10168761310236428
216	19	0.08621401666429676
216	20	0.08374054920480156
221	0	1.0645146663347431
221	1	0.9913248695943544
221	2	0.9221243574690212
221	3	0.8563081502253492
221	4	0.7930595575068536
221	5	0.7119064582586094
221	6	0.5712612913244186
221	7	0.40358974514962637
221	8	0.26858379067185023
221	9	0.198178805969442
221	10	0.16736256611668993
221	11	0.15248268960113232
221	12	0.14350586145652725
221	13	0.13812999520740016
221	14	0.13403556077826725
221	15	0.1242481399778388
221	16	0.11637099738330844
221	17	0.103877312069834
221	18	0.09832469084456079
221	19	0.08348545849424642
221	20	0.08106677549830119
226	0	1.0686510066441244
226	1	0.9931126144485038
226	2	0.9216660011626547
226	3	0.8550554277686253
226	4	0.7915657553832792
226	5	0.6343565484544516
226	6	0.5656083257054177
226	7	0.39754287204379957
226	8	0.26215021109105346
226	9	0.19189706528594735
226	10	0.1638834796327831
226	11	0.14894572287484248
226	12	0.14021015228120745
226	13	0.13463048631000352
226	14	0.1305774087989858
226	15	0.12110603493817118
226	16	0.1129988430207933
226	17	0.10097308848656744
226	18	0.09500494211307085
226	19	0.08078383031674619
226	20	0.07840793627753538
231	0	1.0725354070670838
231	1	0.9939247678430628
231	2	0.9192043951974401
231	3	0.8538786549814383
231	4	0.7892172066373317
231	5	0.7046568872883265
231	6	0.551738032390283
231	7	0.39392607578654404
231	8	0.25716640447299516
231	9	0.18807098409186573
231	10	0.16043443095323912
231	11	0.14553737424015584
231	12	0.13662651546220275
231	13	0.1308989861227576
231	14	0.12711336001288986
231	15	0.11735691585526684
231	16	0.11010874737366756
231	17	0.09781446973756935
231	18	0.08777719183933237
231	19	0.07818517690703472
231	20	0.07577239431788897
236	0	1.0728836542699458
236	1	0.9937141848794846
236	2	0.9175964823078095
236	3	0.8454393709523841
236	4	0.784197979775171
236	5	0.46489591730568597
236	6	0.5656545263166457
236	7	0.3861468045209311
236	8	0.2520684759473434
236	9	0.18634032036963638
236	10	0.15640730007077805
236	11	0.14189776547456792
236	12	0.1332050007311307
236	13	0.12752528569007374
236	14	0.12396041619193568
236	15	0.11397562349725336
236	16	0.10625104435152272
236	17	0.0947449551910523
236	18	0.08488981097357551
236	19	0.07552825316625451
236	20	0.07311729636606631
241	0	1.0718054067941414
241	1	0.9909306635701229
241	2	0.9134577264126583
241	3	0.8440610231779139
241	4	0.7785698233727105
241	5	0.6937066103637851
241	6	0.5463625437558832
241	7	0.38001541755978924
241	8	0.24700940451580833
241	9	0.18291532575606673
241	10	0.15276855932000635
241	11	0.13840437799624733
241	12	0.12982435686539112
241	13	0.12401982945896353
241	14	0.12032879898074117
241	15	0.11064360263580074
241	16	0.1027670287563637
241	17	0.09185666175808731
241	18	0.08200726002387955
241	19	0.07291437102453362
241	20	0.07052919390273388
246	0	1.072172999566087
246	1	0.9877596100897343
246	2	0.9093794239342852
246	3	0.8378473548928717
246	4	0.7739881683959947
246	5	0.6868973921714784
246	6	0.5390100904787296
246	7	0.37188496034019336
246	8	0.24173444020482315
246	9	0.17867790948363957
246	10	0.14914162552700777
246	11	0.1349100122726626
246	12	0.12626777204906026
246	13	0.12057456850225945
246	14	0.11645975158605776
246	15	0.10728332495004576
246	16	0.09971123736189386
246	17	0.08881718214865647
246	18	0.07897658514160386
246	19	0.07041282237023708
246	20	0.0679090139430693
251	0	1.0694095321429111
251	1	0.9838265894124874
251	2	0.9037459959268702
251	3	0.7172008357587876
251	4	0.7655805096868109
251	5	0.6801302937008148
251	6	0.5313256420854636
251	7	0.3654634152567605
251	8	0.23642686775209062
251	9	0.17442659804400154
251	10	0.1455427168484067
251	11	0.13148214399604205
251	12	0.1229304926683524
251	13	0.11716142121082462
251	14	0.11302441645441871
251	15	0.10409315567761819
251	16	0.09644358536708907
251	17	0.08589329261357091
251	18	0.0761824607700005
251	19	0.0677814160691337
251	20	0.06538826727056528
256	0	1.0652338978226354
256	1	0.9773322175110517
256	2	0.8975259187452188
256	3	0.8242277220606882
256	4	0.4773372134051614
256	5	0.6717383599322004
256	6	0.5227166604383833
256	7	0.3591024505016012
256	8	0.2311347502168773
256	9	0.17032110005214604
256	10	0.14201289808673329
256	11	0.12809950312674132
256	12	0.11957307586710991
256	13	0.11387843863279642
256	14	0.10965468078962498
256	15	0.10072376024208332
256	16	0.0932225585641547
256	17	0.08279576827050829
256	18	0.07309234707855512
256	19	0.06530130642029089
256	20	0.06291550923025307
261	0	1.059637758401244
261	1	0.9712714050279627
261	2	0.8892012677451314
261	3	0.8158180999905745
261	4	0.7506723030942928
261	5	0.6632989242320506
261	6	0.5144632299750196
261	7	0.3508112366118054
261	8	0.22590193429443223
261	9	0.1662002533347063
261	10	0.1386504809434798
261	11	0.12499335245320119
261	12	0.11622366689564433
261	13	0.11039071395158756
261	14	0.10627787246270574
261	15	0.09744658847129656
261	16	0.09005690513705199
261	17	0.07983592363987231
261	18	0.07092444052245545
261	19	0.06592212387578844
261	20	0.06052805123353481
266	0	1.0546082669577816
266	1	0.9640469779133347
266	2	0.8812628695687623
266	3	0.8148580993274334
266	4	0.7418078868746355
266	5	0.6546539407776885
266	6	0.5059899982758721
266	7	0.34376881364414236
266	8	0.22042791506941478
266	9	0.16211751678369246
266	10	0.13512017939488466
266	11	0.12162107893606129
266	12	0.11296484855549943
266	13	0.10709547295141303
266	14	0.10290310948302389
266	15	0.09418657696276303
266	16	0.08684732740587194
266	17	0.07711022213774613
266	18	0.06848508003384088
266	19	0.06320442766881537
266	20	0.05813536105848697
271	0	1.0471685000077915
271	1	0.9548229746796233
271	2	0.8719134199238318
271	3	0.797751855502672
271	4	0.7212141801544901
271	5	0.6445504325490142
271	6	0.49715232609983695
271	7	0.3366886341441448
271	8	0.21519517091460327
271	9	0.15812641694612842
271	10	0.13170862500681887
271	11	0.11832887387061083
271	12	0.10993412527742324
271	13	0.10381821380948203
271	14	0.09964642997433765
271	15	0.09101375683094083
271	16	0.0837618024565183
271	17	0.07405877896996167
271	18	0.06579453719489646
271	19	0.06053553505672611
271	20	0.055765468471083324
276	0	1.0396970181569842
276	1	0.9478906903102274
276	2	0.5068452813511564
276	3	0.7861728024465174
276	4	0.7201425837086752
276	5	0.6393199761428415
276	6	0.4883014822677607
276	7	0.3295565862324334
276	8	0.2100071486956826
276	9	0.15422498508416155
276	10	0.12823179260343628
276	11	0.11514020950773776
276	12	0.10673375331160168
276	13	0.10062232150193277
276	14	0.09642516994419721
276	15	0.08789519999490157
276	16	0.08085356908461394
276	17	0.07099089719493526
276	18	0.06280092519525164
276	19	0.05561012756332696
276	20	0.053498171220997294
281	0	1.0309914222297198
281	1	0.9369522501941426
281	2	0.8518479324077588
281	3	0.7772078094177879
281	4	0.7124241807934701
281	5	0.6259436776954896
281	6	0.47969702689403787
281	7	0.3222413154562509
281	8	0.204939765749408
281	9	0.1502681104511196
281	10	0.12481402458438229
281	11	0.11192341803169774
281	12	0.10356369589632931
281	13	0.09749334344910485
281	14	0.09323446058519885
281	15	0.08486520800628068
281	16	0.07785015136414233
281	17	0.06828586959520785
281	18	0.06027605878329637
281	19	0.053323952079594665
281	20	0.05125633711178382
286	0	1.0225834439831138
286	1	0.926494012793857
286	2	0.8401812994039766
286	3	0.7649616419368668
286	4	0.701978916223604
286	5	0.6158838577358282
286	6	0.47005111956423656
286	7	0.3149614656492084
286	8	0.19972738390261385
286	9	0.14638886212153435
286	10	0.12146311988862767
286	11	0.10877601479139869
286	12	0.10049394703161434
286	13	0.09441563933215273
286	14	0.09001041257759393
286	15	0.08179939120493324
286	16	0.0749776438260845
286	17	0.06556588338817519
286	18	0.05758949823913517
286	19	0.051027912622772904
286	20	0.049087321869495
291	0	1.0135746636860168
291	1	0.9146382486699792
291	2	0.8335534624242575
291	3	0.7548135777409336
291	4	0.6905164180420308
291	5	0.6063456490297348
291	6	0.4606575420055794
291	7	0.30751845555524326
291	8	0.19486370467191738
291	9	0.14245313812448493
291	10	0.11840667188372864
291	11	0.10566443290889425
291	12	0.09751623374674163
291	13	0.09154935771044279
291	14	0.08683597294233944
291	15	0.07884375061168784
291	16	0.07208865373365972
291	17	0.06291656630723842
291	18	0.05559211686912557
291	19	0.04881441462476211
291	20	0.04690119747067262
296	0	1.0034224276913208
296	1	0.8854440116950024
296	2	0.8170049622404729
296	3	0.7427608290066957
296	4	0.6503257186004987
296	5	0.589409061181331
296	6	0.4514270283607414
296	7	0.3049549624498581
296	8	0.18990716971158897
296	9	0.13875959524590403
296	10	0.11508189230390695
296	11	0.102603775700635
296	12	0.09453770150299
296	13	0.08855676077254845
296	14	0.08382717780126807
296	15	0.0759482067566253
296	16	0.06919829465004407
296	17	0.06038329441301906
296	18	0.05293890356037975
296	19	0.04665922310730836
296	20	0.04481222647097932
301	0	0.9933841547416868
301	1	0.8756972397112893
301	2	0.8058932033631844
301	3	0.7292172400395959
301	4	0.6687344106269694
301	5	0.5860858227376523
301	6	0.442085094079327
301	7	0.2937309897748007
301	8	0.1853405195885292
301	9	0.1352446046097563
301	10	0.11164998852552221
301	11	0.09979305648397008
301	12	0.09162399701286267
301	13	0.0856569663492999
301	14	0.08089428466521378
301	15	0.0731150970419367
301	16	0.06644712049713933
301	17	0.057849272393058704
301	18	0.05072207338239302
301	19	0.044101163761244115
301	20	0.04259141506616857
306	0	0.9809864055195541
306	1	0.8634512189609643
306	2	0.789798995532419
306	3	0.7200917281578714
306	4	0.6573250053751107
306	5	0.5750330009021235
306	6	0.4326627512188675
306	7	0.28671116462382856
306	8	0.18019609495524588
306	9	0.1314163515232072
306	10	0.10846616537412294
306	11	0.09668061231214341
306	12	0.08874389536668108
306	13	0.08287430927546258
306	14	0.07801882855761229
306	15	0.07029213881856905
306	16	0.06375583450676063
306	17	0.05537143971873498
306	18	0.04813420951956225
306	19	0.04243456599573215
306	20	0.040636937158071734
311	0	0.9744165647078937
311	1	0.8687358376614615
311	2	0.7438428906231036
311	3	0.6776619556818383
311	4	0.6458117331372228
311	5	0.5641626756620816
311	6	0.4232709606435085
311	7	0.2797470320535716
311	8	0.17535223071595613
311	9	0.1275594069201333
311	10	0.10570918492571066
311	11	0.09373831567311715
311	12	0.08614770100057859
311	13	0.08009841257367699
311	14	0.07536148364321316
311	15	0.06759122682944156
311	16	0.06114781650765095
311	17	0.052962831114123025
311	18	0.04557374376542697
311	19	0.040135832014064746
311	20	0.038933807299735425
316	0	0.9558133247969763
316	1	0.8579301877131372
316	2	0.7720715399846142
316	3	0.6955950729697242
316	4	0.6344217600913814
316	5	0.559255892780408
316	6	0.4140322063675222
316	7	0.2725668403453005
316	8	0.17068596056877533
316	9	0.12412063063468512
316	10	0.1027422356889156
316	11	0.09093061444690319
316	12	0.08325408068442172
316	13	0.07737616376386006
316	14	0.07259832031579182
316	15	0.06482921373490634
316	16	0.05859308484967247
316	17	0.05061265065921994
316	18	0.04431909831278195
316	19	0.03825842678899041
316	20	0.037038490563325345
321	0	0.9450677239273271
321	1	0.8455463869956057
321	2	0.7547409847928739
321	3	0.6831240316768606
321	4	0.6229777816818564
321	5	0.5429123123600686
321	6	0.4048849688688012
321	7	0.26631343146503866
321	8	0.1662545400505241
321	9	0.12105883158943688
321	10	0.09982121923060953
321	11	0.08821302229662831
321	12	0.08051983461545031
321	13	0.07473604690829032
321	14	0.07000588802664649
321	15	0.06235706700356321
321	16	0.056110001188137366
321	17	0.048248819901440934
321	18	0.042229474497079554
321	19	0.03676405670338522
321	20	0.03504764432550861
326	0	0.933430658445249
326	1	0.8335513020878796
326	2	0.7443161185636648
326	3	0.6718469143528365
326	4	0.6111892622864358
326	5	0.5325192592849275
326	6	0.3961337381408457
326	7	0.25969315697916817
326	8	0.16228169327095635
326	9	0.11793314407620227
326	10	0.09700759541709789
326	11	0.0858060901030076
326	12	0.07793107194167344
326	13	0.07233007088789667
326	14	0.06739967307070377
326	15	0.05985489377740309
326	16	0.053685463109313734
326	17	0.04607555346112188
326	18	0.03944605438222519
326	19	0.034796356689384675
326	20	0.03302425380171694
331	0	0.9212221990605441
331	1	0.8205786445336857
331	2	0.731547449855281
331	3	0.6597928917413767
331	4	0.5998735521068346
331	5	0.5218333845351666
331	6	0.3871179508383221
331	7	0.24008110978317107
331	8	0.1575238182123899
331	9	0.11353022412468605
331	10	0.09388758558420929
331	11	0.08302110635057977
331	12	0.07533251552880216
331	13	0.06970577258657892
331	14	0.06489667614582043
331	15	0.05733715595813214
331	16	0.0513243287045923
331	17	0.043996531717588445
331	18	0.038076218140764916
331	19	0.03277318804126619
331	20	0.031241975954270515
336	0	0.9095394253017517
336	1	0.8085632337247664
336	2	0.7197546454794814
336	3	0.6481164436124796
336	4	0.5884757236934726
336	5	0.5122999845574281
336	6	0.37862239571719675
336	7	0.24643401417840122
336	8	0.15382308502261607
336	9	0.11069334478853672
336	10	0.09139122997034832
336	11	0.08079407741859898
336	12	0.07242003137376611
336	13	0.06721845182536122
336	14	0.062497639485267806
336	15	0.05508892865491981
336	16	0.049049726857940956
336	17	0.041861809543063885
336	18	0.03614432392299199
336	19	0.030900269552568544
336	20	0.0312403444824789
341	0	0.897711835288624
341	1	0.796756048372472
341	2	0.7072848115302183
341	3	0.6358837572250573
341	4	0.5756195051359239
341	5	0.5017311419281092
341	6	0.37029187636688193
341	7	0.24038199166089724
341	8	0.14853886269278016
341	9	0.10863625105743815
341	10	0.0890643561417449
341	11	0.07835718951819742
341	12	0.06999604774810997
341	13	0.06485986581395325
341	14	0.0602429963774252
341	15	0.052855279817941955
341	16	0.046831427751486666
341	17	0.03989109716976128
341	18	0.03430057672263039
341	19	0.029272542010877978
341	20	0.02936863222051258
346	0	0.903328710920337
346	1	0.7845336647211727
346	2	0.6958511435024857
346	3	0.6249083858547735
346	4	0.5646469013248766
346	5	0.4930802634298541
346	6	0.36189461669120404
346	7	0.23436597301982343
346	8	0.14509992964675147
346	9	0.10566521861827624
346	10	0.0853641654903457
346	11	0.07740875650297532
346	12	0.06846600654795945
346	13	0.06271028497603749
346	14	0.05777162846718157
346	15	0.050687633932439635
346	16	0.04470546644377963
346	17	0.03794685261570378
346	18	0.03254216502675888
346	19	0.02772501058525237
346	20	0.026528088689953027
351	0	0.8734390269336341
351	1	0.7725538174905944
351	2	0.6837576079658958
351	3	0.6109346865603905
351	4	0.5535751048103217
351	5	0.48330794990936726
351	6	0.3530288271808265
351	7	0.2285921652407064
351	8	0.14174897456440191
351	9	0.1023897660040776
351	10	0.0826108692203741
351	11	0.07363782209310009
351	12	0.06771872998231807
351	13	0.06056754844929409
351	14	0.05564268049173295
351	15	0.04857771915081387
351	16	0.04265479451914687
351	17	0.0360446316986135
351	18	0.030812728019355903
351	19	0.02635882162991378
351	20	0.024764401324736982
356	0	0.8697854234507945
356	1	0.7610967633677845
356	2	0.6725157496095625
356	3	0.5977380336141471
356	4	0.5453096313291753
356	5	0.473254729542604
356	6	0.34515590740165253
356	7	0.22307620547672025
356	8	0.13839745142849313
356	9	0.09873904753320362
356	10	0.08131192184248019
356	11	0.07045434542147672
356	12	0.06416393929800539
356	13	0.05844974748165633
356	14	0.053432249158110116
356	15	0.046636976826295105
356	16	0.04082593401596219
356	17	0.03421657591513581
356	18	0.02915450636767858
356	19	0.024780010598607186
356	20	0.023504808959952106
361	0	0.8507226981234282
361	1	0.749568540158025
361	2	0.6596127207822035
361	3	0.5938734345672263
361	4	0.5350645696639942
361	5	0.4633983637836551
361	6	0.33719421895376767
361	7	0.21759502783916315
361	8	0.13492705625752324
361	9	0.09650444798985895
361	10	0.07893274946520663
361	11	0.06820680255352456
361	12	0.06229244917246067
361	13	0.05742013208361915
361	14	0.051419025500251736
361	15	0.04466846505487418
361	16	0.03895675350306745
361	17	0.03246995181161597
361	18	0.02755083595538369
361	19	0.023658684495190707
361	20	0.021997467601144235
366	0	0.8413595861526849
366	1	0.7396712542416475
366	2	0.6475485677445882
366	3	0.5839109000069966
366	4	0.5255694655871186
366	5	0.4547557909952436
366	6	0.33008600008619066
366	7	0.21168490168192097
366	8	0.1318900985646828
366	9	0.09494738805915419
366	10	0.07630718627211726
366	11	0.06701803559714138
366	12	0.06035314649690577
366	13	0.054493997514062045
366	14	0.04946233359400097
366	15	0.04254721499354327
366	16	0.03697398050737148
366	17	0.03078683140097626
366	18	0.026006536852516096
366	19	0.02220509646333655
366	20	0.020878863183784603
371	0	0.8274938367783612
371	1	0.7279242768449192
371	2	0.6368234276573222
371	3	0.5738049952911204
371	4	0.5156598472155157
371	5	0.44584368509470224
371	6	0.3214664033533699
371	7	0.20745523912463187
371	8	0.12873467143901135
371	9	0.09245076579061226
371	10	0.07336062468069096
371	11	0.06525256154057016
371	12	0.05847330044718704
371	13	0.052479937831870264
371	14	0.04782885411541119
371	15	0.04071942030592905
371	16	0.035221593123478
371	17	0.029158927023859946
371	18	0.024529878200875325
371	19	0.02086588660363541
371	20	0.01922649989348667
376	0	0.8187900260472716
376	1	0.7162139049657869
376	2	0.6263036159351298
376	3	0.5621819975249391
376	4	0.5136486562962352
376	5	0.4397883212790546
376	6	0.31535095474406427
376	7	0.20263878769013405
376	8	0.12541817664932298
376	9	0.088643393229202
376	10	0.07114655697149924
376	11	0.06288724837099394
376	12	0.05590798497127959
376	13	0.049999977392866275
376	14	0.046534393291403534
376	15	0.03906524352613665
376	16	0.03368838047719624
376	17	0.027730929629260593
376	18	0.02309642546533702
376	19	0.01951825169244542
376	20	0.018137563396739
381	0	0.8110086780136786
381	1	0.7055974196465344
381	2	0.6168920881349174
381	3	0.5551255777741121
381	4	0.497446150323448
381	5	0.42983467054047425
381	6	0.30997110496144026
381	7	0.19824255768403046
381	8	0.12234654700116485
381	9	0.08560398188626966
381	10	0.07003789069112247
381	11	0.060212864506965044
381	12	0.05367144630013431
381	13	0.048966296702433285
381	14	0.044176860796812836
381	15	0.037378965675842514
381	16	0.032079370487303124
381	17	0.02624967102271264
381	18	0.021732057360526268
381	19	0.01829399820009276
381	20	0.01705300173709838
386	0	0.801442969976023
386	1	0.6966497607110553
386	2	0.6077339872567538
386	3	0.5433571609761326
386	4	0.48903393411312457
386	5	0.4200738621677161
386	6	0.30377566666778877
386	7	0.19378166407934594
386	8	0.11667158296548619
386	9	0.08424914549504023
386	10	0.0683147837297622
386	11	0.059264910595146235
386	12	0.053087461305036415
386	13	0.047616536735272656
386	14	0.04250289594070305
386	15	0.03653516357297387
386	16	0.030419858516774572
386	17	0.024735132461142752
386	18	0.020428187864772008
386	19	0.017115018900614263
386	20	0.01596153032717173
391	0	0.7916912705058057
391	1	0.686098431747973
391	2	0.5992728603565454
391	3	0.5347762242765094
391	4	0.48116807918354887
391	5	0.4158966489876271
391	6	0.29764422383187006
391	7	0.18962355989144947
391	8	0.11637507499194157
391	9	0.0840051817373532
391	10	0.06790844367202964
391	11	0.057501137805808275
391	12	0.051292133552833664
391	13	0.046005349893116
391	14	0.040898446494962645
391	15	0.03435146943694025
391	16	0.02893206989784609
391	17	0.02339271035663862
391	18	0.01918504435873744
391	19	0.015986728426664324
391	20	0.014860909505503363
396	0	0.7819515392849312
396	1	0.6796864890956757
396	2	0.5879536754374016
396	3	0.5287327115539644
396	4	0.47441754577159984
396	5	0.40692032761041413
396	6	0.29291794755127487
396	7	0.1857644753080086
396	8	0.11351673355885562
396	9	0.08237222928530749
396	10	0.06518177360379399
396	11	0.05629397795856301
396	12	0.05072497562386871
396	13	0.044426311120953015
396	14	0.03942427911390655
396	15	0.03291570772318338
396	16	0.027542850690919943
396	17	0.02219652499939672
396	18	0.01800955835350022
396	19	0.014912527161093307
396	20	0.013771719956920198
401	0	0.7743581269714803
401	1	0.6719826877699125
401	2	0.582922795509245
401	3	0.519396685174474
401	4	0.46627361616696283
401	5	0.40162505961834993
401	6	0.2876894141632438
401	7	0.1821031890255051
401	8	0.11107572224218171
401	9	0.08272724274887383
401	10	0.06520807385459992
401	11	0.056058577352619016
401	12	0.04741955092731137
401	13	0.04241570563833983
401	14	0.03788274427502294
401	15	0.03155153211563837
401	16	0.026857408490380857
401	17	0.020981543150254443
401	18	0.016951933161774322
401	19	0.013882986522263469
401	20	0.01277857150160405
406	0	0.7679230825888477
406	1	0.6635200006684168
406	2	0.5768524481362456
406	3	0.5153505474517868
406	4	0.46373559099696926
406	5	0.39548154006421077
406	6	0.2826454199673737
406	7	0.17889693281559893
406	8	0.11019068324123223
406	9	0.07889570696781555
406	10	0.0636893669067379
406	11	0.05454891595280296
406	12	0.04633395315162737
406	13	0.04187121581577265
406	14	0.03651411528093855
406	15	0.030308729149660086
406	16	0.02505612353272988
406	17	0.01975149507533561
406	18	0.015822490773591383
406	19	0.012908236794331148
406	20	0.011819733880865742
411	0	0.7609964279511894
411	1	0.6532371245032857
411	2	0.5697373928622167
411	3	0.5082913989997877
411	4	0.45415160845885305
411	5	0.3899078853292113
411	6	0.27733775975518893
411	7	0.1756210489401558
411	8	0.10811579958385144
411	9	0.07747372051559438
411	10	0.06241936492217738
411	11	0.05339803826191775
411	12	0.04551852719865875
411	13	0.040776754942497315
411	14	0.03471945713785578
411	15	0.029143816750454382
411	16	0.02388635679900652
411	17	0.01863837745100933
411	18	0.014820572374669378
411	19	0.011985799515427548
411	20	0.010888557952751461
416	0	0.754401215770436
416	1	0.6502049795452769
416	2	0.5639725576162309
416	3	0.5000946634211184
416	4	0.41342095688404235
416	5	0.3845942823865094
416	6	0.27304071164301225
416	7	0.14060030881156244
416	8	0.10625386738481779
416	9	0.07608048041827019
416	10	0.06121852212859265
416	11	0.05230427604838987
416	12	0.04559400202800979
416	13	0.03929288468521331
416	14	0.03357341288199897
416	15	0.028201850715413875
416	16	0.02279082194362856
416	17	0.01808980521812354
416	18	0.013924303354434082
416	19	0.011237165098898936
416	20	0.010033056660571894
421	0	0.7654633156562123
421	1	0.6443699394461299
421	2	0.5573390578078892
421	3	0.4925855045299736
421	4	0.44345925615385506
421	5	0.37975935938496336
421	6	0.2694259014523932
421	7	0.17016262714470304
421	8	0.10423872280701077
421	9	0.07485994885412993
421	10	0.06019356266417329
421	11	0.05130215970018326
421	12	0.04440595318740796
421	13	0.037401544356554725
421	14	0.03257280658955107
421	15	0.026455189394408486
421	16	0.02175412527575161
421	17	0.01713282688552314
421	18	0.013029665468104853
421	19	0.010305092113145625
421	20	0.009227687403386748
426	0	0.7430082609945512
426	1	0.6396133508422845
426	2	0.5542702106485488
426	3	0.48807849420519944
426	4	0.4382928999862051
426	5	0.38264231518598796
426	6	0.2657710721676272
426	7	0.1676755882286668
426	8	0.10309746059558618
426	9	0.07367399339697349
426	10	0.05923012969634744
426	11	0.050419651314999536
426	12	0.043392442794029554
426	13	0.036412539979987855
426	14	0.03149204557986422
426	15	0.026031780641923904
426	16	0.02086929093382702
426	17	0.015765151964875403
426	18	0.01244144976848112
426	19	0.009530467052074464
426	20	0.008464272757644255
431	0	0.7385935973397122
431	1	0.635035298489107
431	2	0.5477286955511731
431	3	0.4837524595763051
431	4	0.4344624639399326
431	5	0.3717312123145947
431	6	0.262697614099958
431	7	0.16523621665204302
431	8	0.10164669994456002
431	9	0.07270773667699043
431	10	0.05831410850044648
431	11	0.04961881136053929
431	12	0.04255846669292558
431	13	0.03581955329674222
431	14	0.031133771502394693
431	15	0.025056695255115006
431	16	0.019844952300275213
431	17	0.014935862070747903
431	18	0.011613781472128631
431	19	0.008854007172606378
431	20	0.0077919744904073026
436	0	0.736095415452251
436	1	0.6351786759577432
436	2	0.5438443933868429
436	3	0.48081575904225715
436	4	0.4330467510678607
436	5	0.37343108977189743
436	6	0.25976235510276335
436	7	0.16364750473662848
436	8	0.10024990308705009
436	9	0.07174644705526746
436	10	0.05744484110978595
436	11	0.048751875784561034
436	12	0.041790924285852425
436	13	0.03617138162436767
436	14	0.030340813629910524
436	15	0.02420446763997638
436	16	0.01903158657167063
436	17	0.014286648964200954
436	18	0.010609032983367104
436	19	0.008182432189636792
436	20	0.007125577284624239
441	0	0.7341285808940567
441	1	0.630917105511867
441	2	0.540701754968689
441	3	0.4765961501470857
441	4	0.42758347399478386
441	5	0.3652987631820639
441	6	0.2574395584301484
441	7	0.1617758097774566
441	8	0.09889199809524216
441	9	0.07093708421614656
441	10	0.056801739875240134
441	11	0.04805824210943644
441	12	0.041058785468952086
441	13	0.0352825068300293
441	14	0.029242965521476365
441	15	0.023508556248384504
441	16	0.01828638394352774
441	17	0.013501150878055423
441	18	0.009936536129339963
441	19	0.007511101334524113
441	20	0.006502500216413846
446	0	0.730499741964971
446	1	0.628208009985582
446	2	0.5377462558827139
446	3	0.4733840341480319
446	4	0.42577448358156045
446	5	0.3597009740763703
446	6	0.25541203725779843
446	7	0.16033952162229104
446	8	0.0979865542720426
446	9	0.07024442454926683
446	10	0.05619475693527441
446	11	0.04751655735161183
446	12	0.040544151613911845
446	13	0.034619757563882664
446	14	0.028661130639004707
446	15	0.022305517828681107
446	16	0.01760997465209545
446	17	0.01284084953849572
446	18	0.009321846475349256
446	19	0.006930590808603648
446	20	0.005907843463761131
451	0	0.7305166933673644
451	1	0.6262059988419497
451	2	0.5342433406370747
451	3	0.4712856204599867
451	4	0.42226700581889515
451	5	0.36133807492441977
451	6	0.25386827407746027
451	7	0.15922536795557254
451	8	0.09718735781875878
451	9	0.07022327817071118
451	10	0.05566611970943252
451	11	0.04700496193770741
451	12	0.04005845795481401
451	13	0.034031137464812795
451	14	0.028327790890466418
451	15	0.022125229317357144
451	16	0.016991249988079136
451	17	0.012268857518744715
451	18	0.008758794185973152
451	19	0.006402125363587135
451	20	0.005350841280954408
456	0	0.7288419291425563
456	1	0.6239057933728489
456	2	0.5326900032990012
456	3	0.4693956883940188
456	4	0.42081399644265494
456	5	0.35921907613319554
456	6	0.24725425403272522
456	7	0.1579711277888104
456	8	0.09685313641251261
456	9	0.06972715236509741
456	10	0.0552139817042139
456	11	0.04656927620383937
456	12	0.03960985997928196
456	13	0.03354853206163226
456	14	0.028018716320186564
456	15	0.02155718680156375
456	16	0.01645775729364046
456	17	0.01173682217488286
456	18	0.008241191789792051
456	19	0.00591845886716753
456	20	0.004855168298130452
461	0	0.7275649178011506
461	1	0.6218586784334168
461	2	0.5325838016176883
461	3	0.4686790425383688
461	4	0.4196624881157113
461	5	0.34724656023224454
461	6	0.2505176170535669
461	7	0.1572732008638888
461	8	0.09635904247795109
461	9	0.06875631836607257
461	10	0.05480427322454464
461	11	0.04615494303520162
461	12	0.03925490513314689
461	13	0.03316064789656095
461	14	0.027474393028864928
461	15	0.021101386490573245
461	16	0.015944563419458026
461	17	0.011219516096140044
461	18	0.007788671929656829
461	19	0.0054816711275489744
461	20	0.00441338802328059
466	0	0.7277137387298012
466	1	0.6216068029431712
466	2	0.5343983639128363
466	3	0.4121231282621245
466	4	0.4190144388325968
466	5	0.35858078492342804
466	6	0.24932938466374405
466	7	0.1594245762370997
466	8	0.09636446388241685
466	9	0.06844859791943211
466	10	0.05636196971118047
466	11	0.04591813839757449
466	12	0.03894611646739708
466	13	0.03284736460268489
466	14	0.027173825470813016
466	15	0.020743722395475086
466	16	0.0155310212467299
466	17	0.010791998688922888
466	18	0.00737816343638562
466	19	0.005091617595966217
466	20	0.004015113202366943
471	0	0.7295796013233913
471	1	0.6213748318540566
471	2	0.5332524521587595
471	3	0.4688225940960789
471	4	0.4192452584544621
471	5	0.35882953673099416
471	6	0.24915099918495334
471	7	0.15647436146744348
471	8	0.09620249097730446
471	9	0.07180500252807015
471	10	0.05615299817766097
471	11	0.0459003277051891
471	12	0.03869232014852908
471	13	0.03260346103068151
471	14	0.026890942533970487
471	15	0.02049193394686449
471	16	0.015180895446275024
471	17	0.010423380617343464
471	18	0.0070149507362639385
471	19	0.004749363077436806
471	20	0.0036561343522383822
476	0	0.73189674630049
476	1	0.624669747010019
476	2	0.5337240854322348
476	3	0.4695785515193258
476	4	0.42120544642420726
476	5	0.35938312518302307
476	6	0.2467922437734381
476	7	0.15621174318198852
476	8	0.0961765741917885
476	9	0.0682366338998104
476	10	0.05477827308991519
476	11	0.04713849386873064
476	12	0.03850631628007642
476	13	0.03251918048838824
476	14	0.02662723801844241
476	15	0.02023789015135876
476	16	0.014893076168339509
476	17	0.010123248436682965
476	18	0.006730317889678073
476	19	0.004439310954029257
476	20	0.00334385171201685
481	0	0.7359252959268021
481	1	0.6258236772304424
481	2	0.5368808294432128
481	3	0.4709480305638608
481	4	0.4083410822737318
481	5	0.35938402945234144
481	6	0.2507925710224189
481	7	0.15662206483606947
481	8	0.09627771483665908
481	9	0.06822053217931696
481	10	0.054874694374457036
481	11	0.045791863238730204
481	12	0.03844286783228304
481	13	0.03234381113999725
481	14	0.026477787856236484
481	15	0.02019339298108511
481	16	0.014666509539647743
481	17	0.009882336769727626
481	18	0.006472273479900258
481	19	0.004176593006210471
481	20	0.003076127115822627
486	0	0.7398650464089658
486	1	0.6303764044382771
486	2	0.5375608455592371
486	3	0.47204310179354747
486	4	0.4215536673799607
486	5	0.36129419805014545
486	6	0.2553191912182717
486	7	0.15598720217848872
486	8	0.09647321637859248
486	9	0.06838930268679186
486	10	0.05499832265421163
486	11	0.045866968386937754
486	12	0.03846575035320462
486	13	0.03224210112558701
486	14	0.026489334447812304
486	15	0.019965435189657255
486	16	0.01454234850079526
486	17	0.00968800888391799
486	18	0.006261003363391369
486	19	0.003956542742570927
486	20	0.0028342803653337405
491	0	0.7513083448774459
491	1	0.6340086738337102
491	2	0.5401878976854464
491	3	0.4705143643008355
491	4	0.42463622898882847
491	5	0.36282228300354186
491	6	0.2527579259028935
491	7	0.15774883962918504
491	8	0.1069351322882148
491	9	0.0686599378318912
491	10	0.05463578477599028
491	11	0.046080970816994415
491	12	0.03967239487752267
491	13	0.032288405565979734
491	14	0.02645280687179507
491	15	0.019936837615016082
491	16	0.014408145434947325
491	17	0.009576877453376037
491	18	0.006102077770055843
491	19	0.003783043958213502
491	20	0.0026379799582593195
496	0	0.7493545270302426
496	1	0.6364516261475328
496	2	0.5434887771782314
496	3	0.4784523283278453
496	4	0.4274655500379555
496	5	0.36584694772240123
496	6	0.2544976741949924
496	7	0.16040353186901612
496	8	0.09734894464290021
496	9	0.06896477833832604
496	10	0.05492202366391044
496	11	0.046309761324055884
496	12	0.03873635550553877
496	13	0.032410111778498715
496	14	0.026485941249780307
496	15	0.019964430916099986
496	16	0.01437760310353273
496	17	0.009493566315761788
496	18	0.005961879168360436
496	19	0.003647827233641133
496	20	0.0028412882563411722
501	0	0.7559668731737376
501	1	0.6418152584010064
501	2	0.5483987082295556
501	3	0.48248812225687815
501	4	0.4308501887544103
501	5	0.3671458569215114
501	6	0.25975130630552873
501	7	0.15985346293246364
501	8	0.09800803839248921
501	9	0.06939913746539896
501	10	0.05527897659427271
501	11	0.04704440209314375
501	12	0.03903328419766866
501	13	0.03260250418616579
501	14	0.02661981117594937
501	15	0.020077086079034294
501	16	0.013645174815641209
501	17	0.00943976424832291
501	18	0.005894641501486692
501	19	0.003572228883316759
501	20	0.002368910326559286