1	0	0.1534689089405319
1	1	0.15714173114774407
1	2	0.1505522026842768
1	3	0.17730231147241626
1	4	0.1941900327536463
1	5	0.21969174561206123
1	6	0.2445334448813279
1	7	0.3455723108866059
1	8	0.3658183334454041
1	9	0.33802928315720315
1	10	0.31080911430138836
1	11	0.2929675936240944
1	12	0.2791579960365319
1	13	0.2678914655077004
1	14	0.25629414639387743
1	15	0.23691165874853531
1	16	0.220908018755984
1	17	0.1956487127501249
1	18	0.17199220507542037
1	19	0.15189781444108164
1	20	0.1410300458928413
6	0	0.1778179616617956
6	1	0.18134213884963774
6	2	0.1870224803920112
6	3	0.2029861191793474
6	4	0.22111018447852343
6	5	0.24797869310903686
6	6	0.30907548303211885
6	7	0.3775412058800912
6	8	0.3948152089396453
6	9	0.36320507059875407
6	10	0.33365573787010905
6	11	0.31574758531154923
6	12	0.30295348838185565
6	13	0.287889215715029
6	14	0.28205761337998636
6	15	0.2646886946321668
6	16	0.25150854480371576
6	17	0.228499263810881
6	18	0.20812335364038298
6	19	0.1901142887851871
6	20	0.19091732821418506
11	0	0.2047748512984166
11	1	0.20927113690643323
11	2	0.21588752644223458
11	3	0.23211665070144005
11	4	0.2516650751949438
11	5	0.27915455444144227
11	6	0.3446451510389076
11	7	0.4140864650342298
11	8	0.4149231607892182
11	9	0.39155980370723803
11	10	0.36021543492276614
11	11	0.34090578409495653
11	12	0.3281437247970517
11	13	0.31910448332929814
11	14	0.3090596748303913
11	15	0.2955336404769417
11	16	0.2841803561627262
11	17	0.26336615679494946
11	18	0.2415429895767904
11	19	0.24036183862348706
11	20	0.23706634579444216
16	0	0.23615748199662884
16	1	0.2408344042256627
16	2	0.24742346566010642
16	3	0.265652725942653
16	4	0.28619854878979023
16	5	0.3159283378943962
16	6	0.38378302562686406
16	7	0.4546025375482203
16	8	0.45536567738516764
16	9	0.4220044629705186
16	10	0.38591989596908616
16	11	0.36748479357561636
16	12	0.35518277362981876
16	13	0.34659292137331954
16	14	0.3417442387339389
16	15	0.3266386443425846
16	16	0.3167625956906191
16	17	0.2987501283672898
16	18	0.2865714910577824
16	19	0.28390501379877686
16	20	0.28970187336250786
21	0	0.2711177824923323
21	1	0.2763758650648216
21	2	0.28366906845269335
21	3	0.3036495178662729
21	4	0.3162809366179541
21	5	0.35509118973869663
21	6	0.4257113824204254
21	7	0.4972005049908551
21	8	0.501805856643087
21	9	0.4528153367219926
21	10	0.415227573415361
21	11	0.3945538456431704
21	12	0.3831259129297966
21	13	0.37488902314989603
21	14	0.37213659435267354
21	15	0.35309823554979025
21	16	0.3491925992799565
21	17	0.3338523952520749
21	18	0.3251142959233499
21	19	0.3252443362449141
21	20	0.33957354430550524
26	0	0.31034873310705935
26	1	0.31456938341779017
26	2	0.3237306798894758
26	3	0.34389493524360415
26	4	0.3663738026274792
26	5	0.39576465361903884
26	6	0.4712009524284163
26	7	0.5420568710301887
26	8	0.5462682823016236
26	9	0.48287306384279094
26	10	0.4430383759009921
26	11	0.421243011537936
26	12	0.4099140859206962
26	13	0.4029825216139409
26	14	0.39761906213417886
26	15	0.38779950232612603
26	16	0.381861649333437
26	17	0.3681064544900403
26	18	0.36212676884754824
26	19	0.36419764710526736
26	20	0.37811543217131927
31	0	0.3248113439875149
31	1	0.3591753803734429
31	2	0.3678696809699477
31	3	0.3889263266355953
31	4	0.41226467192906036
31	5	0.44008488913930144
31	6	0.5201234815700769
31	7	0.5886355239882652
31	8	0.5755673055135078
31	9	0.5144441575672756
31	10	0.4735334294892457
31	11	0.4476402824788841
31	12	0.4344930954726318
31	13	0.4303040646599292
31	14	0.4279568167150264
31	15	0.4172338525261384
31	16	0.4056244549868734
31	17	0.4005581465115356
31	18	0.3966193206440246
31	19	0.3987181749679856
31	20	0.41298117548875735
36	0	0.4000713227792436
36	1	0.40657580557214135
36	2	0.41579370413772465
36	3	0.4378082327532361
36	4	0.46114010171543596
36	5	0.49298679741296597
36	6	0.5704122360690238
36	7	0.6331553440255845
36	8	0.612015189553649
36	9	0.5444138151548059
36	10	0.49595472489983794
36	11	0.4720743179088249
36	12	0.46080719567124856
36	13	0.4555381299638823
36	14	0.4569292294194188
36	15	0.444728571361325
36	16	0.4425325110495738
36	17	0.4307795584568952
36	18	0.42898421940556886
36	19	0.43109608354425527
36	20	0.4628770100658991
41	0	0.4498618507958831
41	1	0.4579697173058091
41	2	0.46720100205689363
41	3	0.49005512834558873
41	4	0.5132526072588264
41	5	0.4856015200873368
41	6	0.6230079380716067
41	7	0.6801345936729142
41	8	0.6489870735903848
41	9	0.5727361749952034
41	10	0.5192294270569895
41	11	0.495913348645723
41	12	0.4842299831257757
41	13	0.47589193843385413
41	14	0.4819631520774672
41	15	0.470720857718938
41	16	0.47013691603878877
41	17	0.4588481358908875
41	18	0.4579569173847371
41	19	0.4595329150130485
41	20	0.4667242194931186
46	0	0.5050533087158345
46	1	0.5136536680960762
46	2	0.522252792340142
46	3	0.5451305492734575
46	4	0.5571418079709426
46	5	0.5196209187170675
46	6	0.6758436229242102
46	7	0.7269950419210298
46	8	0.6840289827346484
46	9	0.5995533789890303
46	10	0.5424928179655468
46	11	0.517693505025444
46	12	0.5063890527718572
46	13	0.5022239752192508
46	14	0.5054305668561729
46	15	0.49447847730299743
46	16	0.4946032206091947
46	17	0.48371993326761004
46	18	0.48291450463444874
46	19	0.48215459508212277
46	20	0.486879238905606
51	0	0.5626781607107691
51	1	0.5720326948087634
51	2	0.5810331716931303
51	3	0.6044958914600477
51	4	0.6274135702318614
51	5	0.6565584242944575
51	6	0.6814240647977713
51	7	0.7740595271589064
51	8	0.7172136761192598
51	9	0.6244531830382523
51	10	0.565411660930575
51	11	0.5364745760724177
51	12	0.5260976310452903
51	13	0.5235628968828828
51	14	0.526827861214788
51	15	0.5141971748658175
51	16	0.516470346008925
51	17	0.5069299966953842
51	18	0.5053459475616816
51	19	0.5035978481477924
51	20	0.5050821428158956
56	0	0.6260374889940521
56	1	0.6347562124650059
56	2	0.6442632325601918
56	3	0.6668831846753345
56	4	0.6888794485706177
56	5	0.7169382711528024
56	6	0.7541818558234623
56	7	0.8171865801806367
56	8	0.7494226254815011
56	9	0.6468129414646262
56	10	0.5864629837199951
56	11	0.5547656851659055
56	12	0.5440483227640088
56	13	0.5421862136982921
56	14	0.5464451718232466
56	15	0.5344165766541398
56	16	0.5368996918229496
56	17	0.5259048674451746
56	18	0.525337830933281
56	19	0.5199490443203968
56	20	0.5185627434858611
61	0	0.6926470289175541
61	1	0.7014831030908747
61	2	0.710266372646179
61	3	0.3348021043015699
61	4	0.7534780131012119
61	5	0.7783972718288508
61	6	0.8458787008138633
61	7	0.8641957388256926
61	8	0.7795233420785674
61	9	0.6668412608064493
61	10	0.6029760079054347
61	11	0.5735912774517142
61	12	0.560477048695652
61	13	0.5589547222080071
61	14	0.5637749209377076
61	15	0.5332787814645497
61	16	0.5538193173691801
61	17	0.5427961075720389
61	18	0.5406526616209237
61	19	0.5329414314692114
61	20	0.5288062067998257
66	0	0.7626622369124287
66	1	0.770169777565529
66	2	0.7776714094576851
66	3	0.800093633811408
66	4	0.8187735279154533
66	5	0.8405847643337382
66	6	0.8701085388668091
66	7	0.9087826196509128
66	8	0.8072429437387119
66	9	0.6884509357752572
66	10	0.6190199709462063
66	11	0.5876573794319195
66	12	0.5755175767232626
66	13	0.5727350534235693
66	14	0.5789904970639453
66	15	0.5473088182201055
66	16	0.5686644400554735
66	17	0.5572808288762177
66	18	0.5543103416163033
66	19	0.543838043145272
66	20	0.5368464235480263
71	0	0.8365715631174794
71	1	0.8421657062473653
71	2	0.8523756218943449
71	3	0.8715884015765976
71	4	0.8866139539710265
71	5	0.9066516167342441
71	6	0.9644501438957465
71	7	0.949152122012646
71	8	0.8325651589518281
71	9	0.7075789448892809
71	10	0.6330890417426479
71	11	0.6000589164708483
71	12	0.588362560156785
71	13	0.5847723302196097
71	14	0.5930619426269568
71	15	0.5809734713384607
71	16	0.5642534906097771
71	17	0.5706268733056308
71	18	0.5652365582203928
71	19	0.5527538802520509
71	20	0.5389613279324728
76	0	0.8911554660089092
76	1	0.9206567939260184
76	2	0.9281333291360958
76	3	0.9449701525527916
76	4	0.9569277299720722
76	5	0.9716061244508957
76	6	1.0194556422312706
76	7	0.99029756969804
76	8	0.8546018658918031
76	9	0.721565684345166
76	10	0.6456111533568857
76	11	0.6118200764932513
76	12	0.5969957753765416
76	13	0.5953109845590718
76	14	0.6029740941651782
76	15	0.5924857225516891
76	16	0.593358703616583
76	17	0.5787655568927543
76	18	0.5738332216284738
76	19	0.557000270599096
76	20	0.5423158732325266
81	0	0.9936296381457449
81	1	0.9994286248467867
81	2	1.0054838266148658
81	3	1.0178280331811929
81	4	1.0263394827431758
81	5	1.037853047123777
81	6	1.0743132782753837
81	7	1.0289604854657866
81	8	0.8738250129257095
81	9	0.7350239520728112
81	10	0.6553147813243922
81	11	0.6203092305981145
81	12	0.6079376326088036
81	13	0.6032817565527436
81	14	0.6123238247260103
81	15	0.6017260000886088
81	16	0.6017807719678424
81	17	0.5867833477202515
81	18	0.5792666804876848
81	19	0.5599364639432435
81	20	0.5472676919814587
86	0	1.0769656263387117
86	1	1.0751784550842116
86	2	1.0843449450422393
86	3	1.096828672187004
86	4	1.097846918502431
86	5	1.1044647290763367
86	6	1.1290934012398193
86	7	1.0658649816033017
86	8	0.8959237684997339
86	9	0.746708045550826
86	10	0.6640706154606213
86	11	0.6280467761918922
86	12	0.6138901405949461
86	13	0.610577532363453
86	14	0.6206335202167819
86	15	0.6085655166602153
86	16	0.6093613656920729
86	17	0.5924888239684702
86	18	0.5820698443240367
86	19	0.5614230202740035
86	20	0.5468982893854154
91	0	1.1598236220051175
91	1	1.16134544813263
91	2	1.165574330931242
91	3	1.1724223309972033
91	4	1.168921211504581
91	5	1.1686187744399668
91	6	1.183608198161303
91	7	1.1001642030949095
91	8	0.9099392276756424
91	9	0.7565722291669663
91	10	0.6709792100302628
91	11	0.6340048662273944
91	12	0.6196475490339758
91	13	0.618156995953231
91	14	0.6033649764514278
91	15	0.6135649441344134
91	16	0.6173471467088807
91	17	0.6177274855423869
91	18	0.5861546311622974
91	19	0.560260364198786
91	20	0.545333260265562
96	0	1.2471373757461828
96	1	1.246375963326608
96	2	1.247137023890254
96	3	1.249433329076942
96	4	1.2431151528518332
96	5	1.236198662581857
96	6	1.2346569305311166
96	7	1.1439139023936564
96	8	0.9260359144537341
96	9	0.7477860071586948
96	10	0.6762243537596971
96	11	0.6386932562076693
96	12	0.6239515056650464
96	13	0.6217891541277127
96	14	0.6293777941836659
96	15	0.6170815599128883
96	16	0.6181760323296228
96	17	0.598343388602824
96	18	0.5867680585104407
96	19	0.5518010727931884
96	20	0.54176120866507
101	0	0.6042522996588642
101	1	1.34412363879026
101	2	1.3321436801361222
101	3	1.329942364376213
101	4	1.3209243384711764
101	5	1.301600945557774
101	6	1.2872508816392938
101	7	1.162965799348291
101	8	0.9378585581569507
101	9	0.7533921169393671
101	10	0.6808126635202371
101	11	0.6422271740452585
101	12	0.6270502824350763
101	13	0.6241001078540879
101	14	0.6318674255866235
101	15	0.6193733896065462
101	16	0.6196174772749756
101	17	0.598780328409997
101	18	0.5854704451256382
101	19	0.5484802813132619
101	20	0.5373531111461713
106	0	1.4237708741505302
106	1	1.4193009042234634
106	2	1.414750275370436
106	3	1.4092937939353751
106	4	1.3960120702480747
106	5	1.3651182186287105
106	6	1.3387536060880827
106	7	1.0839600807359326
106	8	0.948023682662581
106	9	0.7760438226328009
106	10	0.6837352630198674
106	11	0.6652006523745092
106	12	0.6288748788270712
106	13	0.605227639835642
106	14	0.6322853388544932
106	15	0.6229379144959065
106	16	0.6183341972147764
106	17	0.5989004844546579
106	18	0.5834042284938279
106	19	0.5820951478497106
106	20	0.5320141039485246
111	0	1.5168166276181136
111	1	1.503453238305178
111	2	1.4994493896766283
111	3	1.4844053506666886
111	4	1.4676123232511145
111	5	1.4292837343556226
111	6	1.3873701795824938
111	7	1.0960609628859406
111	8	0.9125853016492133
111	9	0.7800934260855247
111	10	0.6673531247237521
111	11	0.6449408829152159
111	12	0.6289460348466354
111	13	0.6408259860562886
111	14	0.6327129546624743
111	15	0.6236196814126497
111	16	0.6168915904605629
111	17	0.5970674307994966
111	18	0.5790928095340317
111	19	0.5769409587492971
111	20	0.5258261321961494
116	0	1.604717164842818
116	1	1.5899093951382335
116	2	1.4016752515027269
116	3	1.5602978043980034
116	4	1.5384151198540559
116	5	1.4917568064629907
116	6	1.427335485101611
116	7	1.240900337843379
116	8	1.025349344674985
116	9	0.7806863567213045
116	10	0.6852641763835244
116	11	0.6264868134269992
116	12	0.6090404855206294
116	13	0.6242708285545449
116	14	0.6316147200282369
116	15	0.619956928796314
116	16	0.6139695082775565
116	17	0.5939917231373469
116	18	0.5741061818295586
116	19	0.5708074154301103
116	20	0.5188649853022502
121	0	1.6929020386771345
121	1	1.6798628722814115
121	2	1.6612992093949814
121	3	1.6369445735503014
121	4	1.6045942774145991
121	5	1.5559267464845183
121	6	1.4663941785575658
121	7	1.2551282093610294
121	8	1.0145838997439602
121	9	0.7798845332517736
121	10	0.6840536583161372
121	11	0.6426189422798451
121	12	0.6252452178989338
121	13	0.6235396724184075
121	14	0.6317125469699211
121	15	0.6166692446492592
121	16	0.6110203817818777
121	17	0.5899998934492774
121	18	0.5684316972153786
121	19	0.532325640897353
121	20	0.5110904713644959
126	0	1.7828475980621854
126	1	1.7653299087484253
126	2	1.740955840668541
126	3	1.7088530229705596
126	4	1.6694617217089354
126	5	1.6050939008268474
126	6	1.5061012228549204
126	7	1.2738950187297173
126	8	0.9632910606212122
126	9	0.7787162347198169
126	10	0.6752730937234255
126	11	0.6352459481613836
126	12	0.6224192864051873
126	13	0.6196371884078653
126	14	0.6282924597469456
126	15	0.5952714108300414
126	16	0.6067991318729111
126	17	0.5862671658587244
126	18	0.5624602199048281
126	19	0.5243523591305916
126	20	0.5030671113396076
131	0	1.6025938362783443
131	1	1.64175647718718
131	2	1.8189479669255426
131	3	1.7801026047088606
131	4	1.7343805217898205
131	5	1.658774234020801
131	6	1.5426321873390674
131	7	1.298852400573122
131	8	0.9840492538197757
131	9	0.811398032927275
131	10	0.7109526219056856
131	11	0.6696022895516502
131	12	0.6189723217411462
131	13	0.6143159879537649
131	14	0.6218172987763269
131	15	0.6072385406624827
131	16	0.6014032722662708
131	17	0.5799522452462851
131	18	0.5560510163078176
131	19	0.5163124309992966
131	20	0.4945845647691195
136	0	1.9583144618257715
136	1	1.9298074141773138
136	2	1.8934423176534647
136	3	1.8474050411586038
136	4	1.7972191270650197
136	5	1.7114643766444537
136	6	1.5758784013273837
136	7	1.310064510709901
136	8	0.975395943011967
136	9	0.7718607018789987
136	10	0.6741118152689046
136	11	0.6316208179878496
136	12	0.6413763313052213
136	13	0.6093002556860619
136	14	0.6148594545316356
136	15	0.6014162269124942
136	16	0.5951447015458977
136	17	0.5724940291455543
136	18	0.5474461940276747
136	19	0.5076439897769915
136	20	0.48542190366392846
141	0	2.0430140003819326
141	1	2.006623022364749
141	2	1.969508276814128
141	3	1.9102207956662411
141	4	1.872224184799696
141	5	1.7609872088001464
141	6	1.6053426590171682
141	7	1.1452886090884162
141	8	0.9752755629661235
141	9	0.768503297961866
141	10	0.6694774494317606
141	11	0.6261758921367051
141	12	0.6079695589126388
141	13	0.6084130088781163
141	14	0.607349019122819
141	15	0.5949450190789753
141	16	0.5877368883072566
141	17	0.5649430275060774
141	18	0.5386097162693749
141	19	0.49817628442225115
141	20	0.47607242389658233
146	0	1.8842578293327454
146	1	2.0835180770773087
146	2	2.033146520003212
146	3	1.9743575014250374
146	4	1.9077835863739527
146	5	1.804691722284089
146	6	1.6323690240929476
146	7	1.3241757240124628
146	8	0.9715645101530286
146	9	0.7464571176145596
146	10	0.6620409203849339
146	11	0.6204104599363245
146	12	0.6016179498180022
146	13	0.6307309447779977
146	14	0.6017015639072764
146	15	0.5870783905210295
146	16	0.603037488581652
146	17	0.554583662502412
146	18	0.5294319442373492
146	19	0.48859529234114296
146	20	0.46650229330164245
151	0	2.2019039359608055
151	1	2.1536278473882278
151	2	2.095492504402331
151	3	2.0348009246446375
151	4	1.9613314044361911
151	5	1.8457557691281108
151	6	1.6522099373128953
151	7	1.3180000272569155
151	8	0.9662543507157373
151	9	0.7629395114182825
151	10	0.6567051592422246
151	11	0.6140516839679597
151	12	0.5945263029968055
151	13	0.5915509391633196
151	14	0.596281723961191
151	15	0.5773725542370464
151	16	0.5952879789708733
151	17	0.5462090444015567
151	18	0.5146955410150116
151	19	0.47878610211851647
151	20	0.4563164288745572
156	0	2.2760850871214457
156	1	2.2191415296192956
156	2	2.1021554350150984
156	3	2.090218571566668
156	4	1.9941221021082982
156	5	1.8801003435063843
156	6	1.6663477013072865
156	7	1.3128415868030103
156	8	0.9607521056642677
156	9	0.8147633280409972
156	10	0.7028989292556482
156	11	0.606663236704726
156	12	0.5872979337839328
156	13	0.5814786096846977
156	14	0.5858267579835565
156	15	0.568997695909244
156	16	0.5640338254780779
156	17	0.535357476866753
156	18	0.5378611997469952
156	19	0.4689477371063323
156	20	0.446521354316359
161	0	2.351261863991948
161	1	2.286622926054088
161	2	2.221787858948676
161	3	2.129040460038688
161	4	2.0526305857071967
161	5	1.9123835953763075
161	6	1.6924010719797384
161	7	1.238908103646251
161	8	0.9549147600977963
161	9	0.7423324672303584
161	10	0.6417068817539846
161	11	0.6463501555437358
161	12	0.5791456226609986
161	13	0.5726135362069884
161	14	0.5970554032335069
161	15	0.5600810473936173
161	16	0.5536470410741986
161	17	0.5640754390475751
161	18	0.5323670193497949
161	19	0.45859432212329354
161	20	0.4360546186764065
166	0	2.7521070804199077
166	1	2.3471083591725117
166	2	2.275055490721614
166	3	2.1833663018278635
166	4	2.0966435033009008
166	5	1.9444747454388824
166	6	1.7047915988206959
166	7	1.3226924644771882
166	8	1.031017266371786
166	9	0.7339279237308171
166	10	0.6256575293521691
166	11	0.5894401989599645
166	12	0.6171109537900712
166	13	0.5634105246203668
166	14	0.5689567046700845
166	15	0.551812833485132
166	16	0.5883821445829752
166	17	0.5551891680447244
166	18	0.5214121602097372
166	19	0.4481917870937151
166	20	0.4261840286702995
171	0	2.4758945622086195
171	1	2.4026731794932146
171	2	2.320939963699478
171	3	2.2245316142330966
171	4	2.126785968621045
171	5	1.9734731694131713
171	6	1.7160269970159259
171	7	1.3187467643475344
171	8	0.940544702325615
171	9	0.7244237461773753
171	10	0.6247571191206227
171	11	0.5795927936394518
171	12	0.561176958763995
171	13	0.5999124782898986
171	14	0.6056254872699119
171	15	0.586164899462795
171	16	0.5761710672772282
171	17	0.544551665449343
171	18	0.5063704775602358
171	19	0.4376253386975227
171	20	0.4158631777142549
176	0	2.5395342170517035
176	1	2.452664512440715
176	2	2.3674539017534
176	3	2.2620379915071114
176	4	2.155991612148423
176	5	1.9894059790137373
176	6	1.7232125744986928
176	7	1.316119905081259
176	8	0.9276129360604772
176	9	0.7492163790693276
176	10	0.6147897182024077
176	11	0.5613699679248836
176	12	0.5571340749673956
176	13	0.5393405279486461
176	14	0.5943443587118608
176	15	0.6038760159833446
176	16	0.5227191391329032
176	17	0.49641530574615156
176	18	0.4951668478312036
176	19	0.4275875442324661
176	20	0.4054399347862545
181	0	2.5948915312146186
181	1	2.5000947953355737
181	2	2.4015192582960894
181	3	2.294830929063764
181	4	2.199098558729292
181	5	2.0137437002673253
181	6	1.7194879914464813
181	7	1.309633752780995
181	8	0.9005260522796783
181	9	0.7039349883487314
181	10	0.6050904983863057
181	11	0.5620973716337986
181	12	0.5372310825423968
181	13	0.5294549454827381
181	14	0.5404481152584608
181	15	0.5186080911870306
181	16	0.5122186060950005
181	17	0.48582600361442535
181	18	0.45347445732833586
181	19	0.4187114096829023
181	20	0.39493274919209986
186	0	2.645211128948831
186	1	2.5425692080109936
186	2	2.4453290243712753
186	3	2.323936280965411
186	4	2.19794414883208
186	5	2.0316483819002054
186	6	1.3395398149812867
186	7	1.300364119715406
186	8	0.9069786263989081
186	9	0.6934975656073215
186	10	0.6205968451786642
186	11	0.5516217182160091
186	12	0.5271002787345759
186	13	0.5189838953708674
186	14	0.5329824720806063
186	15	0.5325704621125105
186	16	0.5004829275040279
186	17	0.47434264852632463
186	18	0.44304247894504895
186	19	0.40817240902302354
186	20	0.384454781773333
191	0	2.693277315196078
191	1	2.5709511358762276
191	2	2.4724239796971226
191	3	2.3431877091971547
191	4	2.215547321126384
191	5	2.0406863612781336
191	6	1.7253362702404016
191	7	1.365652865894321
191	8	0.9006993179610671
191	9	0.6814951578335028
191	10	0.5847335891822967
191	11	0.5635202441106978
191	12	0.517588895208449
191	13	0.5100524244652629
191	14	0.5160130511598101
191	15	0.522591306592192
191	16	0.5128620452771397
191	17	0.4584532959442813
191	18	0.43506441679771146
191	19	0.39722084195326157
191	20	0.3739368136997697
196	0	2.7309596439809085
196	1	2.613650322817843
196	2	2.495834102016854
196	3	2.3661364098044344
196	4	2.2345809860844468
196	5	2.046020760902211
196	6	1.721890259589713
196	7	1.2773223883085876
196	8	0.8873118979294061
196	9	0.6698650294649093
196	10	0.5696367970139012
196	11	0.5308490016865177
196	12	0.5115081016391855
196	13	0.4974942125546196
196	14	0.5033605724102026
196	15	0.487486740006155
196	16	0.49972052600495354
196	17	0.4483281401053617
196	18	0.4240500674889299
196	19	0.38511245488470375
196	20	0.3635314916709425
201	0	2.7666162058179915
201	1	2.640386140770739
201	2	2.517636971629659
201	3	2.3812634131062707
201	4	2.246359134904396
201	5	2.055364247515224
201	6	1.7168628614385149
201	7	1.2647309830616427
201	8	0.8718204867590166
201	9	0.658310881693955
201	10	0.5628853780947898
201	11	0.5394106827762197
201	12	0.5354240657340666
201	13	0.4910241797831171
201	14	0.5155846469562247
201	15	0.4751154069436085
201	16	0.46578592236670846
201	17	0.4383949380266289
201	18	0.4126575791046446
201	19	0.37354691169499027
201	20	0.3532506153129633
206	0	2.7970212209391314
206	1	2.6610411661196847
206	2	2.547145567802941
206	3	2.3899487251968097
206	4	2.2520423255691417
206	5	2.0565773770600995
206	6	1.7086458314391313
206	7	1.250359865288588
206	8	0.8493154394512374
206	9	0.6505414388456537
206	10	0.5521160036689954
206	11	0.5090529623357336
206	12	0.48988953892892195
206	13	0.499780463102948
206	14	0.48466341774733473
206	15	0.46339190377761624
206	16	0.454453539416032
206	17	0.4408592834112938
206	18	0.40067484299650635
206	19	0.3629566244293205
206	20	0.342998406041762
211	0	2.8225735787519586
211	1	2.680683690065308
211	2	2.557162882332946
211	3	2.395618741023474
211	4	2.2690713403825344
211	5	2.054536802461959
211	6	1.6967010854425193
211	7	1.234876193738566
211	8	0.836461075136169
211	9	0.6336621042695777
211	10	0.5399652442574248
211	11	0.4987765802014471
211	12	0.4788768289220495
211	13	0.47066253772346067
211	14	0.4702820098642094
211	15	0.45194597882932425
211	16	0.44218739013335784
211	17	0.43001679268762494
211	18	0.3880924433767688
211	19	0.35281374282405875
211	20	0.3328192619215986
216	0	2.842019799476825
216	1	2.6946834079760675
216	2	2.5058617510417647
216	3	2.40725055633921
216	4	2.254889053822501
216	5	2.048876116446168
216	6	1.6862356077932583
216	7	1.216661395580473
216	8	0.8215224470683561
216	9	0.6201212268095196
216	10	0.5284595712480119
216	11	0.4882776200148867
216	12	0.4681758524417423
216	13	0.4607524371963607
216	14	0.4615774254078385
216	15	0.4402082004082112
216	16	0.43158309871353073
216	17	0.40324490105397026
216	18	0.3897661701319589
216	19	0.3425208732480032
216	20	0.32266852186956707
221	0	2.856849470111359
221	1	2.701416276142412
221	2	2.550483884163824
221	3	2.398468439327998
221	4	2.24713924115488
221	5	2.0391964082258784
221	6	1.6702125304969844
221	7	1.1999946565717818
221	8	0.8079938725582928
221	9	0.6054760380510597
221	10	0.5164900265902808
221	11	0.4768992083796043
221	12	0.4568679114237463
221	13	0.4491338796087127
221	14	0.44751696287587545
221	15	0.4289023614416258
221	16	0.41580135028027504
221	17	0.39256083389000324
221	18	0.3778199503695033
221	19	0.332837874858326
221	20	0.31297934650920567
226	0	2.866937735268452
226	1	2.7053158243310294
226	2	2.549359756307493
226	3	2.3944555105092316
226	4	2.2425369416173258
226	5	1.8676327012395664
226	6	1.6531226537949282
226	7	1.1855569219876845
226	8	0.7906379349798334
226	9	0.5864891047919306
226	10	0.5051236349879076
226	11	0.46548386098853534
226	12	0.44604058265131846
226	13	0.43797370698912425
226	14	0.43509494703331786
226	15	0.4182504187273757
226	16	0.40375653208323414
226	17	0.38173977239440804
226	18	0.36610511185563765
226	19	0.3200895029117481
226	20	0.3031245885812804
231	0	2.873617056106605
231	1	2.7061749862762072
231	2	2.541640212759821
231	3	2.390296406246912
231	4	2.2361091045096524
231	5	2.0194331364030527
231	6	1.614209233056112
231	7	1.1685729656774517
231	8	0.7746839172505383
231	9	0.5738486516409321
231	10	0.49388071974377706
231	11	0.4549290433289677
231	12	0.43465788848676
231	13	0.42544637468883106
231	14	0.4234825159204614
231	15	0.40411778328043574
231	16	0.3932792076839
231	17	0.36864553184868626
231	18	0.34497931024256934
231	19	0.3104270247701833
231	20	0.2936023461498223
236	0	2.874245111303138
236	1	2.7045560908447794
236	2	2.537149923446476
236	3	2.366610028340773
236	4	2.221125100890814
236	5	1.3777640302643814
236	6	1.6280821009403659
236	7	1.1450619153986956
236	8	0.7585758797434292
236	9	0.5670385176811682
236	10	0.4814505474531574
236	11	0.4425453223009781
236	12	0.4235750806092322
236	13	0.4142733256928129
236	14	0.41304765797470905
236	15	0.39471660055322205
236	16	0.38345379018767245
236	17	0.35946021222543156
236	18	0.3341505984678491
236	19	0.30076788843245145
236	20	0.2840232112060461
241	0	2.8704813393190243
241	1	2.6957195437111197
241	2	2.5233647954260707
241	3	2.359343468646896
241	4	2.2041694711945934
241	5	1.9870536840876618
241	6	1.5952583020964652
241	7	1.1256004403897708
241	8	0.7422914339482793
241	9	0.5674086721094225
241	10	0.46977341923295557
241	11	0.4314003117613509
241	12	0.41259388878544734
241	13	0.40290920500914196
241	14	0.4012939395252309
241	15	0.3834923953591699
241	16	0.37177455181412256
241	17	0.34903834812393625
241	18	0.3246148065621607
241	19	0.2925667400153034
241	20	0.2746717001019193
246	0	2.8677599024222236
246	1	2.685668370296009
246	2	2.5100661131798088
246	3	2.3432683759075412
246	4	2.190477846975962
246	5	1.9667224961725414
246	6	1.5730885468712095
246	7	1.1017888797630522
246	8	0.7259792411940871
246	9	0.542158750716604
246	10	0.4582128583793038
246	11	0.42035125300336723
246	12	0.40125591791833914
246	13	0.3992243918241387
246	14	0.3889431935223512
246	15	0.37332898486579325
246	16	0.3611514195238129
246	17	0.3394703883061625
246	18	0.31284718869830674
246	19	0.2842396310854597
246	20	0.265519920542651
251	0	2.8600180655888474
251	1	2.6724227116060026
251	2	2.4936432442650966
251	3	2.0953405279333746
251	4	2.1658599765905375
251	5	1.946735589541694
251	6	1.5498904616901505
251	7	1.0806921167975414
251	8	0.7094456356991187
251	9	0.5288200980120352
251	10	0.44677494844917603
251	11	0.4093402327548305
251	12	0.39045271393856573
251	13	0.3808010162002777
251	14	0.377587316350997
251	15	0.3615566837665986
251	16	0.3500464340631916
251	17	0.3282130817155793
251	18	0.30316927901901125
251	19	0.2747853091708456
251	20	0.2568026668859483
256	0	2.8460988345684397
256	1	2.6523960355576586
256	2	2.4739997921735593
256	3	2.3035555200495756
256	4	1.3953071548262084
256	5	1.9218371508206242
256	6	1.5247459074305674
256	7	1.0609234011208364
256	8	0.6929200704550293
256	9	0.5159312000873522
256	10	0.43551232654971317
256	11	0.3985601199547192
256	12	0.3797367034485369
256	13	0.3701205530569734
256	14	0.36623995347690935
256	15	0.3504730934632997
256	16	0.3387480824433245
256	17	0.31894145121052725
256	18	0.29308639990399843
256	19	0.26528377355373384
256	20	0.2479368183681403
261	0	2.828799712406322
261	1	2.6355541019438666
261	2	2.4493358057057284
261	3	2.2786612872559786
261	4	2.1213247582743997
261	5	1.8983623324061945
261	6	1.5000342962213697
261	7	1.0378215212547017
261	8	0.6766438186367078
261	9	0.5030525237044958
261	10	0.42479712089200905
261	11	0.38843535641892
261	12	0.36903711299649394
261	13	0.358923335730817
261	14	0.3552757369020789
261	15	0.339663418504874
261	16	0.32804164242904205
261	17	0.3069530865339413
261	18	0.28341823255501375
261	19	0.26382309002560966
261	20	0.23937336434765932
266	0	2.811119834833442
266	1	2.6130848190481797
266	2	2.4264003891320596
266	3	2.2592405920835446
266	4	2.0954362361206456
266	5	1.872927283090974
266	6	1.4760701362535869
266	7	1.0108725513899373
266	8	0.6597936943829207
266	9	0.4902968540902855
266	10	0.4136834568852541
266	11	0.3778039881389053
266	12	0.3585884483699536
266	13	0.3484458696395015
266	14	0.34448406837176304
266	15	0.32899582073712796
266	16	0.3178027641114207
266	17	0.2949296435892361
266	18	0.2752820975301862
266	19	0.25441452328048925
266	20	0.23094699142224262
271	0	2.7899071075775788
271	1	2.5840280070035253
271	2	2.400765540291843
271	3	2.2255207835442263
271	4	2.0438504431187217
271	5	1.844403409957709
271	6	1.4488008857660049
271	7	0.995277344633839
271	8	0.6436148508361603
271	9	0.4777584396214784
271	10	0.4028675680717859
271	11	0.36737275096881133
271	12	0.34883505338886855
271	13	0.3380521015738926
271	14	0.33399703464867947
271	15	0.3185642073455579
271	16	0.30743748957478045
271	17	0.2878910384469841
271	18	0.2659079167512096
271	19	0.24506719006147176
271	20	0.22258467474393145
276	0	2.767544140643225
276	1	2.56293909943556
276	2	1.4233704333025845
276	3	2.193013367805821
276	4	2.0329106250492246
276	5	1.819865507246368
276	6	1.4219357983903547
276	7	0.9734260599603275
276	8	0.6276079511365721
276	9	0.4656410967253691
276	10	0.3920061497028263
276	11	0.35734539938168186
276	12	0.33871498705392056
276	13	0.32778417048568814
276	14	0.32357623206283315
276	15	0.30889208302010773
276	16	0.2936591933162123
276	17	0.2765855390278127
276	18	0.2558263701340329
276	19	0.23026333281868924
276	20	0.21458621711245005
281	0	2.7415800374946806
281	1	2.5320722063825034
281	2	2.341440211679527
281	3	2.166139764791226
281	4	2.0115287189298607
281	5	1.7893784436450115
281	6	1.3942692371379297
281	7	0.9512700830481553
281	8	0.6121260851539899
281	9	0.45337211607673267
281	10	0.3814141744614245
281	11	0.34731811358944076
281	12	0.3287456935079792
281	13	0.3178106956673121
281	14	0.3133202643973448
281	15	0.2984560291456294
281	16	0.28578972084052434
281	17	0.2678205315849653
281	18	0.24681420883505337
281	19	0.22210394740480122
281	20	0.20674264716029062
286	0	2.715009134819296
286	1	2.5027867590814403
286	2	2.3069964785026222
286	3	2.1318182344262233
286	4	1.979810906188694
286	5	1.7599849156828675
286	6	1.3693675963806586
286	7	0.9290701505328666
286	8	0.5961176790402205
286	9	0.4413269878636681
286	10	0.37097506523226764
286	11	0.33746508888840715
286	12	0.31903514731351806
286	13	0.3080366791054074
286	14	0.3030933627061011
286	15	0.28844173609800416
286	16	0.2781316469149612
286	17	0.25923199866448055
286	18	0.23611357361858612
286	19	0.21415415934603005
286	20	0.19908754125678185
291	0	2.6866218712884002
291	1	2.4696810509276497
291	2	2.2832507904719685
291	3	2.101067845356143
291	4	1.9466520774404383
291	5	1.7320386860749297
291	6	1.3400631982022122
291	7	0.9066693231169065
291	8	0.5811361835522593
291	9	0.4291472642718177
291	10	0.36133926338780864
291	11	0.32773730545391655
291	12	0.30965009180618885
291	13	0.2988654441167303
291	14	0.29293511285226714
291	15	0.27885107136994536
291	16	0.26859303683890834
291	17	0.24967167237274007
291	18	0.23026116955765777
291	19	0.20531059115313638
291	20	0.19110045991875768
296	0	2.6588644468070806
296	1	2.3887045516563377
296	2	2.2413605103435357
296	3	2.066412106537358
296	4	1.856110614623965
296	5	1.4743237856038403
296	6	1.312720432141797
296	7	0.8979631855861693
296	8	0.5659204532637111
296	9	0.4176608738084015
296	10	0.35098369138977464
296	11	0.31822028530921215
296	12	0.3003700537402245
296	13	0.28931421215838443
296	14	0.28332679161455343
296	15	0.2694665113442961
296	16	0.25905368316339483
296	17	0.24091213470178868
296	18	0.22151178267592803
296	19	0.19905368211672889
296	20	0.18431467237613736
301	0	2.6291649986565133
301	1	2.3602048848173274
301	2	2.2093812676958815
301	3	2.027649852222355
301	4	1.8840183864067457
301	5	1.673549816654699
301	6	1.284214029425181
301	7	0.866059241230374
301	8	0.5518877172435733
301	9	0.4067358673313036
301	10	0.3407048304990706
301	11	0.30933342744757464
301	12	0.2911883142567874
301	13	0.28016116031433297
301	14	0.27397772118303576
301	15	0.26022710357073514
301	16	0.25000425627490563
301	17	0.2322954601189191
301	18	0.2137380573940689
301	19	0.1905227266983052
301	20	0.17652108946290931
306	0	2.594814649656035
306	1	2.324222400129031
306	2	2.1660288430889167
306	3	2.000898032985157
306	4	1.851651998784314
306	5	1.6416666098402921
306	6	1.257612111672299
306	7	0.8450569537648527
306	8	0.5362514967466544
306	9	0.39528026188175847
306	10	0.33079334182116354
306	11	0.29993884048463687
306	12	0.2822751011894882
306	13	0.2713750542917832
306	14	0.2647936312194533
306	15	0.25118809941850284
306	16	0.24111788368438475
306	17	0.22390980372960945
306	18	0.20511693276043907
306	19	0.18492425535893875
306	20	0.169779435998451
311	0	2.574377285221432
311	1	2.3349804334197204
311	2	2.1007809340758214
311	3	1.9365715706256688
311	4	1.8185863415054824
311	5	1.6118313817311511
311	6	1.2304018167203585
311	7	0.8242827755279155
311	8	0.5217510241093903
311	9	0.3835265806317264
311	10	0.3219396755334041
311	11	0.29073049944671714
311	12	0.2740726941709879
311	13	0.2627050695422487
311	14	0.256291710910156
311	15	0.24248801999369407
311	16	0.2324591725892617
311	17	0.21580250244651203
311	18	0.19655471421787218
311	19	0.17694540047658242
311	20	0.16360825272450027
316	0	2.5218685346487613
316	1	2.3037130093013753
316	2	2.1062303303495566
316	3	1.9316048160461758
316	4	1.7855325498684347
316	5	1.5948495145125396
316	6	1.2030119620434454
316	7	0.8029710042441859
316	8	0.5077781213881487
316	9	0.3727919870005936
316	10	0.3129841474554885
316	11	0.2819346678404918
316	12	0.26526991033507835
316	13	0.254166540687424
316	14	0.24756659430131245
316	15	0.23364336921831075
316	16	0.224133179219645
316	17	0.20357987956677362
316	18	0.1914105230187615
316	19	0.1695786923232838
316	20	0.1573731627555135
321	0	2.4913195337036735
321	1	2.268749211179017
321	2	2.0617848713905986
321	3	1.8976787343045824
321	4	1.7525098135479706
321	5	1.5488497690887788
321	6	1.1759902554974162
321	7	0.7873203929801782
321	8	0.49412177928911183
321	9	0.3636644863937545
321	10	0.3040513332196994
321	11	0.27369925289528485
321	12	0.25668803105783883
321	13	0.2459225382458174
321	14	0.2393275602232314
321	15	0.22565849447231986
321	16	0.21599985231615232
321	17	0.19493642463733546
321	18	0.18327369317329978
321	19	0.1647210501767319
321	20	0.14989180772508892
326	0	2.457059504122206
326	1	2.230427533073221
326	2	2.031627113123091
326	3	1.8621436240079767
326	4	1.7190017697647204
326	5	1.5191774404087852
326	6	1.1500281382334525
326	7	0.7676484605103474
326	8	0.4818385487932393
326	9	0.35373236255630036
326	10	0.29546216863047925
326	11	0.26616943202608534
326	12	0.24853633912519296
326	13	0.23833843399888333
326	14	0.23106816754375892
326	15	0.2176264360850857
326	16	0.20806738612039136
326	17	0.19295891945271662
326	18	0.1754587493548153
326	19	0.1580099638829404
326	20	0.1439199191019836
331	0	2.4234189157075776
331	1	2.1976956341534737
331	2	1.9957143450074755
331	3	1.8288277889099014
331	4	1.6871287146108327
331	5	1.4806863034944588
331	6	1.1239604045699405
331	7	0.7103807457000609
331	8	0.46814459613785997
331	9	0.34132335663007257
331	10	0.2860049490033414
331	11	0.2575637956409445
331	12	0.240634028798136
331	13	0.23037010898135182
331	14	0.22321297923486608
331	15	0.20965732446412844
331	16	0.20035419186204945
331	17	0.18588906256256704
331	18	0.17023746428037254
331	19	0.15015543394054184
331	20	0.1364170870731237
336	0	2.3906450479371077
336	1	2.16420707508424
336	2	1.9614787145609638
336	3	1.7947839967746897
336	4	1.6547397100753254
336	5	1.4609168685535328
336	6	1.0988354289721212
336	7	0.7246384193733129
336	8	0.45713598933464517
336	9	0.33211520222274393
336	10	0.2778979435143007
336	11	0.25077734599603435
336	12	0.2319689376562688
336	13	0.22250347312378038
336	14	0.21558641906980394
336	15	0.20242430519086718
336	16	0.19299602591460974
336	17	0.17881711214580348
336	18	0.1636782455185951
336	19	0.14416336033848695
336	20	0.13622206428233385
341	0	2.3577289274170905
341	1	2.1282029505246722
341	2	1.9262490333611113
341	3	1.7599174667203537
341	4	1.6188300797645754
341	5	1.4316109207370142
341	6	1.0750407523069971
341	7	0.7068892293693525
341	8	0.44159654226850664
341	9	0.32567149708248866
341	10	0.27084336234070533
341	11	0.2433998252804159
341	12	0.22456682242988926
341	13	0.21518798053240143
341	14	0.20848436328901782
341	15	0.1952768989898268
341	16	0.18578223456147142
341	17	0.17218889605515414
341	18	0.157392897328037
341	19	0.13852323417423984
341	20	0.13051799465802383
346	0	2.37301335544235
346	1	2.0960272917634466
346	2	1.8951340640424363
346	3	1.7263393163698066
346	4	1.587594929026519
346	5	1.406074349150146
346	6	1.0509757332255838
346	7	0.6891810885994581
346	8	0.4311937026404403
346	9	0.31673203979347203
346	10	0.2594091222881665
346	11	0.23928134494396125
346	12	0.2194634338687036
346	13	0.20847583894563637
346	14	0.20108537169386714
346	15	0.18833283567118414
346	16	0.1788870053076117
346	17	0.16566736275911093
346	18	0.15137048108351003
346	19	0.13343317310816438
346	20	0.1219921128875546
351	0	2.2894739923554916
351	1	2.0622594123407993
351	2	1.8600089439824357
351	3	1.6912836353414384
351	4	1.556920255867865
351	5	1.3792587096130369
351	6	1.0255014565778935
351	7	0.6722120785476849
351	8	0.4203954646694932
351	9	0.30710407957392627
351	10	0.2526673047331028
351	11	0.22789936125038918
351	12	0.21640724109104392
351	13	0.2017986353339769
351	14	0.19432026755858495
351	15	0.18191769546728903
351	16	0.1723036393405113
351	17	0.15936848966935566
351	18	0.14549021539602663
351	19	0.1283448605875243
351	20	0.11441971127286647
356	0	2.2806081410079413
356	1	2.029795912368126
356	2	1.8271255179383878
356	3	1.6550033766974694
356	4	1.5056016796384146
356	5	1.352150956404749
356	6	1.0025909872613719
356	7	0.6562078864150693
356	8	0.410432409433217
356	9	0.29688083252235065
356	10	0.2483488544676697
356	11	0.21952153003743108
356	12	0.20614589256615748
356	13	0.19525753092991396
356	14	0.18733562271561954
356	15	0.17541625613867845
356	16	0.1662516350258279
356	17	0.15328324921890912
356	18	0.13992620672401437
356	19	0.12322765793551804
356	20	0.11109432995140223
361	0	2.2250210670899038
361	1	1.9982576944512653
361	2	1.7916299890090097
361	3	1.6417165109516647
361	4	1.5050631425200083
361	5	1.324467050787661
361	6	0.9798894080147615
361	7	0.6404317691611926
361	8	0.4001415655283552
361	9	0.2884337350620504
361	10	0.24114218606295224
361	11	0.2134262048684351
361	12	0.1997883923842049
361	13	0.1915376928444461
361	14	0.18102902119188005
361	15	0.16915619011146432
361	16	0.160154895831346
361	17	0.14746797812212215
361	18	0.1344926453950258
361	19	0.11876848573722754
361	20	0.10607394864080968
366	0	2.2003932856681745
366	1	1.9708612788110327
366	2	1.7584367135774452
366	3	1.613816893682062
366	4	1.4751231050836142
366	5	1.3001303294545252
366	6	0.9591665659829901
366	7	0.6236897232085679
366	8	0.39086946567017633
366	9	0.2850935882659641
366	10	0.23361637661588475
366	11	0.20940925887563888
366	12	0.19389428748894455
366	13	0.18306419210541186
366	14	0.1748136416819447
366	15	0.16281416118989783
366	16	0.15389955815089115
366	17	0.14187892409033503
366	18	0.1292023766382428
366	19	0.11381654783807768
366	20	0.1020593041259745
371	0	2.1652790709653043
371	1	1.9382362640543291
371	2	1.7298450766003164
371	3	1.5867590915418301
371	4	1.4512656154587384
371	5	1.2678244408720265
371	6	0.93777360534073
371	7	0.6107010517744358
371	8	0.38127210877477985
371	9	0.2777842313028045
371	10	0.22381907942286788
371	11	0.2039661177209537
371	12	0.18780022195227414
371	13	0.17698532465600325
371	14	0.16967664532941046
371	15	0.15683209912782878
371	16	0.1482228198772585
371	17	0.13650788600418218
371	18	0.12417900692249122
371	19	0.10922182932995726
371	20	0.0967968663220598
376	0	2.1395382717600424
376	1	1.90684007131152
376	2	1.6996948591950138
376	3	1.5574602145763445
376	4	1.4452454473893557
376	5	1.2560076559855946
376	6	0.9188585320446309
376	7	0.5970426709988664
376	8	0.3719164566749462
376	9	0.26585188674686927
376	10	0.2175649443961326
376	11	0.19595048710193094
376	12	0.18114726088163866
376	13	0.169662964387947
376	14	0.16533199578820645
376	15	0.15149074621275063
376	16	0.14312906089902738
376	17	0.13164653389428338
376	18	0.11938280934947501
376	19	0.10477626656803408
376	20	0.09293376191899988
381	0	2.119763784939407
381	1	1.8786898087026496
381	2	1.6721787610316872
381	3	1.5348365634932417
381	4	1.4017609122735986
381	5	1.231015064763688
381	6	0.903172515032856
381	7	0.5845332787125209
381	8	0.36353341896661223
381	9	0.2572826017455983
381	10	0.21507223771042322
381	11	0.18835431518184964
381	12	0.17523893414938263
381	13	0.1661032498470849
381	14	0.15821780298330723
381	15	0.14618614429824683
381	16	0.137922917683355
381	17	0.12674041929211932
381	18	0.11473442866555919
381	19	0.1005564215497747
381	20	0.08908486973666317
386	0	2.0967344552081046
386	1	1.8551845032277468
386	2	1.648669979979338
386	3	1.5039097972611726
386	4	1.3782644391302412
386	5	1.204969480391496
386	6	0.8860540059040217
386	7	0.5718201703464623
386	8	0.34863194839105127
386	9	0.2544398841583471
386	10	0.20999753426975057
386	11	0.1852118574502995
386	12	0.17261185420059802
386	13	0.16170589791709256
386	14	0.15308512482055286
386	15	0.14307433596665742
386	16	0.13291604394851367
386	17	0.12187259266880901
386	18	0.11033414708285921
386	19	0.09653008544010411
386	20	0.08518534475100469
391	0	2.069605819430376
391	1	1.82778417556846
391	2	1.6280574558676668
391	3	1.4803015130018073
391	4	1.3521913825180132
391	5	1.1917346533209177
391	6	0.8691507482534966
391	7	0.568531988126069
391	8	0.3456351153396138
391	9	0.25320704455382725
391	10	0.20843950682374499
391	11	0.18128493641773819
391	12	0.1675754800726229
391	13	0.15689204487514635
391	14	0.1482745551914834
391	15	0.13651713127288997
391	16	0.1278756194956193
391	17	0.11758592029322253
391	18	0.10613115526691057
391	19	0.08796753015566203
391	20	0.0815190981405477
396	0	2.0385046986721567
396	1	1.8109758489162322
396	2	1.6005809195965623
396	3	1.4613112152520893
396	4	1.3268449230089945
396	5	1.1696978664780362
396	6	0.8555548681992121
396	7	0.5495181850765276
396	8	0.3402255367117405
396	9	0.2474613258865501
396	10	0.20081845511651425
396	11	0.17778603049258618
396	12	0.16447760935426445
396	13	0.15225282461859563
396	14	0.1437109446302393
396	15	0.13182232199410773
396	16	0.12345534522968518
396	17	0.11350576819178745
396	18	0.10216221572574564
396	19	0.08885817807670693
396	20	0.07776244432883506
401	0	2.002535206195745
401	1	1.7949224637563272
401	2	1.5864322329742098
401	3	1.438214087666985
401	4	1.312714813469551
401	5	1.1549570330142809
401	6	0.8412569079682388
401	7	0.539296405228403
401	8	0.33112325939320647
401	9	0.24844403800680265
401	10	0.2001236768985757
401	11	0.1772226267544797
401	12	0.15655204010208085
401	13	0.14577798843137296
401	14	0.1383469914983625
401	15	0.1278635282741587
401	16	0.12078465704321084
401	17	0.10940518544340688
401	18	0.09855462701999301
401	19	0.08531725836722501
401	20	0.07254700061567863
406	0	2.00876284798176
406	1	1.770406918338017
406	2	1.572659585856118
406	3	1.4213899408611428
406	4	1.3075410519663468
406	5	1.1381894045193253
406	6	0.827251895677642
406	7	0.530433474670029
406	8	0.3282906622245313
406	9	0.23823087015650754
406	10	0.19598896101079555
406	11	0.17213883047427886
406	12	0.15268738082613237
406	13	0.14438540623469454
406	14	0.13487073506755998
406	15	0.12396495679697896
406	16	0.11539632468127031
406	17	0.10572103119868827
406	18	0.09482874895520647
406	19	0.08193285284840415
406	20	0.07104039544487141
411	0	1.9976476003960026
411	1	1.7494004489746153
411	2	1.5526109395206755
411	3	1.4037017203866948
411	4	1.2821474115563234
411	5	1.1241438117985547
411	6	0.8133983605864084
411	7	0.5210157225073131
411	8	0.3224128362246227
411	9	0.23435319983081815
411	10	0.19225212290586102
411	11	0.16878905073079759
411	12	0.14997595695579904
411	13	0.14078385539379668
411	14	0.12969630464013004
411	15	0.12059466346071186
411	16	0.11164152234593284
411	17	0.10178663974120518
411	18	0.09141564992087006
411	19	0.07872850777280258
411	20	0.0679130318989176
416	0	1.9765164347942479
416	1	1.737720508524425
416	2	1.5388026852592374
416	3	1.3887712153781906
416	4	1.1799397100749998
416	5	1.1106929726983592
416	6	0.8024451690567946
416	7	0.43276699813108976
416	8	0.31711170993206217
416	9	0.23011412698806483
416	10	0.1888407921242438
416	11	0.1655415053276889
416	12	0.14984093619197109
416	13	0.13705983363595042
416	14	0.1261926791916269
416	15	0.11726745323128586
416	16	0.1081999716711785
416	17	0.0995383544881871
416	18	0.08841442159785198
416	19	0.07600298922369117
416	20	0.06496343091442092
421	0	2.013833621540405
421	1	1.7239986279642654
421	2	1.521969566871079
421	3	1.3702213566491204
421	4	1.2596360463340617
421	5	1.099760048274491
421	6	0.7921478759478184
421	7	0.5061422109144283
421	8	0.31254911041009914
421	9	0.22686298050230053
421	10	0.18598006484888757
421	11	0.16268735487619201
421	12	0.14635909621052817
421	13	0.13073508569523973
421	14	0.12308035060203695
421	15	0.11219456054972317
421	16	0.1048547788214188
421	17	0.09644115973366563
421	18	0.085290222920716
421	19	0.0729505212961357
421	20	0.06219406065873051
426	0	1.9512477826864925
426	1	1.7147560867675264
426	2	1.512078589074997
426	3	1.3607701643531516
426	4	1.2473111475939562
426	5	1.1070938713232552
426	6	0.7829191915274452
426	7	0.49953473950357835
426	8	0.30899139354499616
426	9	0.223648023597809
426	10	0.18274644657469905
426	11	0.16010046842026004
426	12	0.14388699502568073
426	13	0.12890489636855992
426	14	0.11996502634350648
426	15	0.11057401814959342
426	16	0.10187024656262311
426	17	0.09227090244847806
426	18	0.08336709169225615
426	19	0.07035081999464275
426	20	0.05962877872834456
431	0	1.9425528889736392
431	1	1.7033574702606775
431	2	1.4999974123328732
431	3	1.3540707997917762
431	4	1.2385067974805715
431	5	1.0802230663520667
431	6	0.7751164849669235
431	7	0.4931816140787827
431	8	0.3050449581088393
431	9	0.22100465406478892
431	10	0.18008337771229302
431	11	0.15659987341581572
431	12	0.14156339668480034
431	13	0.12631907953591331
431	14	0.11941997193763024
431	15	0.10758670209054431
431	16	0.09857594923239953
431	17	0.08954756704225243
431	18	0.08036119220912505
431	19	0.0679776869912855
431	20	0.057262258345626316
436	0	1.9396166529316832
436	1	1.7069801012829915
436	2	1.491553045723311
436	3	1.3444087984463162
436	4	1.2370142068101524
436	5	1.0834702266240943
436	6	0.7680902152941277
436	7	0.4889135691932789
436	8	0.3012055508462419
436	9	0.21841397988137534
436	10	0.17841609111203596
436	11	0.15554276144139673
436	12	0.13938587121844676
436	13	0.12698019757130669
436	14	0.11643608564036838
436	15	0.10506003421774371
436	16	0.09609382557860921
436	17	0.08737802676701195
436	18	0.07717847555591434
436	19	0.06553373398170115
436	20	0.054997778544376076
441	0	1.9376776422933586
441	1	1.6984662156406247
441	2	1.4857221258159612
441	3	1.3351216910086503
441	4	1.2189762406662945
441	5	1.0649701409196592
441	6	0.7625459350514348
441	7	0.484115906904292
441	8	0.2976820993948188
441	9	0.21606887081114895
441	10	0.17665075411772696
441	11	0.15360591751926123
441	12	0.13738267560394862
441	13	0.1250801872859684
441	14	0.11328684323936306
441	15	0.10280038213895985
441	16	0.09383241092349183
441	17	0.08463330582264343
441	18	0.07484025502216254
441	19	0.06323620557821441
441	20	0.052852283458699516
446	0	1.9315995949132683
446	1	1.6939043985554498
446	2	1.4803492795275885
446	3	1.3300802493403605
446	4	1.2146981717436538
446	5	1.0518925355812874
446	6	0.7577122989106617
446	7	0.48100030862057447
446	8	0.29528043108013197
446	9	0.2144693985827064
446	10	0.17502948471212854
446	11	0.15215745195479666
446	12	0.13560130664497713
446	13	0.1232211514873528
446	14	0.11155295399823698
446	15	0.09860438225513898
446	16	0.09159157687671295
446	17	0.0825211073005841
446	18	0.0727996072013713
446	19	0.06068074205007676
446	20	0.05092532531571882
451	0	1.9358424844007314
451	1	1.6913128473908483
451	2	1.4957672117156409
451	3	1.3287874788057952
451	4	1.2128081558059525
451	5	1.0573273415604412
451	6	0.7552022515312422
451	7	0.47203472821438597
451	8	0.293505946054481
451	9	0.21514137180313567
451	10	0.17366150300569394
451	11	0.15069950605386612
451	12	0.13453558402540733
451	13	0.12157376736207537
451	14	0.11046693233596111
451	15	0.09896878013900333
451	16	0.08959143120081842
451	17	0.08060756448382007
451	18	0.07075327521503953
451	19	0.06418713430174758
451	20	0.04886304783168752
456	0	1.9362461536170743
456	1	1.6898968643887717
456	2	1.47380648961482
456	3	1.320334846240831
456	4	1.0078836236875002
456	5	1.0538663552717218
456	6	0.7369742733825199
456	7	0.4769148635075483
456	8	0.29299555027926494
456	9	0.21357765113183885
456	10	0.1726422579575402
456	11	0.14959424624187778
456	12	0.13323791617321112
456	13	0.11866657578886816
456	14	0.10934638833157809
456	15	0.09733737469170148
456	16	0.08784981294901335
456	17	0.07863851479781318
456	18	0.06901673314024875
456	19	0.05761285668201062
456	20	0.04711184826158013
461	0	1.9373877308464822
461	1	1.6880540150997159
461	2	1.4776303444591048
461	3	1.321096148945415
461	4	1.2073494131309503
461	5	1.0320449352593157
461	6	0.7481566065442016
461	7	0.4758158844986593
461	8	0.29187047404423416
461	9	0.2110186267886714
461	10	0.1717527760001541
461	11	0.14865649123000702
461	12	0.1323134315887837
461	13	0.1192415626116638
461	14	0.10804430041730445
461	15	0.09472229278794961
461	16	0.08622917613253521
461	17	0.07311346527243523
461	18	0.06744398018632608
461	19	0.05603718043648392
461	20	0.04554477462103017
466	0	1.942166683545885
466	1	1.6919773709508497
466	2	1.484027919933078
466	3	1.210457037460734
466	4	1.212157398389384
466	5	1.057941360536205
466	6	0.7468787084518684
466	7	0.4816067769117325
466	8	0.2922625497814586
466	9	0.21028849811547753
466	10	0.17660648199106327
466	11	0.14806055715149546
466	12	0.13146687171551485
466	13	0.11804433740835313
466	14	0.10702163048272317
466	15	0.09413308295542999
466	16	0.08487984042970029
466	17	0.0717136359916761
466	18	0.06622200649493853
466	19	0.0545905761773691
466	20	0.044107957654636
471	0	1.9515736033925009
471	1	1.699550368140498
471	2	1.4855169220557565
471	3	1.32684268604002
471	4	1.2166776735344844
471	5	1.0617122183784433
471	6	0.7452286981720251
471	7	0.4753732060587277
471	8	0.2920933872961138
471	9	0.2208622911911174
471	10	0.17647110943347383
471	11	0.147755979544748
471	12	0.13094851170048638
471	13	0.1176479542174685
471	14	0.105898985177938
471	15	0.09347397493986934
471	16	0.083734317708931
471	17	0.0741395313147298
471	18	0.06460657478084472
471	19	0.053591154903755635
471	20	0.042788890380773714
476	0	1.964177843327563
476	1	1.7119745289729245
476	2	1.489212398403157
476	3	1.3373223235204037
476	4	1.2236309045902334
476	5	1.0649215296770702
476	6	0.7476471111075134
476	7	0.4741621294215683
476	8	0.2928518199626148
476	9	0.21053561114148334
476	10	0.17246759148210128
476	11	0.15172901788723342
476	12	0.1306163790823854
476	13	0.11741714135071016
476	14	0.10562050737711293
476	15	0.09276188285071835
476	16	0.08280279019232009
476	17	0.07305215208723946
476	18	0.06352621353192059
476	19	0.052296966707355605
476	20	0.04168844311880763
481	0	1.977656267365047
481	1	1.7183418589687212
481	2	1.5008066956012946
481	3	1.3458271009631713
481	4	1.2002768482453874
481	5	1.0684469804006742
481	6	0.7561771995493087
481	7	0.47626135735413505
481	8	0.2936318232528887
481	9	0.21082768572641908
481	10	0.1730124297439182
481	11	0.14798376244821154
481	12	0.13070622177971633
481	13	0.11711871635445362
481	14	0.10527848302493166
481	15	0.09229971851624394
481	16	0.08208707526247604
481	17	0.07234920860315742
481	18	0.06256724216210952
481	19	0.05128363652898073
481	20	0.03868191660722804
486	0	1.9983426395453414
486	1	1.7348159799474479
486	2	1.5093387172158872
486	3	1.3521451923719974
486	4	1.2324883814805376
486	5	1.076939442660295
486	6	0.7715449363303024
486	7	0.47787293960999966
486	8	0.2947742323829458
486	9	0.2117199300032831
486	10	0.17367485535664903
486	11	0.14847817826562143
486	12	0.1310301955762956
486	13	0.11695002472985486
486	14	0.10539640665707171
486	15	0.09177700638284383
486	16	0.08164364699107844
486	17	0.07160969324471064
486	18	0.06175521854482699
486	19	0.05044450563165989
486	20	0.03975149515951281
491	0	2.0346349968950137
491	1	1.750755106701576
491	2	1.5240905027018044
491	3	1.3558261684521389
491	4	1.2450241206762198
491	5	1.0842450966701216
491	6	0.7657259922209531
491	7	0.48156657345159937
491	8	0.32675291531631134
491	9	0.21297593635269427
491	10	0.17299268426515163
491	11	0.14934739860063026
491	12	0.13482444104893487
491	13	0.11723854717871969
491	14	0.10504942729039252
491	15	0.09169718633597218
491	16	0.08226955741768743
491	17	0.07120362097198636
491	18	0.06106568552067692
491	19	0.04972693140133999
491	20	0.038991831532862786
496	0	2.038898948350366
496	1	1.763250553959245
496	2	1.534754277919719
496	3	1.3790360113013613
496	4	1.255174857897305
496	5	1.095729176201874
496	6	0.7724063262978835
496	7	0.48884254976421504
496	8	0.2986283574932042
496	9	0.21438103342213294
496	10	0.17412776761827287
496	11	0.15027562144668632
496	12	0.13224472989902902
496	13	0.11778385009476347
496	14	0.10547357489545442
496	15	0.09214060843500552
496	16	0.08095449039319708
496	17	0.07079117669354518
496	18	0.06052417460110597
496	19	0.04916101476232267
496	20	0.03925146350775032
501	0	2.0623874511565052
501	1	1.7833284837062486
501	2	1.553845061665387
501	3	1.394007114379959
501	4	1.2700126257929407
501	5	1.1052393846263524
501	6	0.788949607664073
501	7	0.489919196111964
501	8	0.30119486195549877
501	9	0.21610530952781326
501	10	0.17554549045127138
501	11	0.15274894785547902
501	12	0.1333022956943118
501	13	0.11857314277103831
501	14	0.10598867544478278
501	15	0.09248077584695004
501	16	0.07909919959850671
501	17	0.07055293008124819
501	18	0.060020209743580036
501	19	0.04875498356488521
501	20	0.03784991119850826