1	1	0.0028948236882270465
1	2	0.0025760741668465034
1	3	0.003218832140128452
1	4	0.00350815321080413
1	5	0.0039393822966640075
1	6	0.004038823354842055
1	7	0.0060135230332480525
1	8	0.00638058288407079
1	9	0.005940601134749538
1	10	0.005491381791615525
1	11	0.0051992966312720615
1	12	0.00498695397081135
1	13	0.004831953309667715
1	14	0.004690893516373373
1	15	0.004451636763313243
1	16	0.004284937951480306
1	17	0.0039569987067977425
1	18	0.0036310196592279818
1	19	0.0033325063932906464
1	20	0.0031740392699777446
1	21	0.06436072396457972
6	1	0.003322328037574906
6	2	0.0033977873449297477
6	3	0.003664215494454894
6	4	0.003972096726268095
6	5	0.004421329853601602
6	6	0.005408118920732394
6	7	0.006522909827624846
6	8	0.0068324735245747625
6	9	0.00633083457389987
6	10	0.005841140966530227
6	11	0.005553967453767548
6	12	0.0053640949360349134
6	13	0.005142100122479693
6	14	0.005101053702176187
6	15	0.004904435729313317
6	16	0.00481308420184526
6	17	0.004549763095918578
6	18	0.004312099214025181
6	19	0.004109372741911728
6	20	0.004178685019950153
6	21	0.09369339787664423
11	1	0.0037940802357169204
11	2	0.0038700979684843915
11	3	0.004144785227005002
11	4	0.004469212454141615
11	5	0.004909907745802136
11	6	0.0059563043347178445
11	7	0.007053585993124074
11	8	0.0069618855354380525
11	9	0.006718388003678938
11	10	0.006207611927083344
11	11	0.005889900828803322
11	12	0.005697357094116933
11	13	0.005585122074870932
11	14	0.005466243790202163
11	15	0.005341673994862293
11	16	0.0052988834727109605
11	17	0.005099283113264529
11	18	0.004823064779585619
11	19	0.004995389663795065
11	20	0.004900118509202737
11	21	0.1174921910485726
16	1	0.0043119018576466125
16	2	0.004386958802047941
16	3	0.0046760872133468825
16	4	0.005012120995349218
16	5	0.0054921898438354795
16	6	0.006521841064971683
16	7	0.007614075598453372
16	8	0.007550639603370671
16	9	0.007106507171109406
16	10	0.006516388933953182
16	11	0.00621672893997372
16	12	0.006028664179165766
16	13	0.005922195459164914
16	14	0.0058821379720642416
16	15	0.005741571752419701
16	16	0.005718218274403747
16	17	0.005598736869762253
16	18	0.005564487985767554
16	19	0.005681442059014871
16	20	0.005837159477060268
16	21	0.1363505298466558
21	1	0.004885193726017285
21	2	0.004960865956381543
21	3	0.005270444987633743
21	4	0.005481672133316167
21	5	0.006080165948860445
21	6	0.007118074555389637
21	7	0.008177873899519517
21	8	0.008166861542844163
21	9	0.007473651197874303
21	10	0.006868950462204286
21	11	0.006530118482780198
21	12	0.0063599744166509585
21	13	0.00623639616542313
21	14	0.006240586497623688
21	15	0.005990535356796068
21	16	0.006107693837016093
21	17	0.006058604022575331
21	18	0.006103019008257414
21	19	0.006272656136232318
21	20	0.006555399296848126
21	21	0.15080240766544245
26	1	0.005477348389225064
26	2	0.005590252502410884
26	3	0.005890196395632343
26	4	0.006237460750573365
26	5	0.006682329947029445
26	6	0.007755379224586108
26	7	0.008771682583117259
26	8	0.008760610073608113
26	9	0.007815374418122493
26	10	0.007184789836829412
26	11	0.0068247619829905634
26	12	0.0066498302249050414
26	13	0.006550424570979757
26	14	0.0064957083667972655
26	15	0.006443669335453022
26	16	0.006491713082252385
26	17	0.006480599441864791
26	18	0.00658888520802637
26	19	0.0067923738614816265
26	20	0.007028440973944039
26	21	0.16170516099337212
31	1	0.006205938627237255
31	2	0.0062784675303025365
31	3	0.0065819720259033005
31	4	0.006927735327258212
31	5	0.007267743887635273
31	6	0.00844311813169693
31	7	0.009397671688714764
31	8	0.00912918664869718
31	9	0.008184239337138301
31	10	0.0075490159185482375
31	11	0.0071207496517963435
31	12	0.006892953536035275
31	13	0.006850282500993935
31	14	0.006822096781615735
31	15	0.006764120967310298
31	16	0.006654492544073747
31	17	0.006863790836680981
31	18	0.007013551840847301
31	19	0.0072074572519972915
31	20	0.007418649364853424
31	21	0.16968079848052922
36	1	0.006958901035171015
36	2	0.00702311330311711
36	3	0.007329360281882965
36	4	0.007662753331114474
36	5	0.008116483216201424
36	6	0.009144723696653298
36	7	0.009939558621912082
36	8	0.009560215957467123
36	9	0.008527975980091806
36	10	0.007768463494557552
36	11	0.007377203132259074
36	12	0.007195563175827754
36	13	0.007108907911951562
36	14	0.007147552097157691
36	15	0.00705488509773107
36	16	0.007166693592575937
36	17	0.0072068310378530735
36	18	0.007400428747091346
36	19	0.007590811437752306
36	20	0.007917194274098593
36	21	0.17587972783542943
41	1	0.007774303043074134
41	2	0.007829134585592198
41	3	0.008123626206326317
41	4	0.008449393155220478
41	5	0.008297005832911703
41	6	0.009876009800206462
41	7	0.010547418292969277
41	8	0.010015123205601429
41	9	0.00885651922999537
41	10	0.008000311744280376
41	11	0.007639106776252385
41	12	0.007442853282709105
41	13	0.007293287444932095
41	14	0.007407884687021388
41	15	0.007324050598372442
41	16	0.007463897929191599
41	17	0.007510286442971337
41	18	0.007723900748153758
41	19	0.007907080185302869
41	20	0.007906765383321678
41	21	0.1804727444075127
46	1	0.008659809484359928
46	2	0.008680631103423164
46	3	0.008968989975770897
46	4	0.008990495283867323
46	5	0.007338179348779032
46	6	0.010577118909625396
46	7	0.011160308810027183
46	8	0.010445457595136612
46	9	0.009161325559769139
46	10	0.00826722033605833
46	11	0.007874589213905601
46	12	0.00768449553052532
46	13	0.007600822682186184
46	14	0.007649837734029463
46	15	0.007562162586150332
46	16	0.007704696500179872
46	17	0.0077696483031359405
46	18	0.007979117174386723
46	19	0.008111351114939316
46	20	0.008049644138531696
46	21	0.182733859223454
51	1	0.009590424200073677
51	2	0.009598254317801893
51	3	0.009879080285398112
51	4	0.010174154152134855
51	5	0.010527290480764836
51	6	0.010072632585223076
51	7	0.011781608611320719
51	8	0.01084569973560155
51	9	0.009450505908781378
51	10	0.008545687768226203
51	11	0.00805718977547774
51	12	0.007888732985963997
51	13	0.007839208641663032
51	14	0.007872168485536598
51	15	0.007753204561437873
51	16	0.007918790456494412
51	17	0.008015554218699502
51	18	0.008202894663975793
51	19	0.008318743720564892
51	20	0.008183536509162231
51	21	0.1841628515548402
56	1	0.010596769510213431
56	2	0.010586562939790602
56	3	0.010842770959345584
56	4	0.011111653150332608
56	5	0.011423281395115174
56	6	0.011689999940596132
56	7	0.012349790661060022
56	8	0.011255580661619032
56	9	0.009696390018617421
56	10	0.00880947694286895
56	11	0.008256375624813326
56	12	0.008076407762241559
56	13	0.00801875187945765
56	14	0.008071737905960979
56	15	0.0079580759993033
56	16	0.008122487343670532
56	17	0.008184317779171384
56	18	0.00840395910121558
56	19	0.00844113284957988
56	20	0.008243434248235041
56	21	0.183939226668142
61	1	0.011666199696794374
61	2	0.011629295895149274
61	3	0.005996682615319606
61	4	0.012102080030410071
61	5	0.01235577133877976
61	6	0.013004895429779569
61	7	0.012991938522060072
61	8	0.011637310026031843
61	9	0.009915473094382178
61	10	0.008975657050114626
61	11	0.008500736680492471
61	12	0.008256869864737176
61	13	0.008194832212140953
61	14	0.00825159973550421
61	15	0.007643060324795272
61	16	0.008279489560113618
61	17	0.008335097547635947
61	18	0.008517979883564914
61	19	0.008516424609731163
61	20	0.008263132638392007
61	21	0.18503418319264361
66	1	0.012779252985889321
66	2	0.012699320072583672
66	3	0.012913440164970015
66	4	0.01309990047832881
66	5	0.013273216938276561
66	6	0.013272317465156997
66	7	0.013607245831043807
66	8	0.011995752805197057
66	9	0.010218550697748876
66	10	0.00916484442660678
66	11	0.008653017055598893
66	12	0.008416217625947887
66	13	0.008345929297296053
66	14	0.008406188464306677
66	15	0.007761407706801506
66	16	0.008415792612575867
66	17	0.008460156800875716
66	18	0.008623551606926561
66	19	0.00857408276625881
66	20	0.008265991078767118
66	21	0.18487382661806837
71	1	0.013940524684067207
71	2	0.013889159018839935
71	3	0.014040489311445616
71	4	0.01414971423452975
71	5	0.014293373932182791
71	6	0.01472795823332734
71	7	0.014160681818439456
71	8	0.012325963567859283
71	9	0.010490571112387274
71	10	0.009334659882458528
71	11	0.00878977721733206
71	12	0.008562471639353579
71	13	0.008464250100917977
71	14	0.008555358626643465
71	15	0.008418319524727205
71	16	0.008081784684297589
71	17	0.008580095198984243
71	18	0.008698814931390932
71	19	0.008618361032673882
71	20	0.008152305793169749
71	21	0.18381977987090842
76	1	0.015239230354173013
76	2	0.015093326046913531
76	3	0.015191184084716217
76	4	0.015250271610277484
76	5	0.015284110094998849
76	6	0.01554134755250038
76	7	0.01474993622645335
76	8	0.01261784794675911
76	9	0.010644907849866214
76	10	0.009485791277375184
76	11	0.008918912691832016
76	12	0.008626172485327342
76	13	0.00857638756359086
76	14	0.008647305032987837
76	15	0.008533438605453362
76	16	0.008641029014417902
76	17	0.008608825265050813
76	18	0.008745787740350505
76	19	0.008580478468419106
76	20	0.008106300946384048
76	21	0.18237775684752106
81	1	0.016589618989624258
81	2	0.016339047846127438
81	3	0.016349982599178883
81	4	0.016260768954347665
81	5	0.016314260408949184
81	6	0.016355613466855483
81	7	0.01529435846408648
81	8	0.012882035871263749
81	9	0.010823259443197857
81	10	0.009604013927603072
81	11	0.00903131254042407
81	12	0.008781095349024135
81	13	0.008645008507637594
81	14	0.008743623440592067
81	15	0.008621518847262621
81	16	0.0087058579168927
81	17	0.008664006176392462
81	18	0.00874248376275787
81	19	0.00853893360966777
81	20	0.008127871601291446
81	21	0.18045320112052873
86	1	0.017746274237322016
86	2	0.01761701770656258
86	3	0.0176110013923347
86	4	0.01742686658524245
86	5	0.01735451611426107
86	6	0.017168354123326797
86	7	0.01583916341760699
86	8	0.013193159339677251
86	9	0.010976248196426347
86	10	0.009718085980735345
86	11	0.009127636715809097
86	12	0.008851985024155717
86	13	0.008725353733554504
86	14	0.00884277733375997
86	15	0.008676906908965538
86	16	0.00876429568164441
86	17	0.008690175219319418
86	18	0.008703576091382649
86	19	0.00847537420957538
86	20	0.008042466514659561
86	21	0.17837528985514417
91	1	0.019240935826749173
91	2	0.01896651496691815
91	3	0.018842494920805634
91	4	0.01861833509947382
91	5	0.018351388466020174
91	6	0.018003598548647137
91	7	0.016341795599859578
91	8	0.013355586173938859
91	9	0.011118250322844497
91	10	0.009815760189507496
91	11	0.009202899446829447
91	12	0.00892308608504298
91	13	0.0088466081274082
91	14	0.008312934085668106
91	15	0.00871438481164856
91	16	0.008836442740651828
91	17	0.008906716244248259
91	18	0.00872092825583
91	19	0.008387848788516464
91	20	0.007950597267778272
91	21	0.1759591361813816
96	1	0.020678869471602225
96	2	0.020319497470771126
96	3	0.02008301066728773
96	4	0.01983489881682767
96	5	0.019457333316030615
96	6	0.0187645302642711
96	7	0.017173515837550342
96	8	0.013621615408864873
96	9	0.010808328032328748
96	10	0.009894249016951417
96	11	0.009269149292864608
96	12	0.00898009248153512
96	13	0.008881054607432545
96	14	0.008916606995746932
96	15	0.00874281588897916
96	16	0.008840481433345714
96	17	0.008689457304274478
96	18	0.008679705533300542
96	19	0.008127759513668814
96	20	0.007838701842679317
96	21	0.17355977460392963
101	1	0.022403670463217118
101	2	0.02174943463988293
101	3	0.02143751708561373
101	4	0.021075809483084962
101	5	0.020521075564404443
101	6	0.01961367661355657
101	7	0.017334446370818296
101	8	0.013829178991684083
101	9	0.010894987249818768
101	10	0.009972588260012571
101	11	0.00932659981974645
101	12	0.009027651588985799
101	13	0.008903435598193888
101	14	0.008942469126247453
101	15	0.008761527687180118
101	16	0.008833984462488835
101	17	0.008657881119048284
101	18	0.008615133353408185
101	19	0.008025301035409401
101	20	0.007720628798047033
101	21	0.17117211698909196
106	1	0.023651594155562748
106	2	0.02314342860535888
106	3	0.022771499381943
106	4	0.022355199412341514
106	5	0.021573591152243433
106	6	0.02048279347520802
106	7	0.014472697779164264
106	8	0.014007794569637095
106	9	0.011446938812036567
106	10	0.010032968377349124
106	11	0.009738837282467293
106	12	0.009063769797272775
106	13	0.008405443711599946
106	14	0.00893150794850432
106	15	0.008805507454871032
106	16	0.008783470900853874
106	17	0.008640030342987715
106	18	0.008545966948055435
106	19	0.008396722734885953
106	20	0.00759697002881181
106	21	0.16836192987901982
111	1	0.025110986256947552
111	2	0.0245849050535424
111	3	0.0240187034512794
111	4	0.023553210870424262
111	5	0.022632410793170587
111	6	0.02128227794381792
111	7	0.014711509154177358
111	8	0.012986109695803565
111	9	0.011546425541458728
111	10	0.009621982595340483
111	11	0.00939696724709697
111	12	0.009074061276077277
111	13	0.00920496038722218
111	14	0.008950520797420662
111	15	0.00881585688186517
111	16	0.008744187733416762
111	17	0.008592650414432837
111	18	0.00844234702706123
111	19	0.008282958877426656
111	20	0.007465542128900736
111	21	0.16542509757970056
116	1	0.026606479985729268
116	2	0.021475094677109785
116	3	0.025343764630429137
116	4	0.024772326095059416
116	5	0.02371253803650214
116	6	0.021967593857840088
116	7	0.018614542916762487
116	8	0.01496850946041742
116	9	0.011574881135633314
116	10	0.010105337098664556
116	11	0.008955829688137457
116	12	0.008592024948732863
116	13	0.008925018838872114
116	14	0.008947761765890926
116	15	0.008774945339690308
116	16	0.008691672495366601
116	17	0.00852958004024593
116	18	0.008340068877498016
116	19	0.008160815081742996
116	20	0.007331141122928606
116	21	0.16234103339323824
121	1	0.02826045133533858
121	2	0.02740379244507759
121	3	0.026670262804312794
121	4	0.02589480565491287
121	5	0.024892432196058727
121	6	0.022624053533846493
121	7	0.018923090456027303
121	8	0.014704329191967663
121	9	0.011595971082544279
121	10	0.010112894278007784
121	11	0.009413413858682601
121	12	0.009060001622683453
121	13	0.008966233954815321
121	14	0.008976430538058388
121	15	0.008723860342537713
121	16	0.008652891207943039
121	17	0.008458934243044655
121	18	0.008235531996775267
121	19	0.007721389416309659
121	20	0.0071892908234792675
121	21	0.15921588091531244
126	1	0.029823272959542946
126	2	0.02882261734275429
126	3	0.027943660824790873
126	4	0.027023457665455497
126	5	0.025685598047099394
126	6	0.023338704955545866
126	7	0.019282965707872288
126	8	0.014359410167848776
126	9	0.011625015824405885
126	10	0.010000512324681375
126	11	0.00931873354734059
126	12	0.009043065362059484
126	13	0.008895128276651783
126	14	0.008942629421615163
126	15	0.008240044855084165
126	16	0.008600985558116366
126	17	0.008418566456943347
126	18	0.008137466908177859
126	19	0.007583224191151275
126	20	0.00704985145893892
126	21	0.15602805913071333
131	1	0.026059849714589904
131	2	0.03023584386140219
131	3	0.02922194654743087
131	4	0.02820368594138018
131	5	0.026658391692525887
131	6	0.02403087998145817
131	7	0.01972968988270847
131	8	0.014748973263552907
131	9	0.012250792841807755
131	10	0.010678177638818034
131	11	0.009970823752789498
131	12	0.0090320755509858
131	13	0.008849767830360358
131	14	0.008872906004165588
131	15	0.008616873388471735
131	16	0.00852795587819873
131	17	0.008325419418819292
131	18	0.008035812121343114
131	19	0.007450637387618532
131	20	0.006908714176701419
131	21	0.1527938015956514
136	1	0.0328659762670121
136	2	0.031589633304025574
136	3	0.030463320163423024
136	4	0.029374677955874725
136	5	0.027626320266985013
136	6	0.024657555620961384
136	7	0.019994190874669898
136	8	0.01472543637287953
136	9	0.01162245121003604
136	10	0.0100851408978316
136	11	0.009352389219541487
136	12	0.00938667513247039
136	13	0.008806842642145044
136	14	0.00877986650165936
136	15	0.00854855081818434
136	16	0.008450955267918676
136	17	0.008216302986339592
136	18	0.007901806170391218
136	19	0.007311815333872351
136	20	0.0067617074214797535
136	21	0.149771185290481
141	1	0.034339517577027995
141	2	0.03302305645109952
141	3	0.03160028639279338
141	4	0.03062878583678957
141	5	0.028585658809792
141	6	0.025256524677685018
141	7	0.017134792421368686
141	8	0.014818380227191438
141	9	0.011630288544543307
141	10	0.010062152097010942
141	11	0.00931289254838541
141	12	0.008928918602898593
141	13	0.008858346233918027
141	14	0.008685441385588088
141	15	0.008477225402744221
141	16	0.008354406541189375
141	17	0.008116724098133299
141	18	0.007768339207829177
141	19	0.0071628531242919225
141	20	0.006616018771012767
141	21	0.14647731158587646
146	1	0.03584493666284268
146	2	0.03424328930887262
146	3	0.032851120724872965
146	4	0.03149253867474883
146	5	0.029456590645249255
146	6	0.025806409628643452
146	7	0.0204189313531265
146	8	0.014841819413762255
146	9	0.011166073193615282
146	10	0.009984598056526564
146	11	0.009277171810205896
146	12	0.008878826503765515
146	13	0.009288916812237999
146	14	0.00864347273618842
146	15	0.008375959551820321
146	16	0.00849553178636267
146	17	0.007957187054913535
146	18	0.00763604431257244
146	19	0.0070169316162706444
146	20	0.006472194394218528
146	21	0.14309719500728435
151	1	0.03722344274312728
151	2	0.03553185056211069
151	3	0.034071543009104664
151	4	0.032571229725503414
151	5	0.030287007885186696
151	6	0.026268335478113768
151	7	0.02043338494634375
151	8	0.014848092736101746
151	9	0.011733291130726853
151	10	0.009981339993640911
151	11	0.009235104189954029
151	12	0.008815221355440979
151	13	0.008679720767987214
151	14	0.008638188644717978
151	15	0.00826286622950923
151	16	0.008407093881616036
151	17	0.007847059574819846
151	18	0.007369038101478273
151	19	0.006870532729627649
151	20	0.00632488010458586
151	21	0.14028174091788073
156	1	0.03854165547652102
156	2	0.036279871935989305
156	3	0.035199553139736196
156	4	0.033371251449167263
156	5	0.031043968266592517
156	6	0.026675497039607275
156	7	0.020458388421189747
156	8	0.014866080160888227
156	9	0.012188119984250886
156	10	0.010462999344446089
156	11	0.009176161035323021
156	12	0.008759174562844304
156	13	0.008548006996938813
156	14	0.008491703650633124
156	15	0.008173912570525965
156	16	0.008082599015888804
156	17	0.007698872681687502
156	18	0.007578357400465035
156	19	0.006727298143667609
156	20	0.006183591598313659
156	21	0.13692767934111577
161	1	0.03999398871376471
161	2	0.03809985847326536
161	3	0.036072399702002114
161	4	0.034511256738505046
161	5	0.031718830730079264
161	6	0.027309828160594962
161	7	0.01875824243796583
161	8	0.01487816153835202
161	9	0.011505718758067116
161	10	0.009874690535749058
161	11	0.009574660001898048
161	12	0.008686885219551889
161	13	0.008460793060155188
161	14	0.008659276679658365
161	15	0.008081848712345175
161	16	0.007948067003532379
161	17	0.007948937764905266
161	18	0.007563719492255074
161	19	0.006578355140053378
161	20	0.00603232018945434
161	21	0.13388381237280128
166	1	0.04130717967150484
166	2	0.039251225779914155
166	3	0.03720974393133257
166	4	0.03538141759939347
166	5	0.0325178238289482
166	6	0.027693175187381507
166	7	0.020956123739284932
166	8	0.01569215297541961
166	9	0.011456092788137272
166	10	0.009615081653136452
166	11	0.00902138758071296
166	12	0.009068753526610776
166	13	0.008368510222591954
166	14	0.008343673063686772
166	15	0.008001380620726552
166	16	0.008279357159868253
166	17	0.007857675976459148
166	18	0.007416346489920155
166	19	0.006430941722299265
166	20	0.005899618302729812
166	21	0.13055381917149572
171	1	0.04256523924558686
171	2	0.04025893172516298
171	3	0.03817394753813967
171	4	0.03618827190312679
171	5	0.033216826863831456
171	6	0.028048014036545606
171	7	0.02104596532429153
171	8	0.014885226009719896
171	9	0.011389002301266986
171	10	0.009750852127321415
171	11	0.0089133118269044
171	12	0.008521063811338863
171	13	0.008723872482080378
171	14	0.008694946632593507
171	15	0.00830794666565184
171	16	0.008123316303190806
171	17	0.007731303462767591
171	18	0.007169735302456759
171	19	0.006282646041505066
171	20	0.005758536410595483
171	21	0.12726624903600564
176	1	0.04374809732463963
176	2	0.04140255937826873
176	3	0.039092515419509914
176	4	0.036947043832492955
176	5	0.03377716951972488
176	6	0.02836912797290452
176	7	0.021187750470375445
176	8	0.014754989110215461
176	9	0.011654175870421331
176	10	0.009658007091896693
176	11	0.008613896972669208
176	12	0.008572519942259386
176	13	0.008096155497875438
176	14	0.008574278701480224
176	15	0.008693134875209622
176	16	0.007591302286806348
176	17	0.007231213866055502
176	18	0.007024059975894378
176	19	0.006140662721511111
176	20	0.005617180070550564
176	21	0.12403347276393362
181	1	0.044919481728730566
181	2	0.042313020889422806
181	3	0.03994575901647646
181	4	0.03793584467319344
181	5	0.03442382257697617
181	6	0.028524841653124723
181	7	0.02125583507043842
181	8	0.014393615267819938
181	9	0.01123060564856053
181	10	0.0095791152427602
181	11	0.008790991123081494
181	12	0.008260726409486498
181	13	0.008000402681761137
181	14	0.008085063668526906
181	15	0.007601317395739752
181	16	0.007475590908846775
181	17	0.007104827811871706
181	18	0.006578965177025451
181	19	0.0060415101900821565
181	20	0.005475156211433524
181	21	0.12120871254168594
186	1	0.0459898248297506
186	2	0.04343504175827155
186	3	0.04075926713665645
186	4	0.03826823729719898
186	5	0.03500275205939353
186	6	0.023164108330546183
186	7	0.0212769301651946
186	8	0.01468698432891066
186	9	0.011157701321227415
186	10	0.00974700455005559
186	11	0.008691702754613733
186	12	0.008166355686896672
186	13	0.007888226409721089
186	14	0.008023043593239989
186	15	0.007816405251213777
186	16	0.007331798799522738
186	17	0.006959387725578954
186	18	0.006433607571112705
186	19	0.00590042202152038
186	20	0.0053356585843576925
186	21	0.11801029425057946
191	1	0.046922615710861225
191	2	0.044220659546498196
191	3	0.04143705150080511
191	4	0.03889227764430227
191	5	0.0354767053265467
191	6	0.029079893469089922
191	7	0.0220365241871761
191	8	0.014700325848560635
191	9	0.01105165699443852
191	10	0.009412839143272187
191	11	0.008818717847776027
191	12	0.008082683366976599
191	13	0.007825211809964995
191	14	0.007785897243346171
191	15	0.007687497398521242
191	16	0.007621007075496344
191	17	0.006713083784751258
191	18	0.006371249954014927
191	19	0.005752824544485906
191	20	0.005196053038772554
191	21	0.11483071495416738
196	1	0.04805118506731249
196	2	0.0450067722025628
196	3	0.0421815267068433
196	4	0.039534798479053765
196	5	0.03585325982210875
196	6	0.029281202375437812
196	7	0.021249489157167956
196	8	0.014607130577556176
196	9	0.010959358961736132
196	10	0.009238498544245587
196	11	0.008506034664097231
196	12	0.00806205671755321
196	13	0.007667921485228464
196	14	0.007629335856362128
196	15	0.007293532005314319
196	16	0.00746908097821441
196	17	0.006607533365101748
196	18	0.006229610668751105
196	19	0.005574447678207774
196	20	0.005060006959607628
196	21	0.11157930096043817
201	1	0.04894469767372444
201	2	0.0458070922092996
201	3	0.04281040540293885
201	4	0.040092547856648855
201	5	0.03634930559532454
201	6	0.02945246409821312
201	7	0.021232607222639192
201	8	0.014455647817768515
201	9	0.010869419015827955
201	10	0.009221059831869702
201	11	0.00874546664589676
201	12	0.008367215286695399
201	13	0.007638190687225332
201	14	0.00780697609959069
201	15	0.007147522267422189
201	16	0.0069361053504982595
201	17	0.006507592241065761
201	18	0.0060819761703461645
201	19	0.005425313362143325
201	20	0.00492665037739984
201	21	0.10853427427395279
206	1	0.049744801579224375
206	2	0.04696776709064698
206	3	0.043356759034245594
206	4	0.04055985701292111
206	5	0.03670438324925551
206	6	0.029584687579327307
206	7	0.02118840813492795
206	8	0.014229963576552216
206	9	0.01084694859836118
206	10	0.009129427293634654
206	11	0.008295206643191555
206	12	0.007850981412517001
206	13	0.0077252631223685
206	14	0.007497535751525428
206	15	0.007022820208819094
206	16	0.0068070317101899995
206	17	0.006602594214705088
206	18	0.005919475899403986
206	19	0.005287173908587676
206	20	0.004794545209424702
206	21	0.10553856742249115
211	1	0.05057296116490462
211	2	0.04726915374373296
211	3	0.043861280221706156
211	4	0.0412070828824833
211	5	0.03701996687701049
211	6	0.029647990286294383
211	7	0.021124215623046443
211	8	0.014146060744935372
211	9	0.010667365221262787
211	10	0.00901436303275156
211	11	0.00820987006662153
211	12	0.007742685880655384
211	13	0.007462742722800671
211	14	0.007307109054723298
211	15	0.006899282602017627
211	16	0.00666170619202238
211	17	0.006490756648660379
211	18	0.005763649032061021
211	19	0.005160631915041831
211	20	0.0046639249294256144
211	21	0.10256423215528401
216	1	0.051327378292762085
216	2	0.04696999465150401
216	3	0.044472331148312005
216	4	0.041382200929653265
216	5	0.037256018624004135
216	6	0.029762798095716823
216	7	0.02099661498287922
216	8	0.014035443664989742
216	9	0.010542167038338497
216	10	0.008909689801009674
216	11	0.008115582361082866
216	12	0.007640431444775433
216	13	0.007372330617534261
216	14	0.007260086417375553
216	15	0.006768298954791389
216	16	0.006561333300112068
216	17	0.006081856504817139
216	18	0.005850667371793433
216	19	0.005029292904981396
216	20	0.0045335208421961055
216	21	0.09962974661163795
221	1	0.05191424184755584
221	2	0.04811114025500595
221	3	0.0447759141108826
221	4	0.04165199411487892
221	5	0.03743778571067076
221	6	0.029789277193738112
221	7	0.020949167051264046
221	8	0.013971346039612274
221	9	0.01037911471202644
221	10	0.008801163687222214
221	11	0.008005109752994755
221	12	0.007524308358491317
221	13	0.007255544036266246
221	14	0.007074942549340374
221	15	0.006645461322676204
221	16	0.006319403119537907
221	17	0.0059538620165386635
221	18	0.005696974239209735
221	19	0.0049133519463302015
221	20	0.004414121890535393
221	21	0.0968015573517412
226	1	0.052492668962273094
226	2	0.04857726637801794
226	3	0.045142409260137746
226	4	0.04197425022512742
226	5	0.03294091128262387
226	6	0.029793182419064854
226	7	0.02086182028699291
226	8	0.013791956859702536
226	9	0.01017659820940165
226	10	0.008696309811264834
226	11	0.007894079938686962
226	12	0.007422210374039265
226	13	0.007143117756553549
226	14	0.006932432249971884
226	15	0.006548485116192099
226	16	0.0061764994376308
226	17	0.005831032135065521
226	18	0.005546194772695269
226	19	0.0047177042062861545
226	20	0.004289415329606483
226	21	0.09397370033421365
231	1	0.05304735484360406
231	2	0.04889193900701821
231	3	0.04551044835386081
231	4	0.04229486410726324
231	5	0.03787031589586197
231	6	0.029479081877587174
231	7	0.020828718796407977
231	8	0.013659536600568237
231	9	0.010077074323420986
231	10	0.008591636206155972
231	11	0.007802474440117493
231	12	0.007309614572504069
231	13	0.007004470001648241
231	14	0.006809756846269665
231	15	0.006352043549270793
231	16	0.006063098508469405
231	17	0.0056416279967566145
231	18	0.005232359315899173
231	19	0.004598078415510094
231	20	0.004171991345808181
231	21	0.09116755407140407
236	1	0.05354596593895114
236	2	0.04934906404392696
236	3	0.04558008653378173
236	4	0.04244540556029858
236	5	0.028766968298037397
236	6	0.030167430586812538
236	7	0.02063616468207685
236	8	0.013526115578272789
236	9	0.01005388548743301
236	10	0.008468096794647037
236	11	0.007668116489167823
236	12	0.007198510435844357
236	13	0.006888633358415511
236	14	0.00670981511087792
236	15	0.006279675083002036
236	16	0.005984843911755711
236	17	0.005557292235902348
236	18	0.005095050846771144
236	19	0.004478741902305102
236	20	0.004052797619492726
236	21	0.08845783823642703
241	1	0.05394226275980657
241	2	0.049602615070667336
241	3	0.04591083166088195
241	4	0.04260444861231965
241	5	0.03808046308208825
241	6	0.02971482678609911
241	7	0.020527585827342446
241	8	0.013385646492039317
241	9	0.010274131950896642
241	10	0.008356620808239793
241	11	0.007559860324775018
241	12	0.007089401684906899
241	13	0.006770266806709948
241	14	0.00658491961200925
241	15	0.006156849803055388
241	16	0.005851148598830779
241	17	0.0054349109073782605
241	18	0.004990113375166896
241	19	0.004394646306256496
241	20	0.0039368107040078084
241	21	0.08580409620996415
246	1	0.05432857395603517
246	2	0.04988616300423896
246	3	0.04610679972838766
246	4	0.0427992367201024
246	5	0.038109754260402154
246	6	0.029641943002243
246	7	0.020323518492797534
246	8	0.013246122518205356
246	9	0.009845953203586177
246	10	0.008246871564925474
246	11	0.007451196549320903
246	12	0.00697398735706461
246	13	0.006845145498617159
246	14	0.006446638637425498
246	15	0.00606198429327139
246	16	0.005736115601311913
246	17	0.005337353419911
246	18	0.004835154614564365
246	19	0.004303550345234928
246	20	0.003826996319539063
246	21	0.08305449798061042
251	1	0.05466338352300272
251	2	0.050126049762947565
251	3	0.03955074535311537
251	4	0.0428360544918073
251	5	0.038153186413243056
251	6	0.029548986969689644
251	7	0.020183982275168846
251	8	0.013100874982409019
251	9	0.009719998857338897
251	10	0.008138203132856361
251	11	0.007342087215263221
251	12	0.006866166536219819
251	13	0.0065434459003682445
251	14	0.006325188493724783
251	15	0.005920885012695521
251	16	0.005610421107817991
251	17	0.005196727078404172
251	18	0.004728596335740822
251	19	0.004185112847973717
251	20	0.003723784623095831
251	21	0.08053603961720666
256	1	0.0548576002458922
256	2	0.05031612531815914
256	3	0.04639455153765659
256	4	0.03186145698010889
256	5	0.038130238493167046
256	6	0.029413010130347896
256	7	0.020054647584141605
256	8	0.012954922942011372
256	9	0.00960055670419878
256	10	0.008032880578329939
256	11	0.007236379387048323
256	12	0.006758054383401451
256	13	0.0064360024296815435
256	14	0.0062014865818685976
256	15	0.005799749700201126
256	16	0.005477690356658023
256	17	0.005107417587995565
256	18	0.0045991090254004635
256	19	0.004061279158365886
256	20	0.0036145560139604835
256	21	0.07807400441681026
261	1	0.055149673168878574
261	2	0.05039377789229699
261	3	0.04645074764205403
261	4	0.042951731222222345
261	5	0.038117365268826274
261	6	0.029292930957870555
261	7	0.019852214972321036
261	8	0.012810788971411642
261	9	0.009479175374457244
261	10	0.007931778880532488
261	11	0.00713997524905252
261	12	0.006647924976984933
261	13	0.006320644576309873
261	14	0.006085419839305779
261	15	0.005681643004533089
261	16	0.005357308292903743
261	17	0.004942678783656821
261	18	0.004468664976257924
261	19	0.004080512827931095
261	20	0.0035102303947299168
261	21	0.0755651768371056
266	1	0.05534097907629665
266	2	0.050537296244943936
266	3	0.04670774682631755
266	4	0.04294951018707893
266	5	0.03808053436111746
266	6	0.029197109035516068
266	7	0.019547462169104593
266	8	0.012654650856390498
266	9	0.00935915137040702
266	10	0.007824266894849129
266	11	0.007034037634689159
266	12	0.006541360329736984
266	13	0.006208102921981056
266	14	0.0059735105025920604
266	15	0.005564056367535559
266	16	0.005247889183610729
266	17	0.00477527310118935
266	18	0.0043858824353808605
266	19	0.003961526672240641
266	20	0.003408223704042459
266	21	0.0732085568665318
271	1	0.055379400744717595
271	2	0.050610343870985
271	3	0.04647719024386171
271	4	0.04229310555284228
271	5	0.03795668396145491
271	6	0.029022134255508147
271	7	0.019536427729493856
271	8	0.01250738385470459
271	9	0.009239728486143142
271	10	0.0077195715353921375
271	11	0.006929777431753211
271	12	0.006446005397027927
271	13	0.006099499843901607
271	14	0.005863552889084786
271	15	0.005450552209745709
271	16	0.005131627598958997
271	17	0.004730647710632596
271	18	0.004270827775953391
271	19	0.0038417403751481133
271	20	0.0033060724451017486
271	21	0.07113857609240744
276	1	0.055631355086141435
276	2	0.03663130822174391
276	3	0.04639144400714109
276	4	0.04274935335589889
276	5	0.03800578559273088
276	6	0.02886211519602934
276	7	0.019364824087362273
276	8	0.01235998775910442
276	9	0.00912705757558265
276	10	0.0076129683182813174
276	11	0.00683134702276483
276	12	0.006342632872912125
276	13	0.005991453058311433
276	14	0.0057530815610819805
276	15	0.005353051169426625
276	16	0.004921799549239866
276	17	0.004577454908814244
276	18	0.004144221090423564
276	19	0.0036265717934025436
276	20	0.003209774571825739
276	21	0.06888999160902705
281	1	0.05563719993679502
281	2	0.05060511091452678
281	3	0.04639345600241187
281	4	0.04281392459643915
281	5	0.037795448688381444
281	6	0.028677802884512327
281	7	0.01918240923335712
281	8	0.012221203660433774
281	9	0.009008641088597691
281	10	0.007509375519795104
281	11	0.006731508904134066
281	12	0.006240173751665914
281	13	0.0058873857904130494
281	14	0.005643641631415839
281	15	0.005232061670064301
281	16	0.004863361094705015
281	17	0.00448232025857133
281	18	0.004034637913173908
281	19	0.003526559639074559
281	20	0.003115175275796053
281	21	0.06668957380272841
286	1	0.05569558151983543
286	2	0.05049746977747162
286	3	0.046234254348768045
286	4	0.04268405395690178
286	5	0.03765141170021382
286	6	0.028562792778946897
286	7	0.018994349985960245
286	8	0.01207119781745921
286	9	0.00889164002112515
286	10	0.007406077388766263
286	11	0.006632251638741701
286	12	0.006140592412386852
286	13	0.005785214088129451
286	14	0.005531639061794814
286	15	0.005122283465714428
286	16	0.004804123269346925
286	17	0.00439129286028146
286	18	0.0038873556228812456
286	19	0.00343122969579551
286	20	0.0030224670962045196
286	21	0.06451846350763316
291	1	0.0556713586357756
291	2	0.0506763396405735
291	3	0.04619355901308828
291	4	0.04253770714811383
291	5	0.0375471316800025
291	6	0.028331044977668675
291	7	0.018802434515834188
291	8	0.011933757453202765
291	9	0.008769017456528043
291	10	0.0073148869504818265
291	11	0.006532999371770973
291	12	0.006044954669539316
291	13	0.005692055030715075
291	14	0.005421138144514233
291	15	0.005017913427528166
291	16	0.004696796960424758
291	17	0.004272421705290682
291	18	0.0038382094195180366
291	19	0.0033108397212582305
291	20	0.002920002523319817
291	21	0.06241776796088039
296	1	0.054958531202231126
296	2	0.0503879174379445
296	3	0.04606214677097044
296	4	0.040683555532084865
296	5	0.03152064118002099
296	6	0.028142645273869473
296	7	0.018812062698905094
296	8	0.011788793670409404
296	9	0.00865635256050271
296	10	0.007207890543745574
296	11	0.006435568744086396
296	12	0.00594962444048314
296	13	0.005589445668009577
296	14	0.00531802451601579
296	15	0.004915006779700394
296	16	0.004586157305660669
296	17	0.004170814641215934
296	18	0.003739905856209901
296	19	0.0032526791624045656
296	20	0.0028456708241043193
296	21	0.06040106177609239
301	1	0.05498563460728701
301	2	0.05031996400104975
301	3	0.04585542670096708
301	4	0.042292966376942506
301	5	0.03729368528807573
301	6	0.027920778540322377
301	7	0.018477628410372936
301	8	0.011660267379494136
301	9	0.00855215835583679
301	10	0.0071042557856112725
301	11	0.006347524526567859
301	12	0.00585303798372115
301	13	0.005492881259299534
301	14	0.005217603026428121
301	15	0.0048129024323219
301	16	0.004484376429814753
301	17	0.004069943997079594
301	18	0.0036352348234353965
301	19	0.0031432792391228215
301	20	0.0027462350428180907
301	21	0.05843198756793831
306	1	0.054877949549376796
306	2	0.04996127134876008
306	3	0.04581633235553455
306	4	0.042127983634757435
306	5	0.03710637430245033
306	6	0.027741502671968937
306	7	0.018294851731226792
306	8	0.011504113327993257
306	9	0.008443055688931068
306	10	0.0069983698487883945
306	11	0.006252136253394708
306	12	0.005760225142049023
306	13	0.00540089334742111
306	14	0.005117720134820775
306	15	0.004712561520003827
306	16	0.004383521089549867
306	17	0.003971943945439883
306	18	0.0035373783150921324
306	19	0.0030885838620575575
306	20	0.0026672947003993784
306	21	0.05659095904366934
311	1	0.055449343779060606
311	2	0.04879512278959866
311	3	0.04464296414872038
311	4	0.041968184508263076
311	5	0.03695643522144797
311	6	0.02753432440168001
311	7	0.018111732886628432
311	8	0.01136019788526097
311	9	0.008310894490181544
311	10	0.006910664945081938
311	11	0.0061499454035782095
311	12	0.005677632357858736
311	13	0.005309307551908584
311	14	0.005028739254967218
311	15	0.004616522209497195
311	16	0.004285814595929137
311	17	0.003877690494366231
311	18	0.0034262992683839117
311	19	0.002992978693896522
311	20	0.0025964483145243956
311	21	0.05473823257360859
316	1	0.055401209267195876
316	2	0.04998279530625054
316	3	0.045476491813620214
316	4	0.041780610314394326
316	5	0.03695781548837725
316	6	0.027322459343924996
316	7	0.017918788682324112
316	8	0.011223565355372432
316	9	0.00820247676717772
316	10	0.00682136965113475
316	11	0.006055665723927491
316	12	0.005585604359315496
316	13	0.005217548860771025
316	14	0.004933802291665167
316	15	0.0045184249696707465
316	16	0.004192627536340759
316	17	0.0036750423612046824
316	18	0.0033804306600884494
316	19	0.0028833706651784845
316	20	0.002526306399757507
316	21	0.0527986553257804
321	1	0.055300070842090834
321	2	0.04963576033443069
321	3	0.045289089101532086
321	4	0.04158654864885706
321	5	0.03652898382837421
321	6	0.027111259834757477
321	7	0.01783389796992927
321	8	0.011087385024740916
321	9	0.008120758140480615
321	10	0.006728361435445477
321	11	0.0059713044355579874
321	12	0.005488311029976619
321	13	0.005129118672640475
321	14	0.004845236706150022
321	15	0.004429122130037554
321	16	0.0041002797266767
321	17	0.003560195215096913
321	18	0.003270251214506954
321	19	0.0028400599607849766
321	20	0.0024245752281710454
321	21	0.05099709195688555
326	1	0.05507409975910131
326	2	0.049534909674957585
326	3	0.04506854775324232
326	4	0.041376409162648745
326	5	0.0363382379436049
326	6	0.02690881434201675
326	7	0.01765305799740024
326	8	0.010974326413451928
326	9	0.008021157851961263
326	10	0.006639264732379045
326	11	0.005895130623828423
326	12	0.0053990594164944165
326	13	0.0050505314422804835
326	14	0.004754257531051409
326	15	0.004339437561790802
326	16	0.0040098244509687905
326	17	0.003611439115607143
326	18	0.0031783246016274464
326	19	0.0027578682556860913
326	20	0.002362620007390301
326	21	0.049298581890610656
331	1	0.05499405002861697
331	2	0.04933005469496153
331	3	0.04489114679982467
331	4	0.0411862099559468
331	5	0.035924635044705736
331	6	0.026691289837550293
331	7	0.01687971151186108
331	8	0.010833604585445506
331	9	0.007870405188222174
331	10	0.006541294162426023
331	11	0.005805766198860788
331	12	0.00531655340900491
331	13	0.004966378254593973
331	14	0.004668883274889851
331	15	0.004249341746154438
331	16	0.003921315180799836
331	17	0.003531146977591139
331	18	0.003124704738911889
331	19	0.0026448808110671965
331	20	0.002253282600193121
331	21	0.047616162602617966
336	1	0.05487333818898213
336	2	0.0491553592956496
336	3	0.04466698594236876
336	4	0.040961580181276686
336	5	0.03597424810790296
336	6	0.02647622470170278
336	7	0.017179971891911863
336	8	0.010749118508149146
336	9	0.007781359654750346
336	10	0.006447339293679468
336	11	0.005733428223274075
336	12	0.00521254837549347
336	13	0.004874479518130036
336	14	0.00458602700266632
336	15	0.0041704244056664985
336	16	0.0038381092765430442
336	17	0.003448937819003633
336	18	0.003045778297811727
336	19	0.002575708742191955
336	20	0.0022937476721819235
336	21	0.045902571825582994
341	1	0.05466962455274383
341	2	0.04893148424712329
341	3	0.04442107436418948
341	4	0.04069733220266526
341	5	0.03572315511765021
341	6	0.026296401126713467
341	7	0.01701712363817731
341	8	0.010559334723212164
341	9	0.007721165558683463
341	10	0.006373501011518757
341	11	0.005653931943855741
341	12	0.005131735303060729
341	13	0.004794454136428476
341	14	0.004508791301548781
341	15	0.004090988694513214
341	16	0.0037553137387942538
341	17	0.0033719476969663875
341	18	0.0029710939948242466
341	19	0.0025085912246890375
341	20	0.002229899044201788
341	21	0.0443833488128329
346	1	0.054539682847923376
346	2	0.048739275749712443
346	3	0.04416418203854322
346	4	0.04047621688313198
346	5	0.035586828522718626
346	6	0.026094601267699285
346	7	0.016847797473402967
346	8	0.010446232191204337
346	9	0.007627833364669103
346	10	0.006217999634120005
346	11	0.005624749209546458
346	12	0.005088689775288267
346	13	0.004722895482398015
346	14	0.004426996155951731
346	15	0.004013848356890145
346	16	0.0036764752223279497
346	17	0.003295127932259964
346	18	0.0029000557353937913
346	19	0.002450333929944
346	20	0.0021106303029893485
346	21	0.04323728513035918
351	1	0.054358199137383136
351	2	0.04851979000546804
351	3	0.04386440824158114
351	4	0.040238077251766036
351	5	0.03538770521146271
351	6	0.025854270666835856
351	7	0.016685085498746793
351	8	0.010347055262178547
351	9	0.007511423111706649
351	10	0.006162044336536554
351	11	0.005465729337346488
351	12	0.005077991345339245
351	13	0.004649394672519573
351	14	0.004354300262794326
351	15	0.0039459434241473
351	16	0.0036019638724334706
351	17	0.0032212702132806467
351	18	0.0028297554568277403
351	19	0.0023892302656680184
351	20	0.0019985370139875753
351	21	0.041401350137181187
356	1	0.05417098612265489
356	2	0.04828407752428791
356	3	0.0434994560390493
356	4	0.03941767314746826
356	5	0.03516894627770203
356	6	0.0256485795728169
356	7	0.016535902357263453
356	8	0.010249022776715636
356	9	0.007399552602142872
356	10	0.0061307460232485275
356	11	0.005368869210206021
356	12	0.0049397643235760385
356	13	0.0045766458886828155
356	14	0.004270673187130365
356	15	0.003869299186126994
356	16	0.00353442409818246
356	17	0.0031492313241816196
356	18	0.002764434636813618
356	19	0.0023318797820543347
356	20	0.0019723630791099
356	21	0.040101119417320086
361	1	0.053998918264582293
361	2	0.04804226735885283
361	3	0.04367228507270608
361	4	0.0399255438712944
361	5	0.034922911711825114
361	6	0.025432035489203288
361	7	0.016382763952956805
361	8	0.010143109750172085
361	9	0.007299605497367276
361	10	0.006048994506602793
361	11	0.005307184105156204
361	12	0.004863656069619948
361	13	0.004551056253340403
361	14	0.004199982268297029
361	15	0.0037978720417136324
361	16	0.0034647794201278594
361	17	0.003080659317768318
361	18	0.0026995907990309004
361	19	0.002280006187188118
361	20	0.0019107052418965483
361	21	0.03821071098450704
366	1	0.05390643349098209
366	2	0.0477859067180383
366	3	0.043471214464200915
366	4	0.03964944413751595
366	5	0.034739472962012796
366	6	0.025254484726737563
366	7	0.016203412844674338
366	8	0.010049013320815788
366	9	0.007300321834708752
366	10	0.00596022777691041
366	11	0.005276449048196845
366	12	0.004798195933814031
366	13	0.004439661226356521
366	14	0.004128133219794302
366	15	0.003724928720554463
366	16	0.003390309890073369
366	17	0.0030145864913881954
366	18	0.0026354249436775883
366	19	0.0022182557132131527
366	20	0.0018660979290857065
366	21	0.037666777820887905
371	1	0.053638273759935684
371	2	0.04759915881585891
371	3	0.04328638522309856
371	4	0.039499478602098126
371	5	0.03435071627418234
371	6	0.025027585003790025
371	7	0.01608415976156495
371	8	0.009946054964463328
371	9	0.007218935316081112
371	10	0.0058240566231007075
371	11	0.005219158688766596
371	12	0.004724418555097534
371	13	0.004370356112104842
371	14	0.004074893098883556
371	15	0.0036532306837197535
371	16	0.0033240844122676633
371	17	0.0029509982721972893
371	18	0.0025749135240667534
371	19	0.00216290955040223
371	20	0.0017993364989008858
371	21	0.036298000972292764
376	1	0.053397818950611575
376	2	0.047353142285763705
376	3	0.04297373780909565
376	4	0.039580784224507386
376	5	0.03442665094258512
376	6	0.02486069534574979
376	7	0.015951005017565422
376	8	0.009842341064416517
376	9	0.007037648767863817
376	10	0.005744339450476643
376	11	0.005101311914233313
376	12	0.004646870306500815
376	13	0.00427304597424674
376	14	0.004028830510457212
376	15	0.0035941926488914045
376	16	0.0032669178613057197
376	17	0.002894833242503293
376	18	0.0025177381347555425
376	19	0.0021094845104655128
376	20	0.0017561878935296767
376	21	0.034507731028940905
381	1	0.0531960021430263
381	2	0.04712454969566603
381	3	0.04288276868129266
381	4	0.03910556075518904
381	5	0.034181267165258225
381	6	0.024751675235159944
381	7	0.015820911422940898
381	8	0.009756056532775866
381	9	0.0069267635977894905
381	10	0.005744068229015272
381	11	0.00500407298969424
381	12	0.004579175032952482
381	13	0.0042420286301765
381	14	0.003940302256017577
381	15	0.003531218549349135
381	16	0.0032057090077223984
381	17	0.002836384606975408
381	18	0.002461276630317256
381	19	0.0020585396151485275
381	20	0.0017143708531218052
381	21	0.033986565725501065
386	1	0.05306788925209423
386	2	0.046979523644820456
386	3	0.042606775018755115
386	4	0.038901505955098184
386	5	0.033916006846106794
386	6	0.024594483331256613
386	7	0.015689263167003677
386	8	0.009541026874892534
386	9	0.006928513098632745
386	10	0.005686084293612982
386	11	0.004977549753274179
386	12	0.004567186356054538
386	13	0.004195333163527629
386	14	0.0038809961248668476
386	15	0.003505286501739785
386	16	0.0031476461266632116
386	17	0.002777346675356916
386	18	0.0024081562472325064
386	19	0.0020100061780492697
386	20	0.0016644012582288635
386	21	0.03380635504509691
391	1	0.052817793488036356
391	2	0.04687076246086869
391	3	0.04240062005761075
391	4	0.03861402561941582
391	5	0.03391132875103511
391	6	0.02442428909305337
391	7	0.015787178299170382
391	8	0.009537969015990258
391	9	0.006935439966358688
391	10	0.005688594048253431
391	11	0.0049406361890328085
391	12	0.004500378604783082
391	13	0.004139683465473153
391	14	0.003823767857475301
391	15	0.003416263448310017
391	16	0.003083962178132611
391	17	0.0027282060193414386
391	18	0.0023570851798692814
391	19	0.0018427603273199734
391	20	0.0016221136799444568
391	21	0.03295010655485642
396	1	0.05280748619342715
396	2	0.04651912447763984
396	3	0.04227662270137653
396	4	0.03829812213390192
396	5	0.033617912695998675
396	6	0.024295494810469664
396	7	0.015465758614669908
396	8	0.009511368988827158
396	9	0.006867147666473294
396	10	0.005583684593397811
396	11	0.0049004143912933385
396	12	0.004454450718459866
396	13	0.0040819343142910565
396	14	0.0037695347538758534
396	15	0.0033583265179025577
396	16	0.0030320302838291405
396	17	0.0026793559620604205
396	18	0.002309078353682104
396	19	0.00191499804584292
396	20	0.0015748228983350349
396	21	0.03083678501480626
401	1	0.05277446011525319
401	2	0.046529755658974686
401	3	0.04203830335153769
401	4	0.03827385884806374
401	5	0.03351310224546606
401	6	0.02415490883485112
401	7	0.01535603645421359
401	8	0.009373807823065324
401	9	0.00692319560829417
401	10	0.005604451742547456
401	11	0.004929866684321869
401	12	0.004354540006935387
401	13	0.003985670782206787
401	14	0.003697671528626288
401	15	0.003315821189818848
401	16	0.0030087947285929277
401	17	0.0026285738182117184
401	18	0.002266232835812087
401	19	0.0018713875431917678
401	20	0.0014878829582579108
401	21	0.028990679792664377
406	1	0.05250156765224114
406	2	0.046480784201754805
406	3	0.04198261746744873
406	4	0.0383947172568682
406	5	0.03334981530222435
406	6	0.024013134220769818
406	7	0.015254257624507618
406	8	0.009365385499951983
406	9	0.0067708790896393155
406	10	0.005549920310292283
406	11	0.004853478368375233
406	12	0.004305135769255057
406	13	0.003989781138047652
406	14	0.0036625786844904744
406	15	0.003269353445258038
406	16	0.002937222083633565
406	17	0.002586863793733922
406	18	0.0022202365403259905
406	19	0.0018293562222947298
406	20	0.0014934166674139722
406	21	0.02880959338568983
411	1	0.052257278345127875
411	2	0.046273973324940584
411	3	0.04181995128130735
411	4	0.038039286066460065
411	5	0.03322789885384248
411	6	0.023865294324444446
411	7	0.015156231702119416
411	8	0.009297407575681555
411	9	0.006729976023818254
411	10	0.005504109196637163
411	11	0.0048152564245006226
411	12	0.004273241665372791
411	13	0.003940506235843725
411	14	0.003592089650370991
411	15	0.003232659111765487
411	16	0.002891995424982445
411	17	0.0025347023714222547
411	18	0.002178125116137992
411	19	0.0017893809467704296
411	20	0.001455565204772143
411	21	0.02818309590025945
416	1	0.05225951985726607
416	2	0.04617153538966927
416	3	0.041612686190042436
416	4	0.03636530678430914
416	5	0.033097400741993487
416	6	0.023749030205764875
416	7	0.013635049049739001
416	8	0.009232582489849282
416	9	0.006673929414264508
416	10	0.0054616452346840025
416	11	0.004774522622462052
416	12	0.004293970521690384
416	13	0.0038968356298633073
416	14	0.0035487129184405847
416	15	0.003186052077035517
416	16	0.002850928988051545
416	17	0.00251268978327393
416	18	0.002142783492823105
416	19	0.0017596914488867352
416	20	0.0014194553437866142
416	21	0.027242979806972222
421	1	0.052140234589012
421	2	0.045998592161041504
421	3	0.041415486321453185
421	4	0.03790640871623721
421	5	0.03300882395155805
421	6	0.023641340888739516
421	7	0.014989781213997674
421	8	0.009180100234694743
421	9	0.006635238436227993
421	10	0.005426287923561153
421	11	0.004739348667452071
421	12	0.0042438527696186164
421	13	0.00379284328531385
421	14	0.003510501908363578
421	15	0.0031164856808226834
421	16	0.0028091244736420952
421	17	0.0024750520801701263
421	18	0.0021027207401428205
421	19	0.0017180671030601648
421	20	0.0013856436435992008
421	21	0.026535901373721353
426	1	0.05211805562118645
426	2	0.04596102025828766
426	3	0.04134942485517539
426	4	0.03777049819860537
426	5	0.033152040787138085
426	6	0.02353741537703235
426	7	0.014910286531900163
426	8	0.009138444486881777
426	9	0.0065928589695003915
426	10	0.005378460649735486
426	11	0.0047067429769313725
426	12	0.004219290822038984
426	13	0.003783518061813256
426	14	0.003469914773171975
426	15	0.003103883523659817
426	16	0.0027669270899080313
426	17	0.0024165984125562954
426	18	0.002085661257701329
426	19	0.0016864198568350174
426	20	0.0013548927367673554
426	21	0.02587914983614491
431	1	0.051990967078206524
431	2	0.04580988533699712
431	3	0.04134837658639411
431	4	0.03769076937891523
431	5	0.0328028179826177
431	6	0.023455998504666356
431	7	0.014838968961785604
431	8	0.009085170594978563
431	9	0.006557335335077394
431	10	0.00533870078633608
431	11	0.004644525187807955
431	12	0.004190374621955886
431	13	0.003744123764390089
431	14	0.003479997514102802
431	15	0.003064492720933622
431	16	0.002725462581299846
431	17	0.0023825893097714733
431	18	0.002042920098728835
431	19	0.0016572258092281003
431	20	0.00132611085038978
431	21	0.025122252827726038
436	1	0.05205857035074516
436	2	0.04573499075803314
436	3	0.04118530173083687
436	4	0.037676413195327135
436	5	0.03297813672458169
436	6	0.02336856175453146
436	7	0.014775705191051373
436	8	0.00903692878707647
436	9	0.006523293250643571
436	10	0.005323702571291194
436	11	0.00464305705458401
436	12	0.004160895217174063
436	13	0.003771950550268216
436	14	0.0034351727942519674
436	15	0.003031927585573987
436	16	0.0026940572894374407
436	17	0.0023563570523349466
436	18	0.0019999160250154377
436	19	0.0016248096877781305
436	20	0.0012985295833967973
436	21	0.024454902543370426
441	1	0.05198435705779843
441	2	0.04566883179909707
441	3	0.04107769099657753
441	4	0.03740249530672088
441	5	0.03260031447454155
441	6	0.023301932826794554
441	7	0.014707419205552642
441	8	0.00898532800480489
441	9	0.006487159816545092
441	10	0.005299964198467131
441	11	0.004615467422670275
441	12	0.004131262218768528
441	13	0.0037464723707574983
441	14	0.0033901951222391857
441	15	0.003002949386838108
441	16	0.0026663090330509426
441	17	0.0023197109678799715
441	18	0.001969359535235604
441	19	0.0015947717008066569
441	20	0.0012718628255443906
441	21	0.023813500418524643
446	1	0.05194585263034508
446	2	0.04561527633326883
446	3	0.04101344834951138
446	4	0.03736706527784776
446	5	0.032432917985485366
446	6	0.023245766951097882
446	7	0.01466967248954858
446	8	0.008947733093785258
446	9	0.006464566342527869
446	10	0.005274841709209941
446	11	0.0045958102852616724
446	12	0.004104002474679585
446	13	0.0037203668595259818
446	14	0.003368187547623182
446	15	0.0029317380329392847
446	16	0.0026362264539096982
446	17	0.00229250580211785
446	18	0.0019438112117119428
446	19	0.0015550256119354925
446	20	0.0012489717963523037
446	21	0.02317182410484792
451	1	0.051919574176831046
451	2	0.04608461783378555
451	3	0.041033063626951485
451	4	0.03736822331047581
451	5	0.03250487799218117
451	6	0.023191720216541353
451	7	0.014459840675458
451	8	0.008919754209999202
451	9	0.006467093349944694
451	10	0.005251873039286741
451	11	0.0045712813336455755
451	12	0.004090766256312433
451	13	0.003697983936590447
451	14	0.003356314890632841
451	15	0.002955308979436279
451	16	0.0026096633781893075
451	17	0.0022668020402993273
451	18	0.001915498081498779
451	19	0.0016681274533046912
451	20	0.0012206323508976505
451	21	0.02264245141293029
456	1	0.0518924498367699
456	2	0.04552565449463877
456	3	0.04083370807193043
456	4	0.0321305874744039
456	5	0.03244196972617454
456	6	0.02299401366636014
456	7	0.014610009761944869
456	8	0.008909756511962689
456	9	0.006434827184630796
456	10	0.005233748095856729
456	11	0.004552338627680719
456	12	0.0040683354813040515
456	13	0.003636963029087464
456	14	0.0033449596956669457
456	15	0.002932123175931359
456	16	0.002585358442166328
456	17	0.002237664080851831
456	18	0.0018927864358974978
456	19	0.0015210761215123402
456	20	0.0011977753349644699
456	21	0.022200080096070367
461	1	0.05186074291024503
461	2	0.04556771129684745
461	3	0.04081925719616628
461	4	0.037209977168793214
461	5	0.03181663193174731
461	6	0.023079076888549058
461	7	0.014582751543826919
461	8	0.008883122625441567
461	9	0.006399061620859264
461	10	0.005215371110018576
461	11	0.004534391910035927
461	12	0.004051375786954647
461	13	0.003660850461684079
461	14	0.003319773620959137
461	15	0.002880160674914606
461	16	0.0025619005564998043
461	17	0.002115082278964369
461	18	0.0018710527513124927
461	19	0.00149969858098015
461	20	0.0011774456761375236
461	21	0.021652902776633697
466	1	0.05188053559730416
466	2	0.04561162951682271
466	3	0.037509677929862026
466	4	0.03730233004866136
466	5	0.03248032374682462
466	6	0.023030399926155548
466	7	0.01468454300401336
466	8	0.008888820320433491
466	9	0.0063785253016846385
466	10	0.005251557432957634
466	11	0.004519078131185378
466	12	0.004033557386730967
466	13	0.0036357211520197342
466	14	0.003301566603620972
466	15	0.0028768819046157395
466	16	0.0025415795567573134
466	17	0.0020951916133231043
466	18	0.0018564739713277864
466	19	0.0014794432637127816
466	20	0.0011583731858385822
466	21	0.021247767890591095
471	1	0.0519457993728602
471	2	0.04556581545467776
471	3	0.04081223762901706
471	4	0.03734265164456699
471	5	0.0325126545857468
471	6	0.022954554247087866
471	7	0.014542899605976812
471	8	0.00886920848529586
471	9	0.006474720976932323
471	10	0.005238316175042444
471	11	0.00451127548296381
471	12	0.00402032969624439
471	13	0.0036276459312187584
471	14	0.0032777820933819995
471	15	0.0028668824238869397
471	16	0.002523366362953015
471	17	0.0021704513736681154
471	18	0.0018298985870799536
471	19	0.0014682168232221687
471	20	0.0011403314422663267
471	21	0.020813205813955103
476	1	0.052099084539774784
476	2	0.045557096504529715
476	3	0.040965255830901916
476	4	0.03742370554834734
476	5	0.032509534275572786
476	6	0.02294037652459741
476	7	0.014487908959299836
476	8	0.008867660724978027
476	9	0.0063622718986101135
476	10	0.0051937854529486
476	11	0.0045427312348854144
476	12	0.004007894344946623
476	13	0.003618553403138595
476	14	0.0032751811069555025
476	15	0.0028537077459367096
476	16	0.0025077648839226937
476	17	0.002152862081883116
476	18	0.0018143785082341626
476	19	0.00144812673377893
476	20	0.0011256585083985575
476	21	0.020412353011781535
481	1	0.052073969089803857
481	2	0.0456967243368302
481	3	0.04103193732591415
481	4	0.03659651272166295
481	5	0.032506549656738944
481	6	0.023060128771985607
481	7	0.014488125692300376
481	8	0.008860421161877876
481	9	0.006352895904775727
481	10	0.005191479233065601
481	11	0.004498595194004411
481	12	0.004002348061533597
481	13	0.003607464342123703
481	14	0.00326496381122671
481	15	0.0028447190649668
481	16	0.0024945284584382463
481	17	0.0021423376056157652
481	18	0.0017993345396482394
481	19	0.0014327506075025832
481	20	0.0010603697810189995
481	21	0.020068212967137435
486	1	0.052256643603686634
486	2	0.045693415521123444
486	3	0.04104947383607105
486	4	0.03738947762707936
486	5	0.032564889357962715
486	6	0.023189276607319086
486	7	0.014498558521440113
486	8	0.008856084650753165
486	9	0.006351666826420048
486	10	0.00518918875614798
486	11	0.004496105187887031
486	12	0.003998826544871572
486	13	0.003596484050409089
486	14	0.0032608292708832974
486	15	0.002828314859352381
486	16	0.002484559050753789
486	17	0.0021284996204945523
486	18	0.0017857247965901882
486	19	0.00141983005738916
486	20	0.0010978343288162479
486	21	0.01980936362502626
491	1	0.052339084200013285
491	2	0.0458458710891686
491	3	0.04085903038548749
491	4	0.03748243299219995
491	5	0.032608086972647235
491	6	0.023111284727574403
491	7	0.01449761255628457
491	8	0.00915892178508797
491	9	0.0063542934509231595
491	10	0.005172742056675586
491	11	0.00449817193207647
491	12	0.004028260759963587
491	13	0.003592129524049893
491	14	0.003243955268314013
491	15	0.0028212309288957065
491	16	0.0025003958557293115
491	17	0.0021199619025413503
491	18	0.0017728874780044144
491	19	0.0014079592869327923
491	20	0.001086360364715692
491	21	0.019505453379991825
496	1	0.05238422463793542
496	2	0.04590632465277976
496	3	0.04124289279726381
496	4	0.037523889865657856
496	5	0.03269076963997862
496	6	0.023153183958344183
496	7	0.014616184441056303
496	8	0.008866282338298021
496	9	0.00635523746282411
496	10	0.00517450762609643
496	11	0.004499056321629167
496	12	0.003995545390289623
496	13	0.0035906038630120793
496	14	0.003243612353875795
496	15	0.0028243135171631883
496	16	0.0024628672558116805
496	17	0.0021093454922401665
496	18	0.0017614199922206385
496	19	0.0013980802013081992
496	20	0.001091979775399087
496	21	0.019269215390886114
501	1	0.052556118679406474
501	2	0.046041161442081285
501	3	0.04136646084323469
501	4	0.037657507770524803
501	5	0.03271061099891469
501	6	0.023327334402646376
501	7	0.01453773781543341
501	8	0.008876557592382102
501	9	0.006361843819622945
501	10	0.005179706461036651
501	11	0.004513991955027326
501	12	0.003999046445028811
501	13	0.0035918415617715717
501	14	0.003241608627263397
501	15	0.0028214248818649455
501	16	0.0024235864934179286
501	17	0.0021010323584793257
501	18	0.0017489035870158671
501	19	0.001390406235279455
501	20	0.0010673875872296255
501	21	0.019076410845369787