1	1	0.009720373559098659
1	2	0.008047886824156705
1	3	0.010681683036038309
1	4	0.011539925497434704
1	5	0.012719792658261108
1	6	0.015021387955041047
1	7	0.017046156175297967
1	8	0.016289589820792767
1	9	0.01415345886317531
1	10	0.012474799674081886
1	11	0.011306998663470784
1	12	0.010249952919876812
1	13	0.009289181009342092
1	14	0.008275009868573397
1	15	0.006854898431618771
1	16	0.005664864111312893
1	17	0.004230510230748837
1	18	0.0031219027202996907
1	19	0.0023056413167379837
1	20	0.0018930602115231968
1	21	0.03509084757081999
6	1	0.011182407830548587
6	2	0.011395807865387972
6	3	0.01219559242400982
6	4	0.013090718116471663
6	5	0.01431471859056899
6	6	0.01674738951262437
6	7	0.018603601718156667
6	8	0.017605290137969513
6	9	0.015240169381861785
6	10	0.013454178089950922
6	11	0.01223353854542357
6	12	0.011190916193668505
6	13	0.009938268549442932
6	14	0.009186833472509915
6	15	0.007764837393585209
6	16	0.006598940306171251
6	17	0.005087446281509593
6	18	0.0039504654569669
6	19	0.0028321012359443804
6	20	0.002843981228228801
6	21	0.06128032920274415
11	1	0.012830520021598315
11	2	0.013039653540936901
11	3	0.013862761824411193
11	4	0.01480251600870778
11	5	0.016017738004289742
11	6	0.01858676180348096
11	7	0.020374927055980808
11	8	0.01909613845669561
11	9	0.01650399098938294
11	10	0.014600814265948378
11	11	0.013327983644679738
11	12	0.012244577178718172
11	13	0.011312804388288529
11	14	0.010279242196356486
11	15	0.008919514296017977
11	16	0.0077391454805034255
11	17	0.006168694086523303
11	18	0.0050212386525383245
11	19	0.0042805683623814384
11	20	0.004260907043446152
11	21	0.09672071206020458
16	1	0.014663310471743869
16	2	0.014882672847725448
16	3	0.01574425052138594
16	4	0.01671203908924199
16	5	0.018033662968259437
16	6	0.02056938659248569
16	7	0.0222948832732668
16	8	0.02074209638691381
16	9	0.01787487874320435
16	10	0.015737196308334117
16	11	0.014510513182039511
16	12	0.013440258964112235
16	13	0.012506384613258946
16	14	0.011653877837224519
16	15	0.01018955316043462
16	16	0.00893946734266337
16	17	0.007408748788488085
16	18	0.006284040271067571
16	19	0.005600992569616662
16	20	0.005403668977383504
16	21	0.13794521251200534
21	1	0.016700538919254326
21	2	0.016923831370399284
21	3	0.01785302739561319
21	4	0.01834185664383021
21	5	0.020098627558908684
21	6	0.022676768144993264
21	7	0.02430076099930175
21	8	0.02275026835863335
21	9	0.019344362581219136
21	10	0.017125464408469928
21	11	0.015762692359638432
21	12	0.014731980621351304
21	13	0.013760635990265193
21	14	0.012976541687229457
21	15	0.011451286471681914
21	16	0.010277791625667715
21	17	0.008737387131100177
21	18	0.007642080364738124
21	19	0.007003521969481756
21	20	0.007242572324777638
21	21	0.18008293319652605
26	1	0.018751601481943665
26	2	0.019160992333957093
26	3	0.02005378280758501
26	4	0.021057078881946023
26	5	0.022241285451717954
26	6	0.024957103223369484
26	7	0.02645435955299543
26	8	0.024652677183832686
26	9	0.020785613652601717
26	10	0.018448659350825354
26	11	0.01701069760695948
26	12	0.015978500281302956
26	13	0.015075889839233237
26	14	0.014068567081746065
26	15	0.012840025695941285
26	16	0.011679965358183204
26	17	0.010118805346481565
26	18	0.009046114085158216
26	19	0.008433437037362716
26	20	0.008729304374184841
26	21	0.22091035167917747
31	1	0.021389097803411423
31	2	0.02160606923819791
31	3	0.02251438499586964
31	4	0.023526766202778313
31	5	0.024185889356198385
31	6	0.027409926945101585
31	7	0.02873285234543681
31	8	0.026061673631203843
31	9	0.022299629292500765
31	10	0.019970315432520314
31	11	0.01830061080373781
31	12	0.017227028223549525
31	13	0.01639614289141254
31	14	0.01563518928858838
31	15	0.01418679831664995
31	16	0.012982719566563997
31	17	0.011479502545052481
31	18	0.0104266754990451
31	19	0.009837516296321895
31	20	0.010234177704591126
31	21	0.25961189247652555
36	1	0.024051022318844623
36	2	0.024255011041270046
36	3	0.025171010882737047
36	4	0.026132209801583234
36	5	0.02736692199478132
36	6	0.029925241372652865
36	7	0.03079275622476565
36	8	0.027808965699086308
36	9	0.02376133841871301
36	10	0.020998875781881744
36	11	0.019554011400163177
36	12	0.018453447137070658
36	13	0.017617048961156397
36	14	0.016947408791965237
36	15	0.015472101236133278
36	16	0.014341641368624985
36	17	0.012804229107801077
36	18	0.01176866796633566
36	19	0.01118141901981971
36	20	0.01257590470604019
36	21	0.29488611706875595
41	1	0.026930217223594944
41	2	0.027123184124313145
41	3	0.027995267396332325
41	4	0.02891587633279131
41	5	0.027277984071450444
41	6	0.03253717660767692
41	7	0.033049971581823274
41	8	0.029607235818592
41	9	0.025166905792772032
41	10	0.022208537400591397
41	11	0.020711291322867375
41	12	0.01962885723343479
41	13	0.01858249631344694
41	14	0.018186216738244745
41	15	0.016745880843777948
41	16	0.015633417423806494
41	17	0.014085507710414828
41	18	0.013042512802077475
41	19	0.012424312428330501
41	20	0.01288604748117239
41	21	0.3264759816104565
46	1	0.03004913497826543
46	2	0.030109565616653837
46	3	0.030946413278100222
46	4	0.03182237582167232
46	5	0.026403668099067322
46	6	0.03494077238965997
46	7	0.03532542983269653
46	8	0.03130953188183427
46	9	0.026502467913215227
46	10	0.023444222958060385
46	11	0.021826883574833436
46	12	0.02076823319312264
46	13	0.01994121943253392
46	14	0.01935716589141057
46	15	0.017911451059209573
46	16	0.016847147525481554
46	17	0.015253623188792576
46	18	0.01421536220879809
46	19	0.01355731060586282
46	20	0.014021349485120972
46	21	0.3527301897336842
51	1	0.033288050584504826
51	2	0.03333185704541697
51	3	0.034129220416639586
51	4	0.03497550278149641
51	5	0.03583069345636315
51	6	0.03804986031423004
51	7	0.03761357259877551
51	8	0.032908036110175225
51	9	0.027766986387863183
51	10	0.02455014986867317
51	11	0.022864143028225287
51	12	0.021791672167426508
51	13	0.021062900257691666
51	14	0.020449001581484494
51	15	0.018888735226391947
51	16	0.017933161824660395
51	17	0.016359405389736913
51	18	0.015302425057631526
51	19	0.014614146269597813
51	20	0.015002418684524827
51	21	0.37702035100979087
56	1	0.03678532286109339
56	2	0.03679478923160552
56	3	0.037505407022280196
56	4	0.03822530171505839
56	5	0.038936648576057574
56	6	0.03889031800970288
56	7	0.039679755675810585
56	8	0.034558829395057805
56	9	0.028820546323156962
56	10	0.025704955180815465
56	11	0.023841235579619643
56	12	0.02273226501734251
56	13	0.022035072622400075
56	14	0.021453046463220837
56	15	0.019968917498047325
56	16	0.01899546289411474
56	17	0.01735896773910377
56	18	0.016284135957371562
56	19	0.015520637592432959
56	20	0.01585822019455508
56	21	0.39616186266637476
61	1	0.04050161451561701
61	2	0.04037701800560153
61	3	0.018712691493443033
61	4	0.04161314031190552
61	5	0.04218209511720459
61	6	0.04367681931398254
61	7	0.04202705016180356
61	8	0.03608217094321436
61	9	0.029917754670926215
61	10	0.026539970238104775
61	11	0.02477685740418983
61	12	0.02361216801214243
61	13	0.02293576604296756
61	14	0.02238239823036794
61	15	0.020890785490464775
61	16	0.01988005139632081
61	17	0.018256994546716233
61	18	0.01715194266852088
61	19	0.01631804903113085
61	20	0.016614753335270613
61	21	0.4167718008629352
66	1	0.04429086082738147
66	2	0.04398755374518323
66	3	0.04463103918110794
66	4	0.04505195534888584
66	5	0.045329583150005834
66	6	0.04457028603277493
66	7	0.04427614172971557
66	8	0.037485070969071034
66	9	0.03109718470328586
66	10	0.027408857878123725
66	11	0.02554271814283278
66	12	0.02442674430196034
66	13	0.023679130533563787
66	14	0.02322384748159739
66	15	0.021749337928353995
66	16	0.020681232550328082
66	17	0.019068756798171962
66	18	0.017924426817755145
66	19	0.017017374603206674
66	20	0.017236382383023822
66	21	0.43103320068147244
71	1	0.04833666858575742
71	2	0.04809741599398444
71	3	0.04850677382397275
71	4	0.04861620992050955
71	5	0.04873601249055066
71	6	0.049621170577556134
71	7	0.046260647229952
71	8	0.03877266585128503
71	9	0.03218060984536393
71	10	0.028190588657106573
71	11	0.026248814184256973
71	12	0.02515244189428294
71	13	0.024389795677546438
71	14	0.024045770409089312
71	15	0.022539243425422562
71	16	0.021410439026251442
71	17	0.019835751813578995
71	18	0.018586018218666588
71	19	0.017600808350424327
71	20	0.01775012685912332
71	21	0.4428329604536884
76	1	0.05262867613064774
76	2	0.05217798226270267
76	3	0.05232250404797929
76	4	0.05236169861277318
76	5	0.05212476969769356
76	6	0.05235846082017523
76	7	0.048331815216799745
76	8	0.0399921086008181
76	9	0.03286578814767909
76	10	0.028902067981287794
76	11	0.02695290152737232
76	12	0.025767011922636786
76	13	0.02500726527191289
76	14	0.024640616527169822
76	15	0.0232144649359795
76	16	0.022125432561697755
76	17	0.020433660924353662
76	18	0.019159143285470363
76	19	0.018033698898404386
76	20	0.01816266644816268
76	21	0.4524849278069142
81	1	0.0572719348547775
81	2	0.05632968747824561
81	3	0.056268178857445304
81	4	0.05582961178555096
81	5	0.05556212140860602
81	6	0.055119910958870554
81	7	0.050242129489889
81	8	0.04099787156757984
81	9	0.033615187606394065
81	10	0.02947708665460326
81	11	0.027449988934934947
81	12	0.02633124448478232
81	13	0.02546404176041729
81	14	0.025212346677620418
81	15	0.023722296413968346
81	16	0.02267765971528579
81	17	0.020958893065938913
81	18	0.019637841995574435
81	19	0.01840822012499862
81	20	0.01850371556900021
81	21	0.4597807819847283
86	1	0.06103204873080238
86	2	0.06057500635800672
86	3	0.06045934797562591
86	4	0.059566969818756615
86	5	0.05899399831001702
86	6	0.05796347426109197
86	7	0.05207487873397177
86	8	0.042178136982894764
86	9	0.034317974145878706
86	10	0.030013628818638834
86	11	0.027937361046154588
86	12	0.02673543043909
86	13	0.02592902322593362
86	14	0.025686186780509157
86	15	0.024238504299003837
86	16	0.02317283407218895
86	17	0.021359301983412782
86	18	0.02001718937554867
86	19	0.018758868294519785
86	20	0.018749204182558318
86	21	0.46491440569322184
91	1	0.06595434050574485
91	2	0.06505343517939849
91	3	0.06447809602740334
91	4	0.06342335577181857
91	5	0.0623077752284774
91	6	0.06070013085456646
91	7	0.05377945473077593
91	8	0.0428598599552737
91	9	0.03490722220488343
91	10	0.0304621089850585
91	11	0.028331397291733913
91	12	0.027127375533067138
91	13	0.026477992227391074
91	14	0.02603272983259412
91	15	0.02462722061645785
91	16	0.023716958130185747
91	17	0.022734926954980854
91	18	0.020335352731919536
91	19	0.018961632691978196
91	20	0.018921867663775956
91	21	0.46761802851708195
96	1	0.0705493200007004
96	2	0.06949245591992896
96	3	0.06847235878652079
96	4	0.0673433719180058
96	5	0.0657957500762033
96	6	0.06303961706869128
96	7	0.05629574636040363
96	8	0.04379876488308937
96	9	0.03539101062987256
96	10	0.03083706441318894
96	11	0.028667171459934464
96	12	0.027453490818963866
96	13	0.026753034943526734
96	14	0.02637679347324554
96	15	0.02495523526598184
96	16	0.023814441303913955
96	17	0.021940801660863686
96	18	0.020556186116910825
96	19	0.019114787436535517
96	20	0.019000220368754494
96	21	0.4693872901159173
101	1	0.074309474692919
101	2	0.07412766961180292
101	3	0.07287083099940374
101	4	0.0713973096954378
101	5	0.06918744399363076
101	6	0.06562854992084115
101	7	0.056993983041843506
101	8	0.04448435988118131
101	9	0.03582079440946938
101	10	0.031179041985048603
101	11	0.028956358116002428
101	12	0.02771777638871179
101	13	0.026965499029509097
101	14	0.02662202816127017
101	15	0.025178988700855234
101	16	0.024042129862227476
101	17	0.022125823899600532
101	18	0.020695182955291033
101	19	0.01918263975462421
101	20	0.01903229452500008
101	21	0.4696026074413327
106	1	0.08010173221284812
106	2	0.07853729601253373
106	3	0.07713820099307697
106	4	0.07541736303917006
106	5	0.07247603593874691
106	6	0.06848989008185784
106	7	0.04955287509664045
106	8	0.04509763922057695
106	9	0.036208064271259666
106	10	0.03144149973732567
106	11	0.030454134411026373
106	12	0.027924760317240754
106	13	0.027118538975757313
106	14	0.02672306676101447
106	15	0.025444238673422485
106	16	0.02418139184002718
106	17	0.022259289389259102
106	18	0.020787329554941624
106	19	0.020702888972842688
106	20	0.01900925172114521
106	21	0.468485379479111
111	1	0.08461277770055772
111	2	0.0830956804991625
111	3	0.08092020284216055
111	4	0.0791891289851615
111	5	0.07582445130845608
111	6	0.07095948255078666
111	7	0.05014866054068751
111	8	0.045855520569956384
111	9	0.03655357533733175
111	10	0.0315744844034815
111	11	0.029321579434460097
111	12	0.02803556541548323
111	13	0.028212903680903883
111	14	0.02689206906813806
111	15	0.025602692006321977
111	16	0.024277898698655195
111	17	0.02234144010028026
111	18	0.020772943309711498
111	19	0.02068276977197009
111	20	0.01893028845264188
111	21	0.46618648108942484
116	1	0.08916856096795486
116	2	0.08688670903284372
116	3	0.08514004197881615
116	4	0.08288841345474353
116	5	0.07910682893158179
116	6	0.07301092468686958
116	7	0.06111527579008644
116	8	0.04904198954461791
116	9	0.03666699675330613
116	10	0.031740131769593914
116	11	0.029363524969084846
116	12	0.028074042741204695
116	13	0.027332874105773907
116	14	0.026966946376553367
116	15	0.02555563615124993
116	16	0.024296349767032124
116	17	0.02235915165755581
116	18	0.02073937848581259
116	19	0.020604643342725416
116	20	0.018812988252580796
116	21	0.4628348993029944
121	1	0.09452098934456069
121	2	0.09184692350602318
121	3	0.08922907150846539
121	4	0.08628266782681046
121	5	0.0825742334004919
121	6	0.07510550324834878
121	7	0.061902630061475894
121	8	0.04839850823865075
121	9	0.03677423833204445
121	10	0.031825148630644784
121	11	0.029445739458060897
121	12	0.028072551421274083
121	13	0.027572282573389353
121	14	0.027148037399987637
121	15	0.025545628898944
121	16	0.02427599402681102
121	17	0.022318822936232094
121	18	0.02065886048130186
121	19	0.018977603906232748
121	20	0.01865821329486551
121	21	0.4585430193716133
126	1	0.09921940113095466
126	2	0.09616029499937273
126	3	0.09304106646604082
126	4	0.08971296211272474
126	5	0.08488692300406044
126	6	0.07716470284544978
126	7	0.06291279544387872
126	8	0.046476655483277826
126	9	0.03683118351428442
126	10	0.03139505915793331
126	11	0.029132511402465307
126	12	0.02805657562642114
126	13	0.027345717545864172
126	14	0.02700423551302047
126	15	0.025404430666392957
126	16	0.024194600054947838
126	17	0.022218137659490555
126	18	0.020575674529541017
126	19	0.018799433829437915
126	20	0.018473096903190156
126	21	0.4534385127049568
131	1	0.10327760496470606
131	2	0.10037825992374033
131	3	0.09686208674783862
131	4	0.09315130205656477
131	5	0.08769570419810829
131	6	0.07894092590136441
131	7	0.06432294228611217
131	8	0.047652844198520235
131	9	0.038950923391576645
131	10	0.03374193305540309
131	11	0.03139068103217356
131	12	0.028040340088216095
131	13	0.027200351103649496
131	14	0.026764396268112677
131	15	0.02537076915555999
131	16	0.024083502531873788
131	17	0.02208788271307522
131	18	0.020466248350541283
131	19	0.018597300921893125
131	20	0.018257425151945745
131	21	0.4476087436316429
136	1	0.10826990264759201
136	2	0.10446865901783862
136	3	0.10045013699996157
136	4	0.09657926494275587
136	5	0.09051241562789278
136	6	0.08065048956329618
136	7	0.06491875784502098
136	8	0.04707667596621773
136	9	0.03670074946742447
136	10	0.031646725955125216
136	11	0.029241133413986927
136	12	0.029430056284362793
136	13	0.027062878671076252
136	14	0.02663661227566466
136	15	0.025190711638006343
136	16	0.023912935959652774
136	17	0.021880397033968196
136	18	0.020219760642145927
136	19	0.01837216462820552
136	20	0.017999334041209205
136	21	0.4411483275696423
141	1	0.11250273026810431
141	2	0.10853616515191149
141	3	0.10352810097415364
141	4	0.10047226517464777
141	5	0.09311283744126869
141	6	0.0820994610941991
141	7	0.054816650347788584
141	8	0.04723413728229013
141	9	0.03663670357553559
141	10	0.03153964101213422
141	11	0.029094419919471277
141	12	0.0277223608798238
141	13	0.027258284507177308
141	14	0.026423530204570923
141	15	0.025011676083056423
141	16	0.023708267920775378
141	17	0.021650111315351005
141	18	0.019970317776566878
141	19	0.018112718237272653
141	20	0.017730312927660617
141	21	0.43409979255621295
146	1	0.11691671041552239
146	2	0.11183067482515563
146	3	0.1071384779557897
146	4	0.10245852334954664
146	5	0.09543003930707067
146	6	0.08360442885060788
146	7	0.06580782338155149
146	8	0.04716622177532693
146	9	0.03610117358928691
146	10	0.031371017683199186
146	11	0.028899283866376527
146	12	0.027500950764939903
146	13	0.028750136483577524
146	14	0.02623302569917888
146	15	0.024765571737390565
146	16	0.024560801539214576
146	17	0.02137218469896391
146	18	0.01968704507698239
146	19	0.017831282189329955
146	20	0.017435254737224536
146	21	0.4265534125073243
151	1	0.12058776689408986
151	2	0.11528243865993343
151	3	0.11061693805075921
151	4	0.10543853584011703
151	5	0.09757025370186731
151	6	0.08477680785781624
151	7	0.06543873653364561
151	8	0.047004066977083134
151	9	0.03633306053665716
151	10	0.0311144523375691
151	11	0.028673261293043727
151	12	0.027234150551566978
151	13	0.02640756775719727
151	14	0.026170142029693977
151	15	0.024373202504483084
151	16	0.024332215407186424
151	17	0.021125087259760294
151	18	0.019372367294032446
151	19	0.017531762576716483
151	20	0.017107094090346643
151	21	0.4187430484347363
156	1	0.12419974170226987
156	2	0.1161542736733676
156	3	0.11352547982580666
156	4	0.10711049778206659
156	5	0.0993822012101494
156	6	0.0854632899707359
156	7	0.06519150559475287
156	8	0.046873683761459874
156	9	0.03917962154392815
156	10	0.03339881847232149
156	11	0.028406200435342546
156	12	0.026957462845001015
156	13	0.02613468063462383
156	14	0.025684159936293055
156	15	0.024070383505222403
156	16	0.022958355653078463
156	17	0.02070691335987474
156	18	0.02056957182872428
156	19	0.017225293358167467
156	20	0.016792504559507898
156	21	0.41038848463573796
161	1	0.12809428569838682
161	2	0.12226052428705868
161	3	0.11559054015611703
161	4	0.11030348821051994
161	5	0.10097963821194819
161	6	0.0871344114982925
161	7	0.0654114378422539
161	8	0.04671935482528662
161	9	0.035802673923000586
161	10	0.03056453968791899
161	11	0.03038951239141403
161	12	0.02665403759542623
161	13	0.025800792278115537
161	14	0.02729673849186808
161	15	0.023770435886309595
161	16	0.022619736205254416
161	17	0.022223272987885026
161	18	0.020235732645473396
161	19	0.016888513251167844
161	20	0.016447281938157785
161	21	0.4017053550476356
166	1	0.13147612022294672
166	2	0.12524584926982654
166	3	0.1186196866002173
166	4	0.1123975074199985
166	5	0.1028200107638045
166	6	0.08781358374087081
166	7	0.06617710971020041
166	8	0.050523656746866076
166	9	0.03547739931166059
166	10	0.030224815275791062
166	11	0.027727178309570798
166	12	0.02855636585809323
166	13	0.02548446808242256
166	14	0.025002739325177024
166	15	0.02346444960851584
166	16	0.024359850897948628
166	17	0.021868388776957178
166	18	0.019855366349745867
166	19	0.016543274788231314
166	20	0.01609014279236905
166	21	0.39270246674172254
171	1	0.13462870110535274
171	2	0.1279437552047837
171	3	0.12082775470520142
171	4	0.11414227611500524
171	5	0.10443534178273957
171	6	0.08835834142619589
171	7	0.06608774182341526
171	8	0.04624754742710215
171	9	0.03510414181066358
171	10	0.029898373269127868
171	11	0.027202741238404694
171	12	0.02596001902441054
171	13	0.027334835017182944
171	14	0.026849242623058094
171	15	0.025243252155055088
171	16	0.02392211704090716
171	17	0.021524556073277305
171	18	0.019442247278147615
171	19	0.016185702032289168
171	20	0.015726745797197877
171	21	0.3835740463291873
176	1	0.13748309571085202
176	2	0.1304088633682967
176	3	0.12291547972806355
176	4	0.1157433897269536
176	5	0.10508880903294572
176	6	0.08880181966800677
176	7	0.06616177183854843
176	8	0.04567241185726684
176	9	0.03634342341490485
176	10	0.029488104801840328
176	11	0.027017020435379634
176	12	0.02562502451629095
176	13	0.024431219274056767
176	14	0.02638331929697783
176	15	0.02646146381007369
176	16	0.02143413976749324
176	17	0.0193522684364264
176	18	0.01904314680053186
176	19	0.015849373732401577
176	20	0.01535452222381837
176	21	0.3742533096386909
181	1	0.14019430185245682
181	2	0.13236071715626535
181	3	0.12478297971304907
181	4	0.11817986291290572
181	5	0.10653910051429884
181	6	0.08864684363671003
181	7	0.06597448142725357
181	8	0.04423151447321797
181	9	0.034261351408833726
181	10	0.02910405576464712
181	11	0.026671751743488185
181	12	0.024840035300746056
181	13	0.024039912771172612
181	14	0.02396799787208646
181	15	0.0221628647320765
181	16	0.021015996271967145
181	17	0.01895465588936983
181	18	0.01717745782224342
181	19	0.015476471492942538
181	20	0.014972373110295582
181	21	0.364692525832295
186	1	0.14247391313542784
186	2	0.13469615686131592
186	3	0.12645867707599495
186	4	0.11812392614868987
186	5	0.10759752329987617
186	6	0.06746629698960212
186	7	0.06568625491920974
186	8	0.04492083182873545
186	9	0.03386669067916464
186	10	0.029915826772802818
186	11	0.026218424634296238
186	12	0.024497619086042248
186	13	0.02348825634559569
186	14	0.023655903926585037
186	15	0.02299441828868659
186	16	0.020501634148238017
186	17	0.018536023540131938
186	18	0.016827997971344554
186	19	0.015103738667994703
186	20	0.014588639535746987
186	21	0.3551286666727405
191	1	0.14441182018323132
191	2	0.13644095450627056
191	3	0.12759494655464318
191	4	0.11919958770434208
191	5	0.10811285135291536
191	6	0.08926585028685009
191	7	0.06888682574033844
191	8	0.04475134761556732
191	9	0.033368790941331536
191	10	0.02828497319714514
191	11	0.026867015109613635
191	12	0.024123725477218742
191	13	0.023236443765692498
191	14	0.022810716104174674
191	15	0.022558112867919325
191	16	0.021497934482646936
191	17	0.018018430748029828
191	18	0.01642880168775556
191	19	0.0146991699871291
191	20	0.014200773959529655
191	21	0.34553276576070213
196	1	0.14694982265479034
196	2	0.13787823401643196
196	3	0.12897003137772683
196	4	0.1204586118995311
196	5	0.10859447118876604
196	6	0.08922034812170825
196	7	0.06469634371212317
196	8	0.04420238645901712
196	9	0.03288997698930715
196	10	0.027571283083648496
196	11	0.025369143849315164
196	12	0.02395858186881745
196	13	0.02279752761137891
196	14	0.022362351308397654
196	15	0.020862020702149906
196	16	0.02101581429492299
196	17	0.017632967939600775
196	18	0.01602606449250009
196	19	0.014305192046922273
196	20	0.013811037560919545
196	21	0.3357766681128449
201	1	0.1485840263496746
201	2	0.13935266667518437
201	3	0.12991197268674393
201	4	0.12107512919058677
201	5	0.10926881455755877
201	6	0.08905889346342698
201	7	0.06419149699971655
201	8	0.04347505313047474
201	9	0.03241101385638879
201	10	0.027378301279970364
201	11	0.026093303600797382
201	12	0.02527359836534383
201	13	0.022613438046271733
201	14	0.02296728269797027
201	15	0.020349612784370343
201	16	0.01921217298220009
201	17	0.0171957443359405
201	18	0.015603453690415882
201	19	0.013866879212643164
201	20	0.0134247643836398
201	21	0.32613823888557386
206	1	0.14987414251437897
206	2	0.1428194827881508
206	3	0.13053392843174885
206	4	0.12161273631508003
206	5	0.10946588313222813
206	6	0.08877201387265041
206	7	0.06358753065929927
206	8	0.04239791989388497
206	9	0.03217319723794782
206	10	0.026924135896072184
206	11	0.024454980907352954
206	12	0.02303983381205895
206	13	0.023087428380751028
206	14	0.021553069390154368
206	15	0.019967846287585526
206	16	0.01877077066719938
206	17	0.017721352693060473
206	18	0.015178698662246512
206	19	0.013467429228226233
206	20	0.013032939325684192
206	21	0.3164983811748546
211	1	0.1512142171199288
211	2	0.1417742848639813
211	3	0.13102147199534447
211	4	0.12266434623646444
211	5	0.10964170956171732
211	6	0.08816369893279787
211	7	0.0629271082950977
211	8	0.0418669083496024
211	9	0.03137720493459174
211	10	0.026389019983364053
211	11	0.024010841120106773
211	12	0.022561194330017235
211	13	0.021682368735012895
211	14	0.02105284832194952
211	15	0.019494365598410363
211	16	0.018271637952100878
211	17	0.017190414085339615
211	18	0.014681524350911508
211	19	0.013070802620848717
211	20	0.012642932937108612
211	21	0.306821297583626
216	1	0.15231623055671367
216	2	0.1391437447374994
216	3	0.13184234071450493
216	4	0.12202583871164138
216	5	0.1093672450756236
216	6	0.08787882678790121
216	7	0.06187555215471925
216	8	0.04122624059886129
216	9	0.030766113444936002
216	10	0.025888325266329323
216	11	0.023547629866917642
216	12	0.02210983823935059
216	13	0.02128108547350466
216	14	0.020562174918363797
216	15	0.018999170491108355
216	16	0.017870391101926012
216	17	0.015807146298627416
216	18	0.015027996204266637
216	19	0.012675743935288883
216	20	0.01225352367662146
216	21	0.29715284815694554
221	1	0.152906056566797
221	2	0.14187666192850185
221	3	0.13155939080608484
221	4	0.12171574806233644
221	5	0.10911143832290883
221	6	0.08720021589699159
221	7	0.061416426899557196
221	8	0.04081161616693135
221	9	0.030069676079432638
221	10	0.02536839107539825
221	11	0.023059503458191955
221	12	0.02163700922457353
221	13	0.020760018530948356
221	14	0.020068762425592853
221	15	0.01852961433952051
221	16	0.017284068232844764
221	17	0.015385511008829613
221	18	0.014539091019366563
221	19	0.012282352386027526
221	20	0.01186733778242224
221	21	0.28758684205289814
226	1	0.15337534784776738
226	2	0.14199318988475046
226	3	0.13153662969513183
226	4	0.1216431490584739
226	5	0.0966795443613099
226	6	0.08645627905371898
226	7	0.06055622921659598
226	8	0.03987841438330532
226	9	0.02916354287853345
226	10	0.024875824799254043
226	11	0.022555973265934528
226	12	0.0211697990596736
226	13	0.020259810113668703
226	14	0.01957302489575976
226	15	0.01808682783801206
226	16	0.016798626734510002
226	17	0.014970935362674603
226	18	0.014056229101501111
226	19	0.011885887465941353
226	20	0.011482689190839309
226	21	0.2780710340682244
231	1	0.15370756973036384
231	2	0.1417915169900518
231	3	0.13152733995985402
231	4	0.12145142753771984
231	5	0.10830511908504606
231	6	0.08448365599646997
231	7	0.060112684299649694
231	8	0.0391771364807235
231	9	0.02862898077231511
231	10	0.024387039797818866
231	11	0.022073266968697186
231	12	0.02065818951482073
231	13	0.01972401578678959
231	14	0.019077820424717472
231	15	0.017538347199857893
231	16	0.016387240457389755
231	17	0.01450871415496054
231	18	0.0129771151648645
231	19	0.011511047357161894
231	20	0.01110191175193941
231	21	0.2686591335999222
236	1	0.15387872051752446
236	2	0.14175216956863632
236	3	0.13042729719970755
236	4	0.12084591097499896
236	5	0.07255986808213252
236	6	0.08679792643022036
236	7	0.059012877886822655
236	8	0.038458970202625405
236	9	0.02840388567540928
236	10	0.02381051191329864
236	11	0.021552259557698208
236	12	0.020169980687525343
236	13	0.019242084137682736
236	14	0.018630562260536294
236	15	0.01705842734301295
236	16	0.015834496183222708
236	17	0.01407084987885057
236	18	0.012559647930268418
236	19	0.011127266642670473
236	20	0.010717859084997188
236	21	0.2593610298556903
241	1	0.15366703201891424
241	2	0.14131345391739375
241	3	0.13039614263308896
241	4	0.12016435726316174
241	5	0.10693630361117615
241	6	0.08388589346904834
241	7	0.05816971680028094
241	8	0.0377454611589215
241	9	0.027955086403462677
241	10	0.023293040102887623
241	11	0.02105448488957
241	12	0.01968809465980417
241	13	0.01874022781602405
241	14	0.01810962526325064
241	15	0.01658065856030629
241	16	0.015332476920057419
241	17	0.013655872271727255
241	18	0.012145505510439565
241	19	0.010752573904813044
241	20	0.010343680940472484
241	21	0.2501780039596769
246	1	0.15340073524065895
246	2	0.14089191293585596
246	3	0.1296313591727768
246	4	0.11963376184071729
246	5	0.1060477052719637
246	6	0.08288792756220037
246	7	0.05701338036457608
246	8	0.03699908410828835
246	9	0.027326706269667395
246	10	0.022777171959734215
246	11	0.020555671061619808
246	12	0.019179252615190583
246	13	0.018263375190671702
246	14	0.017551319835744216
246	15	0.016101164491499804
246	16	0.014895908409206302
246	17	0.013220499804175433
246	18	0.01170621936931512
246	19	0.010393553973740094
246	20	0.009965381869730476
246	21	0.24110274000249288
251	1	0.15302097591857416
251	2	0.14023652196682798
251	3	0.11031498611472298
251	4	0.1185331147249254
251	5	0.10516843726296574
251	6	0.08183866403348432
251	7	0.05612584799110577
251	8	0.03624714561351461
251	9	0.026721447541830805
251	10	0.022265125360925914
251	11	0.0200666969277205
251	12	0.018703222100783068
251	13	0.017759219414722287
251	14	0.01705907871413833
251	15	0.015642529152585904
251	16	0.014426100486869438
251	17	0.012799369236858234
251	18	0.011306235044625447
251	19	0.010012510494143876
251	20	0.009601709264156306
251	21	0.23222562129587437
256	1	0.15224214859161364
256	2	0.13949567348838038
256	3	0.12793472853172583
256	4	0.0755414652435692
256	5	0.1040494176180185
256	6	0.08064450260860835
256	7	0.05524149696752896
256	8	0.035497269370590494
256	9	0.026137848886112095
256	10	0.02176372989594028
256	11	0.01958427512136792
256	12	0.01822329600691805
256	13	0.017290809219178555
256	14	0.016576069685595125
256	15	0.015158548350422124
256	16	0.013962286842812742
256	17	0.012355914253288426
256	18	0.01085468378945862
256	19	0.00965319117125429
256	20	0.009244292353415262
256	21	0.2234801109811847
261	1	0.1515437841460029
261	2	0.13842391381574676
261	3	0.12684332315276403
261	4	0.11660756050818605
261	5	0.10291606019679907
261	6	0.07950822163226222
261	7	0.054055478983923044
261	8	0.034755377393390234
261	9	0.02555105027176629
261	10	0.021285714674033406
261	11	0.019143260685331374
261	12	0.01774371072996721
261	13	0.016791582938016195
261	14	0.016091977017709362
261	15	0.014687928826379773
261	16	0.01350728153914805
261	17	0.011925527003945433
261	18	0.010542457170121929
261	19	0.009767871780975452
261	20	0.008899666871626277
261	21	0.21483387183147976
266	1	0.15066936415383664
266	2	0.13742410254116097
266	3	0.1269412694884854
266	4	0.11543085427818624
266	5	0.10175660124900544
266	6	0.0783415107805758
266	7	0.05305293104163714
266	8	0.03397588642793775
266	9	0.02496973885164551
266	10	0.02078226879676759
266	11	0.01866122318269829
266	12	0.017277614790022176
266	13	0.016317769715616756
266	14	0.015608482581441756
266	15	0.014219084539451692
266	16	0.013046118625219049
266	17	0.011530652431762857
266	18	0.010194806973644211
266	19	0.00937290250582888
266	20	0.008554076707980795
266	21	0.20635004923941236
271	1	0.1494767029416058
271	2	0.13619922898247647
271	3	0.12445989180266678
271	4	0.11238189685695274
271	5	0.10036133969600758
271	6	0.07711314164694634
271	7	0.052070790613802445
271	8	0.03323206045420562
271	9	0.024401197522876453
271	10	0.020296029549617397
271	11	0.01819070753028376
271	12	0.016845857312612983
271	13	0.015847616326676462
271	14	0.015141707631830752
271	15	0.013763515659305633
271	16	0.012602507802845775
271	17	0.011094476235115397
271	18	0.009805291247955785
271	19	0.008984719229032365
271	20	0.0082114743432321
271	21	0.19806058386108516
276	1	0.14866030351810472
276	2	0.0817298154797996
276	3	0.12288104827887462
276	4	0.11247443320226674
276	5	0.09975695529079896
276	6	0.07588539460881166
276	7	0.05106663717641677
276	8	0.032493802272773
276	9	0.023845929825551383
276	10	0.019799293019026002
276	11	0.017735391321052795
276	12	0.01638753657652201
276	13	0.015389321576343833
276	14	0.014679717339726821
276	15	0.013316709332346674
276	16	0.012176442721967204
276	17	0.010646583440834568
276	18	0.009369784146583945
276	19	0.008251953429018589
276	20	0.007884239033244866
276	21	0.18996316764071075
281	1	0.14720335713208801
281	2	0.1335410759192767
281	3	0.12169789377955967
281	4	0.11146655162573248
281	5	0.09783648487430022
281	6	0.07469259368466147
281	7	0.05003227297034586
281	8	0.03177353720956873
281	9	0.023281023426689224
281	10	0.019310808409320018
281	11	0.017275177186035346
281	12	0.015933113467245023
281	13	0.014940676187551932
281	14	0.014221599402572456
281	15	0.012880424795075812
281	16	0.011748733457245612
281	17	0.010257830247726233
281	18	0.009005274269596535
281	19	0.007921594023217939
281	20	0.007560419958237008
281	21	0.1819875260653959
286	1	0.1458289157413423
286	2	0.13195501411142285
286	3	0.12000133365314226
286	4	0.11004037694438433
286	5	0.09644686693828115
286	6	0.07334400907236079
286	7	0.049001563396106666
286	8	0.031030515168176353
286	9	0.02272697924443407
286	10	0.018831629409086063
286	11	0.016824606626657135
286	12	0.015493361668850293
286	13	0.014499181197655392
286	14	0.013757111866457814
286	15	0.01243968161623617
286	16	0.011339384759667014
286	17	0.009866992160433788
286	18	0.008614109329980964
286	19	0.007589907252896003
286	20	0.007247170705844655
286	21	0.17401295185139493
291	1	0.144235388953606
291	2	0.13117795854682898
291	3	0.11864806207984388
291	4	0.1084612848872473
291	5	0.09514228382950332
291	6	0.07202323906887226
291	7	0.047945630153312206
291	8	0.030338507470903612
291	9	0.02216305414221334
291	10	0.018396589981420044
291	11	0.016378632485835903
291	12	0.015066900315433217
291	13	0.014089303254960954
291	14	0.01330036220711448
291	15	0.012014853421993533
291	16	0.01092334921426793
291	17	0.009483815492706462
291	18	0.0083304354043112
291	19	0.007268195283798255
291	20	0.006930054948940903
291	21	0.16632660030028396
296	1	0.14005647764918644
296	2	0.12882301702486476
296	3	0.1169946789138094
296	4	0.10221368360613257
296	5	0.09216870772892004
296	6	0.07072942375786187
296	7	0.04761857466373938
296	8	0.02963101251252815
296	9	0.02163518351432689
296	10	0.017919401383429078
296	11	0.015939640117708986
296	12	0.014639629960220132
296	13	0.013659125958018522
296	14	0.012867917173144953
296	15	0.011598325726469426
296	16	0.010505835161008208
296	17	0.009119140973275635
296	18	0.007948372675907318
296	19	0.006959697505674606
296	20	0.006629636122967041
296	21	0.15891912323497465
301	1	0.13877424756208695
301	2	0.12731936517171452
301	3	0.1151127385175916
301	4	0.10547049220618684
301	5	0.09235235544821961
301	6	0.0694143665730485
301	7	0.04599465518383873
301	8	0.028981208402554838
301	9	0.021133945621602743
301	10	0.01742632514284396
301	11	0.015538165801649996
301	12	0.014221170246389005
301	13	0.013242610816798886
301	14	0.012446287709596174
301	15	0.011190671225839504
301	16	0.0101095492457594
301	17	0.00875354441194462
301	18	0.0076240276595767814
301	19	0.006586449646902947
301	20	0.006306835719843909
301	21	0.15165374621511385
306	1	0.13711014535418717
306	2	0.1250189563868086
306	3	0.11388800909955431
306	4	0.10388643113009427
306	5	0.09081127559704529
306	6	0.06808869435995399
306	7	0.04499712640525398
306	8	0.028243516596702926
306	9	0.02058634117237226
306	10	0.01696801355073709
306	11	0.015091002737022585
306	12	0.013807318407269226
306	13	0.012843201556290058
306	14	0.012032505045538966
306	15	0.010783739231209438
306	16	0.009721653052622445
306	17	0.008395993526393641
306	18	0.007251282019795919
306	19	0.006349949410750338
306	20	0.006025144460542536
306	21	0.14454263049623778
311	1	0.13806615003278597
311	2	0.11794969906248465
311	3	0.10735519554857255
311	4	0.10229359927693132
311	5	0.0892972081854124
311	6	0.06676167771260184
311	7	0.044006355023356446
311	8	0.027548426983672707
311	9	0.02002771060214875
311	10	0.01657474085416612
311	11	0.01466616500190221
311	12	0.013435952120308965
311	13	0.012444109062202125
311	14	0.011651496000786039
311	15	0.010394781486797237
311	16	0.009346129487910517
311	17	0.008048483059782348
311	18	0.0068772549442359335
311	19	0.0060179610661485455
311	20	0.005781148294645154
311	21	0.1376684250019493
316	1	0.13661210045725244
316	2	0.12273684827373026
316	3	0.11049094314115776
316	4	0.10070911247462169
316	5	0.08866706430531401
316	6	0.06545793551009549
316	7	0.04298243961528565
316	8	0.026879623310243968
316	9	0.01953520601988337
316	10	0.016149109072120436
316	11	0.014262070559181165
316	12	0.013019466092914676
316	13	0.012052258703097514
316	14	0.011253509392081723
316	15	0.009996670529653367
316	16	0.008978060040063063
316	17	0.00769976439333863
316	18	0.006704494460183603
316	19	0.005741196872815234
316	20	0.005508139373055912
316	21	0.13094576745916278
321	1	0.1349214071520591
321	2	0.12025773096575994
321	3	0.10874570891121887
321	4	0.09911353270832046
321	5	0.08632127020455951
321	6	0.06416581978698158
321	7	0.042100433884981414
321	8	0.02624495987169695
321	9	0.019099101137733762
321	10	0.015728993781268782
321	11	0.01387147200052934
321	12	0.012623962702469366
321	13	0.011672164478906885
321	14	0.010880711773334755
321	15	0.009640285721117116
321	16	0.008619943173035481
321	17	0.007355368815809746
321	18	0.006400505890934479
321	19	0.005530101134737828
321	20	0.00521770070544273
321	21	0.1242693723827911
326	1	0.13326858528320706
326	2	0.11883397060101918
326	3	0.10718495350712355
326	4	0.09746210783531764
326	5	0.08486422485712351
326	6	0.06293033356553906
326	7	0.04115540297892464
326	8	0.025679745015312096
326	9	0.01865236541192334
326	10	0.015324397094229718
326	11	0.013526762376432135
326	12	0.01225080459710702
326	13	0.011327089995894683
326	14	0.010505007651312778
326	15	0.00927946270967285
326	16	0.00827009124912735
326	17	0.007053467464549504
326	18	0.005993601934061069
326	19	0.005244880509954003
326	20	0.004925990500039565
326	21	0.11797337181400686
331	1	0.13147776687639923
331	2	0.1170510707471267
331	3	0.10550350651344703
331	4	0.09587911973831109
331	5	0.08334345515671657
331	6	0.06164888232348288
331	7	0.03825690355348049
331	8	0.024993055967559675
331	9	0.01800701750932543
331	10	0.014875547900464612
331	11	0.013126624822797393
331	12	0.011876819072146853
331	13	0.010948987598617807
331	14	0.010144364223134486
331	15	0.00891559117469436
331	16	0.007929137038002552
331	17	0.0067544659150690235
331	18	0.005800609585204583
331	19	0.004947956842589811
331	20	0.004665102887065919
331	21	0.11201664391339637
336	1	0.12982538207002636
336	2	0.11541813444065029
336	3	0.10386814069859461
336	4	0.09427412360928135
336	5	0.08203639677732978
336	6	0.06044177686304747
336	7	0.039247623486540664
336	8	0.02447124981599675
336	9	0.01760355469632516
336	10	0.014514557606334605
336	11	0.012805591018904196
336	12	0.011451763386775348
336	13	0.010588354685866674
336	14	0.009799049126495653
336	15	0.008592150396157355
336	16	0.007600917836379826
336	17	0.006446116181017446
336	18	0.005521031817025715
336	19	0.004676938090099626
336	20	0.004681872211788235
336	21	0.10566385094727196
341	1	0.12819255248203298
341	2	0.11366901730384686
341	3	0.10214453050082102
341	4	0.09245483504203227
341	5	0.08052616004096716
341	6	0.05926362976056834
341	7	0.03838287291279112
341	8	0.023698253960278713
341	9	0.017310895081998828
341	10	0.01417952468084108
341	11	0.012453805079321485
341	12	0.011101658188335231
341	13	0.010248022104259444
341	14	0.009474262255933738
341	15	0.008270116481570378
341	16	0.007280477509758737
341	17	0.006161794560007789
341	18	0.005254650101235679
341	19	0.004442007027902686
341	20	0.004410889644674078
341	21	0.09956357998592644
346	1	0.12649455943194154
346	2	0.11206120938826923
346	3	0.10060164817568525
346	4	0.09090826439046029
346	5	0.07932836149777577
346	6	0.058068766882794595
346	7	0.037520899529291045
346	8	0.023201398536884434
346	9	0.016882958434029014
346	10	0.013633780439070068
346	11	0.012327068226239876
346	12	0.010887011256499119
346	13	0.009938718184823102
346	14	0.009116416269607831
346	15	0.007957638424569117
346	16	0.006973432391055685
346	17	0.00588082537189981
346	18	0.005000883415551233
346	19	0.004218708916993243
346	20	0.003990056688100167
346	21	0.09512390616148216
351	1	0.12482647932815474
351	2	0.11037127020862557
351	3	0.09858911276029972
351	4	0.08933552160030742
351	5	0.07794248639303983
351	6	0.05679727254037238
351	7	0.03669335257717782
351	8	0.022726530490233997
351	9	0.016404252140546513
351	10	0.013237176453969279
351	11	0.011768616556446222
351	12	0.010790436400989563
351	13	0.00962946258093929
351	14	0.008810275362289698
351	15	0.007653618580806829
351	16	0.006677334797785645
351	17	0.005605806357430264
351	18	0.004750805157560366
351	19	0.0040223950166204045
351	20	0.0037315208039136872
351	21	0.08900049273736234
356	1	0.12322724229721738
356	2	0.10878994651896548
356	3	0.09668125022182873
356	4	0.08813123390284791
356	5	0.07650778519153074
356	6	0.055673339706223055
356	7	0.035903589385043774
356	8	0.02224564994238965
356	9	0.01587369523947224
356	10	0.013056855610538261
356	11	0.011302137851647387
356	12	0.010264910031124189
356	13	0.009323321236829721
356	14	0.008488988469658475
356	15	0.007373106175613781
356	16	0.006414224082621923
356	17	0.0053413461729704586
356	18	0.004511260308374894
356	19	0.00379480659451991
356	20	0.0035516966176074327
356	21	0.08393997207621041
361	1	0.12161574535243234
361	2	0.10696886627022617
361	3	0.09625021333005467
361	4	0.08674334426063052
361	5	0.07509749525600942
361	6	0.05452989785196788
361	7	0.0351159575750459
361	8	0.02174582789566195
361	9	0.015553542338594517
361	10	0.012711842212756553
361	11	0.010976750206578838
361	12	0.009994233948559965
361	13	0.009182351007435597
361	14	0.008198049618263262
361	15	0.0070884560429168445
361	16	0.006144400427115383
361	17	0.005088773897542115
361	18	0.004279354721431714
361	19	0.00363517235779717
361	20	0.0033327875030879145
361	21	0.07878782607698591
366	1	0.12025587953889397
366	2	0.10525460067551021
366	3	0.09484238458068363
366	4	0.08539466267448864
366	5	0.07387375262947464
366	6	0.05351855379587357
366	7	0.03425917681394703
366	8	0.02130992051948399
366	9	0.015338076417261154
366	10	0.012328400706434931
366	11	0.010811415420538761
366	12	0.009713610782362034
366	13	0.008750883679281427
366	14	0.007914727924014927
366	15	0.006780188826657273
366	16	0.005856337086987166
366	17	0.004845274291569734
366	18	0.004055814330062551
366	19	0.0034240326654293054
366	20	0.003172977452327994
366	21	0.07458197146396343
371	1	0.11858188505155377
371	2	0.10373941464530373
371	3	0.09341216868272378
371	4	0.08398385176965689
371	5	0.07259015292026452
371	6	0.052259253177534146
371	7	0.033657177628374585
371	8	0.020854737928186526
371	9	0.014975792365013082
371	10	0.01189434375641156
371	11	0.010557419134415994
371	12	0.009440527944179032
371	13	0.008458612104945463
371	14	0.007680400177099859
371	15	0.006515113756342416
371	16	0.005602717395626625
371	17	0.004609620473481966
371	18	0.0038421209587198163
371	19	0.003230347328615276
371	20	0.002931489072651354
371	21	0.06951261777390426
376	1	0.11691483442622658
376	2	0.10224515508695667
376	3	0.09171495406828825
376	4	0.08374940224186167
376	5	0.07177135865422668
376	6	0.05139200988121165
376	7	0.03296404919686872
376	8	0.02037247377517201
376	9	0.014407340979847458
376	10	0.011568428416896448
376	11	0.010206858383338848
376	12	0.009064075223286318
376	13	0.008092894432909668
376	14	0.007495305400825734
376	15	0.006276911070824983
376	16	0.005382084249526256
376	17	0.004403899041058745
376	18	0.00363467010509352
376	19	0.0030349579885029197
376	20	0.002775679999716093
376	21	0.06516130065236998
381	1	0.11540733059204868
381	2	0.10090918951261446
381	3	0.0907593593854496
381	4	0.08138848405889065
381	5	0.07032574171478578
381	6	0.05063632606092011
381	7	0.03232843427181588
381	8	0.01992742045577031
381	9	0.01395925243006963
381	10	0.011415583226349248
381	11	0.009813137806609442
381	12	0.008736659745283157
381	13	0.00794799048066696
381	14	0.007150337590516034
381	15	0.006031944624085352
381	16	0.005149014278536462
381	17	0.00418939164697237
381	18	0.003437068372479208
381	19	0.002857913009397175
381	20	0.002620951541329317
381	21	0.06084184150705585
386	1	0.11415123584313663
386	2	0.09961402973597404
386	3	0.08906609588842908
386	4	0.08018610643571442
386	5	0.0689103887337831
386	6	0.049746726093149354
386	7	0.03168375818803423
386	8	0.019079343780746872
386	9	0.013771717764488304
386	10	0.011165075998714823
386	11	0.009680059176135979
386	12	0.008661614008836572
386	13	0.007754488337198237
386	14	0.006907376701248489
386	15	0.005914992781930029
386	16	0.004907810901865452
386	17	0.003969211114669052
386	18	0.0032482303308347515
386	19	0.0026873324580459893
386	20	0.0024624084949549977
386	21	0.05925475449782034
391	1	0.11262957449375449
391	2	0.0984186873906533
391	3	0.08783762872665173
391	4	0.07905596428936355
391	5	0.06836237923405389
391	6	0.04886040692993054
391	7	0.03110230682389462
391	8	0.019055075185809855
391	9	0.013745980659749357
391	10	0.01111496840439698
391	11	0.009422596562090619
391	12	0.008396239772550093
391	13	0.007520226367393879
391	14	0.006673527280301133
391	15	0.005592518832950928
391	16	0.004691305377272172
391	17	0.0037750634725545545
391	18	0.003068082386271473
391	19	0.0025135906588471374
391	20	0.0023036200618145224
391	21	0.05310676789553782
396	1	0.11176046833988323
396	2	0.09673967835421146
396	3	0.08699856957121713
396	4	0.07808213878337396
396	5	0.06702718892870298
396	6	0.04818244473241748
396	7	0.030526002015812834
396	8	0.018643318667445966
396	9	0.013510593796184802
396	10	0.010710393158819415
396	11	0.009246823023339994
396	12	0.00831435740700489
396	13	0.007288807487887212
396	14	0.006459127026577971
396	15	0.005383645374346478
396	16	0.004489855116058273
396	17	0.003602106167496671
396	18	0.0028978077904399046
396	19	0.002368142608249069
396	20	0.0021453703291019525
396	21	0.04917649252767458
401	1	0.11067677530461602
401	2	0.09607227513366978
401	3	0.08563689333264322
401	4	0.07691897831530695
401	5	0.06627902117781011
401	6	0.04742750420321362
401	7	0.029994621786481605
401	8	0.018281743029669242
401	9	0.013579616987886966
401	10	0.010727734443291722
401	11	0.009225959752334638
401	12	0.007824371313845736
401	13	0.00698973785036765
401	14	0.006233620983572635
401	15	0.005186177248759257
401	16	0.004395107627747481
401	17	0.0034256511218183966
401	18	0.002745018304481526
401	19	0.002218901775023611
401	20	0.001997890470067711
401	21	0.04487428662321737
406	1	0.10944791543979399
406	2	0.09521810709618149
406	3	0.08511695376852348
406	4	0.0766116572996769
406	5	0.06539244980236839
406	6	0.04669846065432599
406	7	0.029526422357066505
406	8	0.018162998593970473
406	9	0.013005445579884275
406	10	0.010503052291074696
406	11	0.009001518898792393
406	12	0.007666689499163446
406	13	0.006917584418914677
406	14	0.00603463211667177
406	15	0.005005529824269899
406	16	0.004129663032184899
406	17	0.0032471723103404825
406	18	0.0025807958120169375
406	19	0.002077561880787158
406	20	0.0018629689334265177
406	21	0.041736375074513186
411	1	0.10792134760441913
411	2	0.0941893328247491
411	3	0.0840958024373656
411	4	0.07518410749621442
411	5	0.06458929412395432
411	6	0.045925091738604096
411	7	0.029053105936552234
411	8	0.017860282914818032
411	9	0.01279901944870785
411	10	0.01031721141016758
411	11	0.008834095102607641
411	12	0.007548793298106718
411	13	0.00675657452069249
411	14	0.005769000183371318
411	15	0.004836674834147313
411	16	0.00395971009530553
411	17	0.003084700368608143
411	18	0.002435435312649717
411	19	0.0019437426744171157
411	20	0.0017280249179036427
411	21	0.03936161942074009
416	1	0.10754152057068872
416	2	0.09336223289797638
416	3	0.08286029998036419
416	4	0.06901093520379911
416	5	0.06381859435658341
416	6	0.04529829205773296
416	7	0.023716711812418488
416	8	0.017587370067575034
416	9	0.01259398583998138
416	10	0.01014088824623657
416	11	0.008673775226942676
416	12	0.007569471909904582
416	13	0.006538329121640063
416	14	0.005601518255605768
416	15	0.004698220609939756
416	16	0.0038004661986862664
416	17	0.0030084052755250568
416	18	0.0023059009531876595
416	19	0.0018371464602067542
416	20	0.0016041172288012197
416	21	0.03622431263050708
421	1	0.10669641930098434
421	2	0.09239655409114594
421	3	0.0817627477631813
421	4	0.07364835294959343
421	5	0.06311895238091238
421	6	0.044775466956607946
421	7	0.028257010415118935
421	8	0.01728983573268054
421	9	0.01241484085901979
421	10	0.009990342836748618
421	11	0.008526788551027334
421	12	0.007392729253607218
421	13	0.006253622915636433
421	14	0.005455566713273796
421	15	0.004439604032785746
421	16	0.0036493188709695703
421	17	0.0028693165999274742
421	18	0.0021757436526815502
421	19	0.0017000442536944538
421	20	0.0014874841358864248
421	21	0.033403270655139386
426	1	0.10602152370729763
426	2	0.0919821244966502
426	3	0.0811112541947499
426	4	0.07288980461246282
426	5	0.06356463285494782
426	6	0.044239745314644335
426	7	0.027891588982940287
426	8	0.01712416746712732
426	9	0.012239359893820457
426	10	0.009847381692520477
426	11	0.008397278978737271
426	12	0.007245140822004729
426	13	0.006110789232568789
426	14	0.005296309569274784
426	15	0.004381526795657616
426	16	0.003518796372848644
426	17	0.002666794578840899
426	18	0.002092731774989493
426	19	0.0015877116802517353
426	20	0.0013769699507068653
426	21	0.03065626023043818
431	1	0.10535043397992584
431	2	0.09100285862118282
431	3	0.08049178680456745
431	4	0.07233293774610013
431	5	0.06194514839165921
431	6	0.04379185564952889
431	7	0.027534752762044826
431	8	0.01690905851143845
431	9	0.01209618759826719
431	10	0.009710514655184846
431	11	0.00827601311925322
431	12	0.007122559344623779
431	13	0.006023512683347333
431	14	0.005248836425632268
431	15	0.004238122967032468
431	16	0.0033693060609623583
431	17	0.002546029560046255
431	18	0.001971018464932713
431	19	0.0014898005890343095
431	20	0.0012798113596786211
431	21	0.028047309151240436
436	1	0.10537099520935707
436	2	0.09043676082006137
436	3	0.0800478971206512
436	4	0.07211950195816406
436	5	0.06225103188233306
436	6	0.043357145810882826
436	7	0.027296889955892092
436	8	0.016703425139419286
436	9	0.011953952011901163
436	10	0.009582809152546284
436	11	0.008149214119451933
436	12	0.007008939319978936
436	13	0.006083657834750971
436	14	0.005131532148439129
436	15	0.004112860673265918
436	16	0.0032501694506962566
436	17	0.002451924864511283
436	18	0.0018231213963970684
436	19	0.0013919487401889577
436	20	0.0011832502919508672
436	21	0.02565407534893746
441	1	0.1047472489875326
441	2	0.08996898846595118
441	3	0.07942372011819632
441	4	0.07130550611796597
441	5	0.06098722281208292
441	6	0.04301400423104668
441	7	0.027017299788762477
441	8	0.01650011906163026
441	9	0.011832576132469408
441	10	0.00948752875608729
441	11	0.008045934338728192
441	12	0.0068994160676573
441	13	0.005950664762458037
441	14	0.004968200935777944
441	15	0.004011154672287085
441	16	0.003141313775726063
441	17	0.002337093815516699
441	18	0.0017250350705830318
441	19	0.0012939320375963364
441	20	0.0010928440884995327
441	21	0.02339086557671317
446	1	0.10434758071556145
446	2	0.08953155294111007
446	3	0.07893990562737385
446	4	0.07104428444174571
446	5	0.06015549137871157
446	6	0.042715203694852585
446	7	0.026804063313885414
446	8	0.016363729874731888
446	9	0.01172879473935912
446	10	0.009396213990322571
446	11	0.007965516030788882
446	12	0.006822805736236622
446	13	0.005852145974362555
446	14	0.004882835727602599
446	15	0.0038294332302279827
446	16	0.003042061293232464
446	17	0.0022404610615961566
446	18	0.0016355585919786988
446	19	0.00120822172257085
446	20	0.0010066246942499319
446	21	0.02130554880994385
451	1	0.10404712243374942
451	2	0.08905165960503812
451	3	0.07863223823513986
451	4	0.07051581430191178
451	5	0.06039529808813835
451	6	0.042474446765131194
451	7	0.026619231996008047
451	8	0.01624271159510959
451	9	0.011721369044933804
451	10	0.009315932088081446
451	11	0.007887960401476251
451	12	0.006750609386786101
451	13	0.0057649264616472
451	14	0.004834917538525263
451	15	0.0038077792475797413
451	16	0.002951261565030308
451	17	0.0021565703535772274
451	18	0.0015530626600909704
451	19	0.0011430672344359969
451	20	0.0009251773352347696
451	21	0.019428814916122077
456	1	0.1036911908483325
456	2	0.08876377345664206
456	3	0.07832735075968748
456	4	0.06984129899387696
456	5	0.06006927953391367
456	6	0.04151290639038978
456	7	0.02644541721752159
456	8	0.01619099056227971
456	9	0.01164404507457119
456	10	0.009246702477324061
456	11	0.0078216207288508
456	12	0.006682396487413034
456	13	0.005688893781778422
456	14	0.004791219805342083
456	15	0.0037233172401105255
456	16	0.0028725615237779364
456	17	0.00207797346125307
456	18	0.0014773971048736253
456	19	0.0010617823364513675
456	20	0.0008529645695707125
456	21	0.01766913141842147
461	1	0.1033759567605643
461	2	0.08873433281150224
461	3	0.07820499152498914
461	4	0.07009320653666766
461	5	0.05814089403294809
461	6	0.04196586074493974
461	7	0.0263352153049647
461	8	0.016112801399640827
461	9	0.01149942817154422
461	10	0.009182959762658802
461	11	0.007757694664689198
461	12	0.006627946096294229
461	13	0.0056335996335287975
461	14	0.004707154657982441
461	15	0.0036526887726166008
461	16	0.0027964091782318526
461	17	0.0019928775803828725
461	18	0.001410940420828784
461	19	0.0009979216049505557
461	20	0.0007886672531122496
461	21	0.016021904624284537
466	1	0.10331464473355702
466	2	0.08898352635387817
466	3	0.06901672928124249
466	4	0.06999164411794076
466	5	0.059954081675407125
466	6	0.04177284929351844
466	7	0.026663424385435973
466	8	0.016112841212285116
466	9	0.011449440351586054
466	10	0.00940115958674727
466	11	0.007719674455137721
466	12	0.006579723493996318
466	13	0.005584545868726622
466	14	0.004661398238111661
466	15	0.0036005166003370125
466	16	0.0027348302187926365
466	17	0.0019296837959771741
466	18	0.0013510655629233525
466	19	0.0009407474712758763
466	20	0.0007305991765134377
466	21	0.01453403615290972
471	1	0.10324606451487468
471	2	0.08877708648771843
471	3	0.07818074561665117
471	4	0.07000843606244711
471	5	0.05997629380248065
471	6	0.04172866976402796
471	7	0.0261995457741407
471	8	0.016081510524927973
471	9	0.011925718149247672
471	10	0.009364737130479505
471	11	0.007716240629792846
471	12	0.006539281063169408
471	13	0.005546684631870959
471	14	0.004617001593032292
471	15	0.003562697088063586
471	16	0.0026823308538896163
471	17	0.0018829942153196322
471	18	0.0012969090576853935
471	19	0.0008910365949854005
471	20	0.0006781166500856421
471	21	0.013174405712101189
476	1	0.10372063681101268
476	2	0.08881863733954856
476	3	0.07827674194246108
476	4	0.07029021112337351
476	5	0.0600363936853804
476	6	0.041339422115316646
476	7	0.02614698082420277
476	8	0.01607112263074204
476	9	0.011408483427357789
476	10	0.009165198032492229
476	11	0.007889838732100632
476	12	0.00650822503385909
476	13	0.0055318971740582696
476	14	0.004577276490901168
476	15	0.003523712870208427
476	16	0.0026388550480208996
476	17	0.0018380354737727686
476	18	0.0012550921688318248
476	19	0.000845156921780475
476	20	0.0006324950462747213
476	21	0.011995099742109449
481	1	0.1038412228750191
481	2	0.08927288643640915
481	3	0.07844967433385368
481	4	0.06815785515493952
481	5	0.060008524724459125
481	6	0.04194006177563077
481	7	0.026194628150386524
481	8	0.016078066566467153
481	9	0.011400163907347412
481	10	0.00917509692255965
481	11	0.007692835160225079
481	12	0.006495582724774122
481	13	0.0055027485014246405
481	14	0.004552809678426847
481	15	0.00351689066283711
481	16	0.0026041310035659197
481	17	0.0018020332509601012
481	18	0.0012166517218635776
481	19	0.0008062792074903756
481	20	0.0005888662277367726
481	21	0.010940133192196362
486	1	0.10449105697132864
486	2	0.08931194003771194
486	3	0.0785778938340035
486	4	0.07026351803850062
486	5	0.0602621022715441
486	6	0.0425737313915167
486	7	0.026088012142012982
486	8	0.01609798035612829
486	9	0.011419036254979644
486	10	0.009188320293243067
486	11	0.007699745777847243
486	12	0.006495306634153292
486	13	0.005484063048069116
486	14	0.004552112319854449
486	15	0.0034792642607258738
486	16	0.0025844493814971225
486	17	0.001772253453912067
486	18	0.0011848876617806495
486	19	0.0007736262403038401
486	20	0.0005576376780186871
486	21	0.01005956326667018
491	1	0.10496390315412048
491	2	0.08966500435729695
491	3	0.07823992256591515
491	4	0.07068118328093825
491	5	0.06045972380758646
491	6	0.0421913807044754
491	7	0.02633238593090564
491	8	0.01759115473025052
491	9	0.011452396226107713
491	10	0.009131045857153939
491	11	0.00772706547606505
491	12	0.0066646081825386455
491	13	0.005487365374203427
491	14	0.0045426194754649395
491	15	0.003472722863482292
491	16	0.002564972054208953
491	17	0.0017548551812663173
491	18	0.0011605950982574089
491	19	0.0007476610171277365
491	20	0.0005286134919008888
491	21	0.009305543748402213
496	1	0.1052644405938353
496	2	0.09011827284768992
496	3	0.07944005619812403
496	4	0.07105802201313881
496	5	0.06087249003491349
496	6	0.04242605566899233
496	7	0.026733686548024257
496	8	0.016208180354755655
496	9	0.011489272631581848
496	10	0.009167413698609714
496	11	0.007755772346204557
496	12	0.006526709755264287
496	13	0.005501477101218169
496	14	0.004544388500230111
496	15	0.003474801870839669
496	16	0.0025558528930887617
496	17	0.0017410168025046944
496	18	0.0011386014221109833
496	19	0.0007272348556795804
496	20	0.0005602855671520804
496	21	0.008674470424060497
501	1	0.10600828649968808
501	2	0.09078513361010052
501	3	0.07999857568887687
501	4	0.07152055057858933
501	5	0.061008846209428744
501	6	0.043180661833530615
501	7	0.02661015731029332
501	8	0.016294664333205217
501	9	0.011545953673303275
501	10	0.009213899812471067
501	11	0.00785645801368901
501	12	0.006565990453680583
501	13	0.0055257400878848725
501	14	0.004560431002378417
501	15	0.003488551360116068
501	16	0.002441453672253868
501	17	0.0017313064107019665
501	18	0.0011272207490628347
501	19	0.0007156720503762097
501	20	0.0004883508297377498
501	21	0.008228749001980961