# Ea rad s(Ea,rad)
1.000000e+00 0.000000e+00 1.371745e-02
1.000000e+00 1.000000e+00 1.389483e-02
1.000000e+00 2.000000e+00 1.418907e-02
1.000000e+00 3.000000e+00 1.530099e-02
1.000000e+00 4.000000e+00 1.656315e-02
1.000000e+00 5.000000e+00 1.851954e-02
1.000000e+00 6.000000e+00 2.190859e-02
1.000000e+00 7.000000e+00 2.476150e-02
1.000000e+00 8.000000e+00 2.293886e-02
1.000000e+00 9.000000e+00 1.991768e-02
1.000000e+00 1.000000e+01 1.783418e-02
1.000000e+00 1.100000e+01 1.626218e-02
1.000000e+00 1.200000e+01 1.486188e-02
1.000000e+00 1.300000e+01 1.341116e-02
1.000000e+00 1.400000e+01 1.194890e-02
1.000000e+00 1.500000e+01 9.965221e-03
1.000000e+00 1.600000e+01 8.035334e-03
1.000000e+00 1.700000e+01 5.938714e-03
1.000000e+00 1.800000e+01 4.353942e-03
1.000000e+00 1.900000e+01 3.132836e-03
1.000000e+00 2.000000e+01 2.609857e-03
4.020202e+00 0.000000e+00 1.474989e-02
4.020202e+00 1.000000e+00 1.502614e-02
4.020202e+00 2.000000e+00 1.541740e-02
4.020202e+00 3.000000e+00 1.663507e-02
4.020202e+00 4.000000e+00 1.796762e-02
4.020202e+00 5.000000e+00 1.998230e-02
4.020202e+00 6.000000e+00 2.337043e-02
4.020202e+00 7.000000e+00 2.613289e-02
4.020202e+00 8.000000e+00 2.405409e-02
4.020202e+00 9.000000e+00 2.084350e-02
4.020202e+00 1.000000e+01 1.867296e-02
4.020202e+00 1.100000e+01 1.706567e-02
4.020202e+00 1.200000e+01 1.565589e-02
4.020202e+00 1.300000e+01 1.420263e-02
4.020202e+00 1.400000e+01 1.274761e-02
4.020202e+00 1.500000e+01 1.074252e-02
4.020202e+00 1.600000e+01 8.795126e-03
4.020202e+00 1.700000e+01 6.645804e-03
4.020202e+00 1.800000e+01 5.040570e-03
4.020202e+00 1.900000e+01 3.808992e-03
4.020202e+00 2.000000e+01 3.383474e-03
7.040404e+00 0.000000e+00 1.612942e-02
7.040404e+00 1.000000e+00 1.635474e-02
7.040404e+00 2.000000e+00 1.672355e-02
7.040404e+00 3.000000e+00 1.797089e-02
7.040404e+00 4.000000e+00 1.934954e-02
7.040404e+00 5.000000e+00 2.143535e-02
7.040404e+00 6.000000e+00 2.491789e-02
7.040404e+00 7.000000e+00 2.761315e-02
7.040404e+00 8.000000e+00 2.527139e-02
7.040404e+00 9.000000e+00 2.186462e-02
7.040404e+00 1.000000e+01 1.960494e-02
7.040404e+00 1.100000e+01 1.796474e-02
7.040404e+00 1.200000e+01 1.655123e-02
7.040404e+00 1.300000e+01 1.510301e-02
7.040404e+00 1.400000e+01 1.366530e-02
7.040404e+00 1.500000e+01 1.164736e-02
7.040404e+00 1.600000e+01 9.692974e-03
7.040404e+00 1.700000e+01 7.496958e-03
7.040404e+00 1.800000e+01 5.886237e-03
7.040404e+00 1.900000e+01 4.666329e-03
7.040404e+00 2.000000e+01 4.393170e-03
1.006061e+01 0.000000e+00 1.746987e-02
1.006061e+01 1.000000e+00 1.772401e-02
1.006061e+01 2.000000e+00 1.813681e-02
1.006061e+01 3.000000e+00 1.945246e-02
1.006061e+01 4.000000e+00 2.088443e-02
1.006061e+01 5.000000e+00 2.302642e-02
1.006061e+01 6.000000e+00 2.656021e-02
1.006061e+01 7.000000e+00 2.919138e-02
1.006061e+01 8.000000e+00 2.658415e-02
1.006061e+01 9.000000e+00 2.297259e-02
1.006061e+01 1.000000e+01 2.062040e-02
1.006061e+01 1.100000e+01 1.894825e-02
1.006061e+01 1.200000e+01 1.753505e-02
1.006061e+01 1.300000e+01 1.609751e-02
1.006061e+01 1.400000e+01 1.468492e-02
1.006061e+01 1.500000e+01 1.266070e-02
1.006061e+01 1.600000e+01 1.070781e-02
1.006061e+01 1.700000e+01 8.470415e-03
1.006061e+01 1.800000e+01 6.867234e-03
1.006061e+01 1.900000e+01 5.675517e-03
1.006061e+01 2.000000e+01 5.590673e-03
1.308081e+01 0.000000e+00 1.896627e-02
1.308081e+01 1.000000e+00 1.925184e-02
1.308081e+01 2.000000e+00 1.969027e-02
1.308081e+01 3.000000e+00 2.104903e-02
1.308081e+01 4.000000e+00 2.251513e-02
1.308081e+01 5.000000e+00 2.470079e-02
1.308081e+01 6.000000e+00 2.829278e-02
1.308081e+01 7.000000e+00 3.086167e-02
1.308081e+01 8.000000e+00 2.797652e-02
1.308081e+01 9.000000e+00 2.414969e-02
1.308081e+01 1.000000e+01 2.170095e-02
1.308081e+01 1.100000e+01 1.999696e-02
1.308081e+01 1.200000e+01 1.858685e-02
1.308081e+01 1.300000e+01 1.716420e-02
1.308081e+01 1.400000e+01 1.578277e-02
1.308081e+01 1.500000e+01 1.375757e-02
1.308081e+01 1.600000e+01 1.181324e-02
1.308081e+01 1.700000e+01 9.539483e-03
1.308081e+01 1.800000e+01 7.954481e-03
1.308081e+01 1.900000e+01 6.801061e-03
1.308081e+01 2.000000e+01 6.921450e-03
1.610101e+01 0.000000e+00 2.059735e-02
1.610101e+01 1.000000e+00 2.088797e-02
1.610101e+01 2.000000e+00 2.133440e-02
1.610101e+01 3.000000e+00 2.272921e-02
1.610101e+01 4.000000e+00 2.423014e-02
1.610101e+01 5.000000e+00 2.646290e-02
1.610101e+01 6.000000e+00 3.011695e-02
1.610101e+01 7.000000e+00 3.261215e-02
1.610101e+01 8.000000e+00 2.943154e-02
1.610101e+01 9.000000e+00 2.537810e-02
1.610101e+01 1.000000e+01 2.282856e-02
1.610101e+01 1.100000e+01 2.109225e-02
1.610101e+01 1.200000e+01 1.968702e-02
1.610101e+01 1.300000e+01 1.828231e-02
1.610101e+01 1.400000e+01 1.693653e-02
1.610101e+01 1.500000e+01 1.491455e-02
1.610101e+01 1.600000e+01 1.298442e-02
1.610101e+01 1.700000e+01 1.067874e-02
1.610101e+01 1.800000e+01 9.119791e-03
1.610101e+01 1.900000e+01 8.008590e-03
1.610101e+01 2.000000e+01 8.335238e-03
1.912121e+01 0.000000e+00 2.232016e-02
1.912121e+01 1.000000e+00 2.260786e-02
1.912121e+01 2.000000e+00 2.306562e-02
1.912121e+01 3.000000e+00 2.450306e-02
1.912121e+01 4.000000e+00 2.604239e-02
1.912121e+01 5.000000e+00 2.832081e-02
1.912121e+01 6.000000e+00 3.202609e-02
1.912121e+01 7.000000e+00 3.443105e-02
1.912121e+01 8.000000e+00 3.093356e-02
1.912121e+01 9.000000e+00 2.664172e-02
1.912121e+01 1.000000e+01 2.398711e-02
1.912121e+01 1.100000e+01 2.221759e-02
1.912121e+01 1.200000e+01 2.081824e-02
1.912121e+01 1.300000e+01 1.943351e-02
1.912121e+01 1.400000e+01 1.812654e-02
1.912121e+01 1.500000e+01 1.611099e-02
1.912121e+01 1.600000e+01 1.419934e-02
1.912121e+01 1.700000e+01 1.186544e-02
1.912121e+01 1.800000e+01 1.033762e-02
1.912121e+01 1.900000e+01 9.267203e-03
1.912121e+01 2.000000e+01 9.789151e-03
2.214141e+01 0.000000e+00 2.412699e-02
2.214141e+01 1.000000e+00 2.441960e-02
2.214141e+01 2.000000e+00 2.489858e-02
2.214141e+01 3.000000e+00 2.638260e-02
2.214141e+01 4.000000e+00 2.795757e-02
2.214141e+01 5.000000e+00 3.027301e-02
2.214141e+01 6.000000e+00 3.401282e-02
2.214141e+01 7.000000e+00 3.630778e-02
2.214141e+01 8.000000e+00 3.246856e-02
2.214141e+01 9.000000e+00 2.792646e-02
2.214141e+01 1.000000e+01 2.516265e-02
2.214141e+01 1.100000e+01 2.335876e-02
2.214141e+01 1.200000e+01 2.196564e-02
2.214141e+01 1.300000e+01 2.060211e-02
2.214141e+01 1.400000e+01 1.933598e-02
2.214141e+01 1.500000e+01 1.732916e-02
2.214141e+01 1.600000e+01 1.543905e-02
2.214141e+01 1.700000e+01 1.307981e-02
2.214141e+01 1.800000e+01 1.158555e-02
2.214141e+01 1.900000e+01 1.055019e-02
2.214141e+01 2.000000e+01 1.124819e-02
2.516162e+01 0.000000e+00 2.603013e-02
2.516162e+01 1.000000e+00 2.633790e-02
2.516162e+01 2.000000e+00 2.684338e-02
2.516162e+01 3.000000e+00 2.837081e-02
2.516162e+01 4.000000e+00 2.997364e-02
2.516162e+01 5.000000e+00 3.231440e-02
2.516162e+01 6.000000e+00 3.607120e-02
2.516162e+01 7.000000e+00 3.823261e-02
2.516162e+01 8.000000e+00 3.402412e-02
2.516162e+01 9.000000e+00 2.922015e-02
2.516162e+01 1.000000e+01 2.634324e-02
2.516162e+01 1.100000e+01 2.450366e-02
2.516162e+01 1.200000e+01 2.311663e-02
2.516162e+01 1.300000e+01 2.177485e-02
2.516162e+01 1.400000e+01 2.055060e-02
2.516162e+01 1.500000e+01 1.855407e-02
2.516162e+01 1.600000e+01 1.668744e-02
2.516162e+01 1.700000e+01 1.430490e-02
2.516162e+01 1.800000e+01 1.284436e-02
2.516162e+01 1.900000e+01 1.183510e-02
2.516162e+01 2.000000e+01 1.268474e-02
2.818182e+01 0.000000e+00 2.804344e-02
2.818182e+01 1.000000e+00 2.837132e-02
2.818182e+01 2.000000e+00 2.890210e-02
2.818182e+01 3.000000e+00 3.046523e-02
2.818182e+01 4.000000e+00 3.208642e-02
2.818182e+01 5.000000e+00 3.444048e-02
2.818182e+01 6.000000e+00 3.819624e-02
2.818182e+01 7.000000e+00 4.019649e-02
2.818182e+01 8.000000e+00 3.558931e-02
2.818182e+01 9.000000e+00 3.051235e-02
2.818182e+01 1.000000e+01 2.751881e-02
2.818182e+01 1.100000e+01 2.564214e-02
2.818182e+01 1.200000e+01 2.426066e-02
2.818182e+01 1.300000e+01 2.294059e-02
2.818182e+01 1.400000e+01 2.175848e-02
2.818182e+01 1.500000e+01 1.977314e-02
2.818182e+01 1.600000e+01 1.793094e-02
2.818182e+01 1.700000e+01 1.552641e-02
2.818182e+01 1.800000e+01 1.409775e-02
2.818182e+01 1.900000e+01 1.310342e-02
2.818182e+01 2.000000e+01 1.407767e-02
3.120202e+01 0.000000e+00 3.017460e-02
3.120202e+01 1.000000e+00 3.052154e-02
3.120202e+01 2.000000e+00 3.107267e-02
3.120202e+01 3.000000e+00 3.266247e-02
3.120202e+01 4.000000e+00 3.429261e-02
3.120202e+01 5.000000e+00 3.664811e-02
3.120202e+01 6.000000e+00 4.038318e-02
3.120202e+01 7.000000e+00 4.219097e-02
3.120202e+01 8.000000e+00 3.715454e-02
3.120202e+01 9.000000e+00 3.179417e-02
3.120202e+01 1.000000e+01 2.868085e-02
3.120202e+01 1.100000e+01 2.676570e-02
3.120202e+01 1.200000e+01 2.538892e-02
3.120202e+01 1.300000e+01 2.409011e-02
3.120202e+01 1.400000e+01 2.294972e-02
3.120202e+01 1.500000e+01 2.097590e-02
3.120202e+01 1.600000e+01 1.915828e-02
3.120202e+01 1.700000e+01 1.673237e-02
3.120202e+01 1.800000e+01 1.533217e-02
3.120202e+01 1.900000e+01 1.434029e-02
3.120202e+01 2.000000e+01 1.541137e-02
3.422222e+01 0.000000e+00 3.242532e-02
3.422222e+01 1.000000e+00 3.278674e-02
3.422222e+01 2.000000e+00 3.335243e-02
3.422222e+01 3.000000e+00 3.496023e-02
3.422222e+01 4.000000e+00 3.659016e-02
3.422222e+01 5.000000e+00 3.893492e-02
3.422222e+01 6.000000e+00 4.262718e-02
3.422222e+01 7.000000e+00 4.420814e-02
3.422222e+01 8.000000e+00 3.871139e-02
3.422222e+01 9.000000e+00 3.305808e-02
3.422222e+01 1.000000e+01 2.982226e-02
3.422222e+01 1.100000e+01 2.786727e-02
3.422222e+01 1.200000e+01 2.649415e-02
3.422222e+01 1.300000e+01 2.521577e-02
3.422222e+01 1.400000e+01 2.411615e-02
3.422222e+01 1.500000e+01 2.215373e-02
3.422222e+01 1.600000e+01 2.036011e-02
3.422222e+01 1.700000e+01 1.791285e-02
3.422222e+01 1.800000e+01 1.653647e-02
3.422222e+01 1.900000e+01 1.553396e-02
3.422222e+01 2.000000e+01 1.667474e-02
3.724242e+01 0.000000e+00 3.479406e-02
3.724242e+01 1.000000e+00 3.516454e-02
3.724242e+01 2.000000e+00 3.573976e-02
3.724242e+01 3.000000e+00 3.735733e-02
3.724242e+01 4.000000e+00 3.897766e-02
3.724242e+01 5.000000e+00 4.129862e-02
3.724242e+01 6.000000e+00 4.492332e-02
3.724242e+01 7.000000e+00 4.624063e-02
3.724242e+01 8.000000e+00 4.025251e-02
3.724242e+01 9.000000e+00 3.429769e-02
3.724242e+01 1.000000e+01 3.093714e-02
3.724242e+01 1.100000e+01 2.894106e-02
3.724242e+01 1.200000e+01 2.757039e-02
3.724242e+01 1.300000e+01 2.631134e-02
3.724242e+01 1.400000e+01 2.525108e-02
3.724242e+01 1.500000e+01 2.329956e-02
3.724242e+01 1.600000e+01 2.152879e-02
3.724242e+01 1.700000e+01 1.905974e-02
3.724242e+01 1.800000e+01 1.770165e-02
3.724242e+01 1.900000e+01 1.667546e-02
3.724242e+01 2.000000e+01 1.786042e-02
4.026263e+01 0.000000e+00 3.727860e-02
4.026263e+01 1.000000e+00 3.765347e-02
4.026263e+01 2.000000e+00 3.823405e-02
4.026263e+01 3.000000e+00 3.985302e-02
4.026263e+01 4.000000e+00 4.145361e-02
4.026263e+01 5.000000e+00 4.373658e-02
4.026263e+01 6.000000e+00 4.726655e-02
4.026263e+01 7.000000e+00 4.828155e-02
4.026263e+01 8.000000e+00 4.177149e-02
4.026263e+01 9.000000e+00 3.550765e-02
4.026263e+01 1.000000e+01 3.202062e-02
4.026263e+01 1.100000e+01 2.998229e-02
4.026263e+01 1.200000e+01 2.861277e-02
4.026263e+01 1.300000e+01 2.737176e-02
4.026263e+01 1.400000e+01 2.634909e-02
4.026263e+01 1.500000e+01 2.440767e-02
4.026263e+01 1.600000e+01 2.265814e-02
4.026263e+01 1.700000e+01 2.016648e-02
4.026263e+01 1.800000e+01 1.882055e-02
4.026263e+01 1.900000e+01 1.775812e-02
4.026263e+01 2.000000e+01 1.896397e-02
4.328283e+01 0.000000e+00 3.987738e-02
4.328283e+01 1.000000e+00 4.025304e-02
4.328283e+01 2.000000e+00 4.083519e-02
4.328283e+01 3.000000e+00 4.244638e-02
4.328283e+01 4.000000e+00 4.401603e-02
4.328283e+01 5.000000e+00 4.624568e-02
4.328283e+01 6.000000e+00 4.965179e-02
4.328283e+01 7.000000e+00 5.032442e-02
4.328283e+01 8.000000e+00 4.326272e-02
4.328283e+01 9.000000e+00 3.668350e-02
4.328283e+01 1.000000e+01 3.306872e-02
4.328283e+01 1.100000e+01 3.098714e-02
4.328283e+01 1.200000e+01 2.961740e-02
4.328283e+01 1.300000e+01 2.839297e-02
4.328283e+01 1.400000e+01 2.740586e-02
4.328283e+01 1.500000e+01 2.547350e-02
4.328283e+01 1.600000e+01 2.374324e-02
4.328283e+01 1.700000e+01 2.122787e-02
4.328283e+01 1.800000e+01 1.988765e-02
4.328283e+01 1.900000e+01 1.877727e-02
4.328283e+01 2.000000e+01 1.998325e-02
4.630303e+01 0.000000e+00 4.258981e-02
4.630303e+01 1.000000e+00 4.296335e-02
4.630303e+01 2.000000e+00 4.354282e-02
4.630303e+01 3.000000e+00 4.513586e-02
4.630303e+01 4.000000e+00 4.666233e-02
4.630303e+01 5.000000e+00 4.882240e-02
4.630303e+01 6.000000e+00 5.207395e-02
4.630303e+01 7.000000e+00 5.236318e-02
4.630303e+01 8.000000e+00 4.472134e-02
4.630303e+01 9.000000e+00 3.782152e-02
4.630303e+01 1.000000e+01 3.407821e-02
4.630303e+01 1.100000e+01 3.195254e-02
4.630303e+01 1.200000e+01 3.058121e-02
4.630303e+01 1.300000e+01 2.937177e-02
4.630303e+01 1.400000e+01 2.841799e-02
4.630303e+01 1.500000e+01 2.649347e-02
4.630303e+01 1.600000e+01 2.478023e-02
4.630303e+01 1.700000e+01 2.223989e-02
4.630303e+01 1.800000e+01 2.089884e-02
4.630303e+01 1.900000e+01 1.972987e-02
4.630303e+01 2.000000e+01 2.091795e-02
4.932323e+01 0.000000e+00 4.541598e-02
4.932323e+01 1.000000e+00 4.578444e-02
4.932323e+01 2.000000e+00 4.635601e-02
4.932323e+01 3.000000e+00 4.791917e-02
4.932323e+01 4.000000e+00 4.938930e-02
4.932323e+01 5.000000e+00 5.146286e-02
4.932323e+01 6.000000e+00 5.452791e-02
4.932323e+01 7.000000e+00 5.439212e-02
4.932323e+01 8.000000e+00 4.614313e-02
4.932323e+01 9.000000e+00 3.891868e-02
4.932323e+01 1.000000e+01 3.504654e-02
4.932323e+01 1.100000e+01 3.287610e-02
4.932323e+01 1.200000e+01 3.150179e-02
4.932323e+01 1.300000e+01 3.030571e-02
4.932323e+01 1.400000e+01 2.938287e-02
4.932323e+01 1.500000e+01 2.746485e-02
4.932323e+01 1.600000e+01 2.576619e-02
4.932323e+01 1.700000e+01 2.319952e-02
4.932323e+01 1.800000e+01 2.185117e-02
4.932323e+01 1.900000e+01 2.061423e-02
4.932323e+01 2.000000e+01 2.176908e-02
5.234343e+01 0.000000e+00 4.835613e-02
5.234343e+01 1.000000e+00 4.871584e-02
5.234343e+01 2.000000e+00 4.927298e-02
5.234343e+01 3.000000e+00 5.079331e-02
5.234343e+01 4.000000e+00 5.219326e-02
5.234343e+01 5.000000e+00 5.416293e-02
5.234343e+01 6.000000e+00 5.700853e-02
5.234343e+01 7.000000e+00 5.640588e-02
5.234343e+01 8.000000e+00 4.752446e-02
5.234343e+01 9.000000e+00 3.997251e-02
5.234343e+01 1.000000e+01 3.597171e-02
5.234343e+01 1.100000e+01 3.375598e-02
5.234343e+01 1.200000e+01 3.237736e-02
5.234343e+01 1.300000e+01 3.119297e-02
5.234343e+01 1.400000e+01 3.029857e-02
5.234343e+01 1.500000e+01 2.838562e-02
5.234343e+01 1.600000e+01 2.669899e-02
5.234343e+01 1.700000e+01 2.410459e-02
5.234343e+01 1.800000e+01 2.274271e-02
5.234343e+01 1.900000e+01 2.142976e-02
5.234343e+01 2.000000e+01 2.253867e-02
5.536364e+01 0.000000e+00 5.141017e-02
5.536364e+01 1.000000e+00 5.175629e-02
5.536364e+01 2.000000e+00 5.229112e-02
5.536364e+01 3.000000e+00 5.375469e-02
5.536364e+01 4.000000e+00 5.507012e-02
5.536364e+01 5.000000e+00 5.691825e-02
5.536364e+01 6.000000e+00 5.951065e-02
5.536364e+01 7.000000e+00 5.839939e-02
5.536364e+01 8.000000e+00 4.886221e-02
5.536364e+01 9.000000e+00 4.098106e-02
5.536364e+01 1.000000e+01 3.685222e-02
5.536364e+01 1.100000e+01 3.459086e-02
5.536364e+01 1.200000e+01 3.320663e-02
5.536364e+01 1.300000e+01 3.203223e-02
5.536364e+01 1.400000e+01 3.116373e-02
5.536364e+01 1.500000e+01 2.925439e-02
5.536364e+01 1.600000e+01 2.757719e-02
5.536364e+01 1.700000e+01 2.495369e-02
5.536364e+01 1.800000e+01 2.357240e-02
5.536364e+01 1.900000e+01 2.217678e-02
5.536364e+01 2.000000e+01 2.322949e-02
5.838384e+01 0.000000e+00 5.457737e-02
5.838384e+01 1.000000e+00 5.490370e-02
5.838384e+01 2.000000e+00 5.540711e-02
5.838384e+01 3.000000e+00 5.679919e-02
5.838384e+01 4.000000e+00 5.801550e-02
5.838384e+01 5.000000e+00 5.972431e-02
5.838384e+01 6.000000e+00 6.202907e-02
5.838384e+01 7.000000e+00 6.036790e-02
5.838384e+01 8.000000e+00 5.015374e-02
5.838384e+01 9.000000e+00 4.194283e-02
5.838384e+01 1.000000e+01 3.768697e-02
5.838384e+01 1.100000e+01 3.537983e-02
5.838384e+01 1.200000e+01 3.398874e-02
5.838384e+01 1.300000e+01 3.282267e-02
5.838384e+01 1.400000e+01 3.197750e-02
5.838384e+01 1.500000e+01 3.007028e-02
5.838384e+01 1.600000e+01 2.839989e-02
5.838384e+01 1.700000e+01 2.574604e-02
5.838384e+01 1.800000e+01 2.433990e-02
5.838384e+01 1.900000e+01 2.285629e-02
5.838384e+01 2.000000e+01 2.384479e-02
6.140404e+01 0.000000e+00 5.785617e-02
6.140404e+01 1.000000e+00 5.815513e-02
6.140404e+01 2.000000e+00 5.861697e-02
6.140404e+01 3.000000e+00 5.992230e-02
6.140404e+01 4.000000e+00 6.102474e-02
6.140404e+01 5.000000e+00 6.257640e-02
6.140404e+01 6.000000e+00 6.455859e-02
6.140404e+01 7.000000e+00 6.230697e-02
6.140404e+01 8.000000e+00 5.139681e-02
6.140404e+01 9.000000e+00 4.285669e-02
6.140404e+01 1.000000e+01 3.847525e-02
6.140404e+01 1.100000e+01 3.612232e-02
6.140404e+01 1.200000e+01 3.472323e-02
6.140404e+01 1.300000e+01 3.356383e-02
6.140404e+01 1.400000e+01 3.273943e-02
6.140404e+01 1.500000e+01 3.083286e-02
6.140404e+01 1.600000e+01 2.916672e-02
6.140404e+01 1.700000e+01 2.648136e-02
6.140404e+01 1.800000e+01 2.504543e-02
6.140404e+01 1.900000e+01 2.346986e-02
6.140404e+01 2.000000e+01 2.438816e-02
6.442424e+01 0.000000e+00 6.124417e-02
6.442424e+01 1.000000e+00 6.150695e-02
6.442424e+01 2.000000e+00 6.191620e-02
6.442424e+01 3.000000e+00 6.311917e-02
6.442424e+01 4.000000e+00 6.409292e-02
6.442424e+01 5.000000e+00 6.546965e-02
6.442424e+01 6.000000e+00 6.709395e-02
6.442424e+01 7.000000e+00 6.421239e-02
6.442424e+01 8.000000e+00 5.258958e-02
6.442424e+01 9.000000e+00 4.372186e-02
6.442424e+01 1.000000e+01 3.921664e-02
6.442424e+01 1.100000e+01 3.681809e-02
6.442424e+01 1.200000e+01 3.540991e-02
6.442424e+01 1.300000e+01 3.425559e-02
6.442424e+01 1.400000e+01 3.344943e-02
6.442424e+01 1.500000e+01 3.154208e-02
6.442424e+01 1.600000e+01 2.987770e-02
6.442424e+01 1.700000e+01 2.715985e-02
6.442424e+01 1.800000e+01 2.568974e-02
6.442424e+01 1.900000e+01 2.401947e-02
6.442424e+01 2.000000e+01 2.486339e-02
6.744444e+01 0.000000e+00 6.473818e-02
6.744444e+01 1.000000e+00 6.495487e-02
6.744444e+01 2.000000e+00 6.529985e-02
6.744444e+01 3.000000e+00 6.638463e-02
6.744444e+01 4.000000e+00 6.721493e-02
6.744444e+01 5.000000e+00 6.839905e-02
6.744444e+01 6.000000e+00 6.962991e-02
6.744444e+01 7.000000e+00 6.608028e-02
6.744444e+01 8.000000e+00 5.373053e-02
6.744444e+01 9.000000e+00 4.453783e-02
6.744444e+01 1.000000e+01 3.991100e-02
6.744444e+01 1.100000e+01 3.746716e-02
6.744444e+01 1.200000e+01 3.604890e-02
6.744444e+01 1.300000e+01 3.489811e-02
6.744444e+01 1.400000e+01 3.410772e-02
6.744444e+01 1.500000e+01 3.219822e-02
6.744444e+01 1.600000e+01 3.053321e-02
6.744444e+01 1.700000e+01 2.778208e-02
6.744444e+01 1.800000e+01 2.627395e-02
6.744444e+01 1.900000e+01 2.450744e-02
6.744444e+01 2.000000e+01 2.527433e-02
7.046465e+01 0.000000e+00 6.833429e-02
7.046465e+01 1.000000e+00 6.849407e-02
7.046465e+01 2.000000e+00 6.876257e-02
7.046465e+01 3.000000e+00 6.971323e-02
7.046465e+01 4.000000e+00 7.038540e-02
7.046465e+01 5.000000e+00 7.135938e-02
7.046465e+01 6.000000e+00 7.216122e-02
7.046465e+01 7.000000e+00 6.790700e-02
7.046465e+01 8.000000e+00 5.481848e-02
7.046465e+01 9.000000e+00 4.530438e-02
7.046465e+01 1.000000e+01 4.055843e-02
7.046465e+01 1.100000e+01 3.806976e-02
7.046465e+01 1.200000e+01 3.664053e-02
7.046465e+01 1.300000e+01 3.549180e-02
7.046465e+01 1.400000e+01 3.471476e-02
7.046465e+01 1.500000e+01 3.280181e-02
7.046465e+01 1.600000e+01 3.113392e-02
7.046465e+01 1.700000e+01 2.834890e-02
7.046465e+01 1.800000e+01 2.679952e-02
7.046465e+01 1.900000e+01 2.493628e-02
7.046465e+01 2.000000e+01 2.562485e-02
7.348485e+01 0.000000e+00 7.202796e-02
7.348485e+01 1.000000e+00 7.211928e-02
7.348485e+01 2.000000e+00 7.229866e-02
7.348485e+01 3.000000e+00 7.309927e-02
7.348485e+01 4.000000e+00 7.359877e-02
7.348485e+01 5.000000e+00 7.434530e-02
7.348485e+01 6.000000e+00 7.468267e-02
7.348485e+01 7.000000e+00 6.968917e-02
7.348485e+01 8.000000e+00 5.585249e-02
7.348485e+01 9.000000e+00 4.602150e-02
7.348485e+01 1.000000e+01 4.115922e-02
7.348485e+01 1.100000e+01 3.862634e-02
7.348485e+01 1.200000e+01 3.718531e-02
7.348485e+01 1.300000e+01 3.603724e-02
7.348485e+01 1.400000e+01 3.527123e-02
7.348485e+01 1.500000e+01 3.335363e-02
7.348485e+01 1.600000e+01 3.168076e-02
7.348485e+01 1.700000e+01 2.886147e-02
7.348485e+01 1.800000e+01 2.726815e-02
7.348485e+01 1.900000e+01 2.530867e-02
7.348485e+01 2.000000e+01 2.591877e-02
7.650505e+01 0.000000e+00 7.581413e-02
7.650505e+01 1.000000e+00 7.582478e-02
7.650505e+01 2.000000e+00 7.590208e-02
7.650505e+01 3.000000e+00 7.653677e-02
7.650505e+01 4.000000e+00 7.684927e-02
7.650505e+01 5.000000e+00 7.735132e-02
7.650505e+01 6.000000e+00 7.718908e-02
7.650505e+01 7.000000e+00 7.142369e-02
7.650505e+01 8.000000e+00 5.683190e-02
7.650505e+01 9.000000e+00 4.668938e-02
7.650505e+01 1.000000e+01 4.171382e-02
7.650505e+01 1.100000e+01 3.913747e-02
7.650505e+01 1.200000e+01 3.768393e-02
7.650505e+01 1.300000e+01 3.653522e-02
7.650505e+01 1.400000e+01 3.577800e-02
7.650505e+01 1.500000e+01 3.385463e-02
7.650505e+01 1.600000e+01 3.217484e-02
7.650505e+01 1.700000e+01 2.932109e-02
7.650505e+01 1.800000e+01 2.768173e-02
7.650505e+01 1.900000e+01 2.562738e-02
7.650505e+01 2.000000e+01 2.615980e-02
7.952525e+01 0.000000e+00 7.968723e-02
7.952525e+01 1.000000e+00 7.960451e-02
7.952525e+01 2.000000e+00 7.956650e-02
7.952525e+01 3.000000e+00 8.001953e-02
7.952525e+01 4.000000e+00 8.013093e-02
7.952525e+01 5.000000e+00 8.037179e-02
7.952525e+01 6.000000e+00 7.967536e-02
7.952525e+01 7.000000e+00 7.310769e-02
7.952525e+01 8.000000e+00 5.775628e-02
7.952525e+01 9.000000e+00 4.730838e-02
7.952525e+01 1.000000e+01 4.222284e-02
7.952525e+01 1.100000e+01 3.960390e-02
7.952525e+01 1.200000e+01 3.813722e-02
7.952525e+01 1.300000e+01 3.698662e-02
7.952525e+01 1.400000e+01 3.623608e-02
7.952525e+01 1.500000e+01 3.430591e-02
7.952525e+01 1.600000e+01 3.261744e-02
7.952525e+01 1.700000e+01 2.972929e-02
7.952525e+01 1.800000e+01 2.804231e-02
7.952525e+01 1.900000e+01 2.589521e-02
7.952525e+01 2.000000e+01 2.635153e-02
8.254545e+01 0.000000e+00 8.364126e-02
8.254545e+01 1.000000e+00 8.345203e-02
8.254545e+01 2.000000e+00 8.328531e-02
8.254545e+01 3.000000e+00 8.354111e-02
8.254545e+01 4.000000e+00 8.343761e-02
8.254545e+01 5.000000e+00 8.340098e-02
8.254545e+01 6.000000e+00 8.213650e-02
8.254545e+01 7.000000e+00 7.473857e-02
8.254545e+01 8.000000e+00 5.862541e-02
8.254545e+01 9.000000e+00 4.787901e-02
8.254545e+01 1.000000e+01 4.268702e-02
8.254545e+01 1.100000e+01 4.002646e-02
8.254545e+01 1.200000e+01 3.854612e-02
8.254545e+01 1.300000e+01 3.739247e-02
8.254545e+01 1.400000e+01 3.664659e-02
8.254545e+01 1.500000e+01 3.470872e-02
8.254545e+01 1.600000e+01 3.300998e-02
8.254545e+01 1.700000e+01 3.008769e-02
8.254545e+01 1.800000e+01 2.835202e-02
8.254545e+01 1.900000e+01 2.611497e-02
8.254545e+01 2.000000e+01 2.649741e-02
8.556566e+01 0.000000e+00 8.766984e-02
8.556566e+01 1.000000e+00 8.736061e-02
8.556566e+01 2.000000e+00 8.705163e-02
8.556566e+01 3.000000e+00 8.709490e-02
8.556566e+01 4.000000e+00 8.676302e-02
8.556566e+01 5.000000e+00 8.643307e-02
8.556566e+01 6.000000e+00 8.456757e-02
8.556566e+01 7.000000e+00 7.631395e-02
8.556566e+01 8.000000e+00 5.943923e-02
8.556566e+01 9.000000e+00 4.840190e-02
8.556566e+01 1.000000e+01 4.310718e-02
8.556566e+01 1.100000e+01 4.040610e-02
8.556566e+01 1.200000e+01 3.891164e-02
8.556566e+01 1.300000e+01 3.775390e-02
8.556566e+01 1.400000e+01 3.701077e-02
8.556566e+01 1.500000e+01 3.506440e-02
8.556566e+01 1.600000e+01 3.335399e-02
8.556566e+01 1.700000e+01 3.039802e-02
8.556566e+01 1.800000e+01 2.861309e-02
8.556566e+01 1.900000e+01 2.628944e-02
8.556566e+01 2.000000e+01 2.660070e-02
8.858586e+01 0.000000e+00 9.176623e-02
8.858586e+01 1.000000e+00 9.132325e-02
8.858586e+01 2.000000e+00 9.085836e-02
8.858586e+01 3.000000e+00 9.067409e-02
8.858586e+01 4.000000e+00 9.010071e-02
8.858586e+01 5.000000e+00 8.946215e-02
8.858586e+01 6.000000e+00 8.696381e-02
8.858586e+01 7.000000e+00 7.783171e-02
8.858586e+01 8.000000e+00 6.019790e-02
8.858586e+01 9.000000e+00 4.887781e-02
8.858586e+01 1.000000e+01 4.348426e-02
8.858586e+01 1.100000e+01 4.074383e-02
8.858586e+01 1.200000e+01 3.923489e-02
8.858586e+01 1.300000e+01 3.807209e-02
8.858586e+01 1.400000e+01 3.732993e-02
8.858586e+01 1.500000e+01 3.537436e-02
8.858586e+01 1.600000e+01 3.365105e-02
8.858586e+01 1.700000e+01 3.066208e-02
8.858586e+01 1.800000e+01 2.882776e-02
8.858586e+01 1.900000e+01 2.642135e-02
8.858586e+01 2.000000e+01 2.666451e-02
9.160606e+01 0.000000e+00 9.592337e-02
9.160606e+01 1.000000e+00 9.533267e-02
9.160606e+01 2.000000e+00 9.469820e-02
9.160606e+01 3.000000e+00 9.427170e-02
9.160606e+01 4.000000e+00 9.344414e-02
9.160606e+01 5.000000e+00 9.248229e-02
9.160606e+01 6.000000e+00 8.932058e-02
9.160606e+01 7.000000e+00 7.928996e-02
9.160606e+01 8.000000e+00 6.090169e-02
9.160606e+01 9.000000e+00 4.930758e-02
9.160606e+01 1.000000e+01 4.381925e-02
9.160606e+01 1.100000e+01 4.104073e-02
9.160606e+01 1.200000e+01 3.951705e-02
9.160606e+01 1.300000e+01 3.834829e-02
9.160606e+01 1.400000e+01 3.760543e-02
9.160606e+01 1.500000e+01 3.564008e-02
9.160606e+01 1.600000e+01 3.390283e-02
9.160606e+01 1.700000e+01 3.088172e-02
9.160606e+01 1.800000e+01 2.899829e-02
9.160606e+01 1.900000e+01 2.651334e-02
9.160606e+01 2.000000e+01 2.669179e-02
9.462626e+01 0.000000e+00 1.001339e-01
9.462626e+01 1.000000e+00 9.938141e-02
9.462626e+01 2.000000e+00 9.856368e-02
9.462626e+01 3.000000e+00 9.788065e-02
9.462626e+01 4.000000e+00 9.678669e-02
9.462626e+01 5.000000e+00 9.548755e-02
9.462626e+01 6.000000e+00 9.163341e-02
9.462626e+01 7.000000e+00 8.068703e-02
9.462626e+01 8.000000e+00 6.155103e-02
9.462626e+01 9.000000e+00 4.969214e-02
9.462626e+01 1.000000e+01 4.411319e-02
9.462626e+01 1.100000e+01 4.129795e-02
9.462626e+01 1.200000e+01 3.975932e-02
9.462626e+01 1.300000e+01 3.858381e-02
9.462626e+01 1.400000e+01 3.783871e-02
9.462626e+01 1.500000e+01 3.586310e-02
9.462626e+01 1.600000e+01 3.411104e-02
9.462626e+01 1.700000e+01 3.105882e-02
9.462626e+01 1.800000e+01 2.912694e-02
9.462626e+01 1.900000e+01 2.656800e-02
9.462626e+01 2.000000e+01 2.668530e-02
9.764646e+01 0.000000e+00 1.043903e-01
9.764646e+01 1.000000e+00 1.034618e-01
9.764646e+01 2.000000e+00 1.024472e-01
9.764646e+01 3.000000e+00 1.014937e-01
9.764646e+01 4.000000e+00 1.001217e-01
9.764646e+01 5.000000e+00 9.847200e-02
9.764646e+01 6.000000e+00 9.389802e-02
9.764646e+01 7.000000e+00 8.202148e-02
9.764646e+01 8.000000e+00 6.214647e-02
9.764646e+01 9.000000e+00 5.003248e-02
9.764646e+01 1.000000e+01 4.436721e-02
9.764646e+01 1.100000e+01 4.151664e-02
9.764646e+01 1.200000e+01 3.996295e-02
9.764646e+01 1.300000e+01 3.877998e-02
9.764646e+01 1.400000e+01 3.803120e-02
9.764646e+01 1.500000e+01 3.604496e-02
9.764646e+01 1.600000e+01 3.427740e-02
9.764646e+01 1.700000e+01 3.119528e-02
9.764646e+01 1.800000e+01 2.921595e-02
9.764646e+01 1.900000e+01 2.658779e-02
9.764646e+01 2.000000e+01 2.664764e-02
1.006667e+02 0.000000e+00 1.086847e-01
1.006667e+02 1.000000e+00 1.075660e-01
1.006667e+02 2.000000e+00 1.063410e-01
1.006667e+02 3.000000e+00 1.051037e-01
1.006667e+02 4.000000e+00 1.034424e-01
1.006667e+02 5.000000e+00 1.014298e-01
1.006667e+02 6.000000e+00 9.611030e-02
1.006667e+02 7.000000e+00 8.329208e-02
1.006667e+02 8.000000e+00 6.268869e-02
1.006667e+02 9.000000e+00 5.032967e-02
1.006667e+02 1.000000e+01 4.458244e-02
1.006667e+02 1.100000e+01 4.169802e-02
1.006667e+02 1.200000e+01 4.012922e-02
1.006667e+02 1.300000e+01 3.893816e-02
1.006667e+02 1.400000e+01 3.818438e-02
1.006667e+02 1.500000e+01 3.618725e-02
1.006667e+02 1.600000e+01 3.440365e-02
1.006667e+02 1.700000e+01 3.129298e-02
1.006667e+02 1.800000e+01 2.926751e-02
1.006667e+02 1.900000e+01 2.657508e-02
1.006667e+02 2.000000e+01 2.658124e-02
1.036869e+02 0.000000e+00 1.130091e-01
1.036869e+02 1.000000e+00 1.116861e-01
1.036869e+02 2.000000e+00 1.102372e-01
1.036869e+02 3.000000e+00 1.087032e-01
1.036869e+02 4.000000e+00 1.067421e-01
1.036869e+02 5.000000e+00 1.043550e-01
1.036869e+02 6.000000e+00 9.826637e-02
1.036869e+02 7.000000e+00 8.449781e-02
1.036869e+02 8.000000e+00 6.317845e-02
1.036869e+02 9.000000e+00 5.058481e-02
1.036869e+02 1.000000e+01 4.476006e-02
1.036869e+02 1.100000e+01 4.184331e-02
1.036869e+02 1.200000e+01 4.025942e-02
1.036869e+02 1.300000e+01 3.905972e-02
1.036869e+02 1.400000e+01 3.829975e-02
1.036869e+02 1.500000e+01 3.629156e-02
1.036869e+02 1.600000e+01 3.449153e-02
1.036869e+02 1.700000e+01 3.135380e-02
1.036869e+02 1.800000e+01 2.928377e-02
1.036869e+02 1.900000e+01 2.653213e-02
1.036869e+02 2.000000e+01 2.648840e-02
1.067071e+02 0.000000e+00 1.173555e-01
1.067071e+02 1.000000e+00 1.158141e-01
1.067071e+02 2.000000e+00 1.141280e-01
1.067071e+02 3.000000e+00 1.122849e-01
1.067071e+02 4.000000e+00 1.100142e-01
1.067071e+02 5.000000e+00 1.072421e-01
1.067071e+02 6.000000e+00 1.003626e-01
1.067071e+02 7.000000e+00 8.563785e-02
1.067071e+02 8.000000e+00 6.361660e-02
1.067071e+02 9.000000e+00 5.079904e-02
1.067071e+02 1.000000e+01 4.490126e-02
1.067071e+02 1.100000e+01 4.195375e-02
1.067071e+02 1.200000e+01 4.035486e-02
1.067071e+02 1.300000e+01 3.914605e-02
1.067071e+02 1.400000e+01 3.837880e-02
1.067071e+02 1.500000e+01 3.635946e-02
1.067071e+02 1.600000e+01 3.454279e-02
1.067071e+02 1.700000e+01 3.137961e-02
1.067071e+02 1.800000e+01 2.926683e-02
1.067071e+02 1.900000e+01 2.646112e-02
1.067071e+02 2.000000e+01 2.637124e-02
1.097273e+02 0.000000e+00 1.217156e-01
1.097273e+02 1.000000e+00 1.199418e-01
1.097273e+02 2.000000e+00 1.180056e-01
1.097273e+02 3.000000e+00 1.158416e-01
1.097273e+02 4.000000e+00 1.132520e-01
1.097273e+02 5.000000e+00 1.100853e-01
1.097273e+02 6.000000e+00 1.023954e-01
1.097273e+02 7.000000e+00 8.671157e-02
1.097273e+02 8.000000e+00 6.400408e-02
1.097273e+02 9.000000e+00 5.097353e-02
1.097273e+02 1.000000e+01 4.500725e-02
1.097273e+02 1.100000e+01 4.203060e-02
1.097273e+02 1.200000e+01 4.041684e-02
1.097273e+02 1.300000e+01 3.919852e-02
1.097273e+02 1.400000e+01 3.842300e-02
1.097273e+02 1.500000e+01 3.639254e-02
1.097273e+02 1.600000e+01 3.455914e-02
1.097273e+02 1.700000e+01 3.137222e-02
1.097273e+02 1.800000e+01 2.921870e-02
1.097273e+02 1.900000e+01 2.636407e-02
1.097273e+02 2.000000e+01 2.623175e-02
1.127475e+02 0.000000e+00 1.260811e-01
1.127475e+02 1.000000e+00 1.240613e-01
1.127475e+02 2.000000e+00 1.218619e-01
1.127475e+02 3.000000e+00 1.193660e-01
1.127475e+02 4.000000e+00 1.164492e-01
1.127475e+02 5.000000e+00 1.128794e-01
1.127475e+02 6.000000e+00 1.043618e-01
1.127475e+02 7.000000e+00 8.771856e-02
1.127475e+02 8.000000e+00 6.434190e-02
1.127475e+02 9.000000e+00 5.110950e-02
1.127475e+02 1.000000e+01 4.507926e-02
1.127475e+02 1.100000e+01 4.207509e-02
1.127475e+02 1.200000e+01 4.044668e-02
1.127475e+02 1.300000e+01 3.921852e-02
1.127475e+02 1.400000e+01 3.843386e-02
1.127475e+02 1.500000e+01 3.639236e-02
1.127475e+02 1.600000e+01 3.454228e-02
1.127475e+02 1.700000e+01 3.133344e-02
1.127475e+02 1.800000e+01 2.914135e-02
1.127475e+02 1.900000e+01 2.624294e-02
1.127475e+02 2.000000e+01 2.607180e-02
1.157677e+02 0.000000e+00 1.304439e-01
1.157677e+02 1.000000e+00 1.281643e-01
1.157677e+02 2.000000e+00 1.256893e-01
1.157677e+02 3.000000e+00 1.228510e-01
1.157677e+02 4.000000e+00 1.195992e-01
1.157677e+02 5.000000e+00 1.156189e-01
1.157677e+02 6.000000e+00 1.062587e-01
1.157677e+02 7.000000e+00 8.865853e-02
1.157677e+02 8.000000e+00 6.463114e-02
1.157677e+02 9.000000e+00 5.120815e-02
1.157677e+02 1.000000e+01 4.511852e-02
1.157677e+02 1.100000e+01 4.208848e-02
1.157677e+02 1.200000e+01 4.044566e-02
1.157677e+02 1.300000e+01 3.920740e-02
1.157677e+02 1.400000e+01 3.841282e-02
1.157677e+02 1.500000e+01 3.636047e-02
1.157677e+02 1.600000e+01 3.449387e-02
1.157677e+02 1.700000e+01 3.126500e-02
1.157677e+02 1.800000e+01 2.903667e-02
1.157677e+02 1.900000e+01 2.609956e-02
1.157677e+02 2.000000e+01 2.589311e-02
1.187879e+02 0.000000e+00 1.347955e-01
1.187879e+02 1.000000e+00 1.322428e-01
1.187879e+02 2.000000e+00 1.294798e-01
1.187879e+02 3.000000e+00 1.262894e-01
1.187879e+02 4.000000e+00 1.226961e-01
1.187879e+02 5.000000e+00 1.182989e-01
1.187879e+02 6.000000e+00 1.080834e-01
1.187879e+02 7.000000e+00 8.953142e-02
1.187879e+02 8.000000e+00 6.487291e-02
1.187879e+02 9.000000e+00 5.127073e-02
1.187879e+02 1.000000e+01 4.512624e-02
1.187879e+02 1.100000e+01 4.207201e-02
1.187879e+02 1.200000e+01 4.041509e-02
1.187879e+02 1.300000e+01 3.916653e-02
1.187879e+02 1.400000e+01 3.836135e-02
1.187879e+02 1.500000e+01 3.629839e-02
1.187879e+02 1.600000e+01 3.441555e-02
1.187879e+02 1.700000e+01 3.116861e-02
1.187879e+02 1.800000e+01 2.890648e-02
1.187879e+02 1.900000e+01 2.593566e-02
1.187879e+02 2.000000e+01 2.569730e-02
1.218081e+02 0.000000e+00 1.391277e-01
1.218081e+02 1.000000e+00 1.362888e-01
1.218081e+02 2.000000e+00 1.332260e-01
1.218081e+02 3.000000e+00 1.296746e-01
1.218081e+02 4.000000e+00 1.257337e-01
1.218081e+02 5.000000e+00 1.209146e-01
1.218081e+02 6.000000e+00 1.098334e-01
1.218081e+02 7.000000e+00 9.033730e-02
1.218081e+02 8.000000e+00 6.506839e-02
1.218081e+02 9.000000e+00 5.129846e-02
1.218081e+02 1.000000e+01 4.510364e-02
1.218081e+02 1.100000e+01 4.202691e-02
1.218081e+02 1.200000e+01 4.035623e-02
1.218081e+02 1.300000e+01 3.909724e-02
1.218081e+02 1.400000e+01 3.828087e-02
1.218081e+02 1.500000e+01 3.620762e-02
1.218081e+02 1.600000e+01 3.430891e-02
1.218081e+02 1.700000e+01 3.104591e-02
1.218081e+02 1.800000e+01 2.875252e-02
1.218081e+02 1.900000e+01 2.575287e-02
1.218081e+02 2.000000e+01 2.548586e-02
1.248283e+02 0.000000e+00 1.434324e-01
1.248283e+02 1.000000e+00 1.402945e-01
1.248283e+02 2.000000e+00 1.369202e-01
1.248283e+02 3.000000e+00 1.329998e-01
1.248283e+02 4.000000e+00 1.287063e-01
1.248283e+02 5.000000e+00 1.234613e-01
1.248283e+02 6.000000e+00 1.115067e-01
1.248283e+02 7.000000e+00 9.107640e-02
1.248283e+02 8.000000e+00 6.521878e-02
1.248283e+02 9.000000e+00 5.129260e-02
1.248283e+02 1.000000e+01 4.505194e-02
1.248283e+02 1.100000e+01 4.195441e-02
1.248283e+02 1.200000e+01 4.027034e-02
1.248283e+02 1.300000e+01 3.900084e-02
1.248283e+02 1.400000e+01 3.817277e-02
1.248283e+02 1.500000e+01 3.608962e-02
1.248283e+02 1.600000e+01 3.417552e-02
1.248283e+02 1.700000e+01 3.089852e-02
1.248283e+02 1.800000e+01 2.857645e-02
1.248283e+02 1.900000e+01 2.555273e-02
1.248283e+02 2.000000e+01 2.526021e-02
1.278485e+02 0.000000e+00 1.477014e-01
1.278485e+02 1.000000e+00 1.442521e-01
1.278485e+02 2.000000e+00 1.405553e-01
1.278485e+02 3.000000e+00 1.362585e-01
1.278485e+02 4.000000e+00 1.316083e-01
1.278485e+02 5.000000e+00 1.259347e-01
1.278485e+02 6.000000e+00 1.131012e-01
1.278485e+02 7.000000e+00 9.174910e-02
1.278485e+02 8.000000e+00 6.532534e-02
1.278485e+02 9.000000e+00 5.125439e-02
1.278485e+02 1.000000e+01 4.497235e-02
1.278485e+02 1.100000e+01 4.185569e-02
1.278485e+02 1.200000e+01 4.015866e-02
1.278485e+02 1.300000e+01 3.887862e-02
1.278485e+02 1.400000e+01 3.803844e-02
1.278485e+02 1.500000e+01 3.594581e-02
1.278485e+02 1.600000e+01 3.401689e-02
1.278485e+02 1.700000e+01 3.072796e-02
1.278485e+02 1.800000e+01 2.837986e-02
1.278485e+02 1.900000e+01 2.533669e-02
1.278485e+02 2.000000e+01 2.502163e-02
1.308687e+02 0.000000e+00 1.519267e-01
1.308687e+02 1.000000e+00 1.481540e-01
1.308687e+02 2.000000e+00 1.441241e-01
1.308687e+02 3.000000e+00 1.394446e-01
1.308687e+02 4.000000e+00 1.344346e-01
1.308687e+02 5.000000e+00 1.283308e-01
1.308687e+02 6.000000e+00 1.146153e-01
1.308687e+02 7.000000e+00 9.235591e-02
1.308687e+02 8.000000e+00 6.538933e-02
1.308687e+02 9.000000e+00 5.118506e-02
1.308687e+02 1.000000e+01 4.486604e-02
1.308687e+02 1.100000e+01 4.173195e-02
1.308687e+02 1.200000e+01 4.002241e-02
1.308687e+02 1.300000e+01 3.873185e-02
1.308687e+02 1.400000e+01 3.787921e-02
1.308687e+02 1.500000e+01 3.577760e-02
1.308687e+02 1.600000e+01 3.383449e-02
1.308687e+02 1.700000e+01 3.053574e-02
1.308687e+02 1.800000e+01 2.816426e-02
1.308687e+02 1.900000e+01 2.510610e-02
1.308687e+02 2.000000e+01 2.477134e-02
1.338889e+02 0.000000e+00 1.561005e-01
1.338889e+02 1.000000e+00 1.519927e-01
1.338889e+02 2.000000e+00 1.476197e-01
1.338889e+02 3.000000e+00 1.425522e-01
1.338889e+02 4.000000e+00 1.371801e-01
1.338889e+02 5.000000e+00 1.306457e-01
1.338889e+02 6.000000e+00 1.160475e-01
1.338889e+02 7.000000e+00 9.289748e-02
1.338889e+02 8.000000e+00 6.541206e-02
1.338889e+02 9.000000e+00 5.108585e-02
1.338889e+02 1.000000e+01 4.473419e-02
1.338889e+02 1.100000e+01 4.158435e-02
1.338889e+02 1.200000e+01 3.986278e-02
1.338889e+02 1.300000e+01 3.856176e-02
1.338889e+02 1.400000e+01 3.769640e-02
1.338889e+02 1.500000e+01 3.558634e-02
1.338889e+02 1.600000e+01 3.362975e-02
1.338889e+02 1.700000e+01 3.032327e-02
1.338889e+02 1.800000e+01 2.793111e-02
1.338889e+02 1.900000e+01 2.486223e-02
1.338889e+02 2.000000e+01 2.451047e-02
1.369091e+02 0.000000e+00 1.602151e-01
1.369091e+02 1.000000e+00 1.557612e-01
1.369091e+02 2.000000e+00 1.510357e-01
1.369091e+02 3.000000e+00 1.455756e-01
1.369091e+02 4.000000e+00 1.398401e-01
1.369091e+02 5.000000e+00 1.328760e-01
1.369091e+02 6.000000e+00 1.173967e-01
1.369091e+02 7.000000e+00 9.337457e-02
1.369091e+02 8.000000e+00 6.539482e-02
1.369091e+02 9.000000e+00 5.095799e-02
1.369091e+02 1.000000e+01 4.457796e-02
1.369091e+02 1.100000e+01 4.141403e-02
1.369091e+02 1.200000e+01 3.968093e-02
1.369091e+02 1.300000e+01 3.836957e-02
1.369091e+02 1.400000e+01 3.749128e-02
1.369091e+02 1.500000e+01 3.537334e-02
1.369091e+02 1.600000e+01 3.340404e-02
1.369091e+02 1.700000e+01 3.009195e-02
1.369091e+02 1.800000e+01 2.768176e-02
1.369091e+02 1.900000e+01 2.460628e-02
1.369091e+02 2.000000e+01 2.424006e-02
1.399293e+02 0.000000e+00 1.642633e-01
1.399293e+02 1.000000e+00 1.594526e-01
1.399293e+02 2.000000e+00 1.543658e-01
1.399293e+02 3.000000e+00 1.485096e-01
1.399293e+02 4.000000e+00 1.424105e-01
1.399293e+02 5.000000e+00 1.350184e-01
1.399293e+02 6.000000e+00 1.186620e-01
1.399293e+02 7.000000e+00 9.378806e-02
1.399293e+02 8.000000e+00 6.533895e-02
1.399293e+02 9.000000e+00 5.080267e-02
1.399293e+02 1.000000e+01 4.439848e-02
1.399293e+02 1.100000e+01 4.122211e-02
1.399293e+02 1.200000e+01 3.947800e-02
1.399293e+02 1.300000e+01 3.815645e-02
1.399293e+02 1.400000e+01 3.726509e-02
1.399293e+02 1.500000e+01 3.513990e-02
1.399293e+02 1.600000e+01 3.315870e-02
1.399293e+02 1.700000e+01 2.984310e-02
1.399293e+02 1.800000e+01 2.741753e-02
1.399293e+02 1.900000e+01 2.433937e-02
1.399293e+02 2.000000e+01 2.396107e-02
1.429495e+02 0.000000e+00 1.682377e-01
1.429495e+02 1.000000e+00 1.630602e-01
1.429495e+02 2.000000e+00 1.576040e-01
1.429495e+02 3.000000e+00 1.513492e-01
1.429495e+02 4.000000e+00 1.448870e-01
1.429495e+02 5.000000e+00 1.370701e-01
1.429495e+02 6.000000e+00 1.198427e-01
1.429495e+02 7.000000e+00 9.413894e-02
1.429495e+02 8.000000e+00 6.524579e-02
1.429495e+02 9.000000e+00 5.062110e-02
1.429495e+02 1.000000e+01 4.419686e-02
1.429495e+02 1.100000e+01 4.100968e-02
1.429495e+02 1.200000e+01 3.925512e-02
1.429495e+02 1.300000e+01 3.792355e-02
1.429495e+02 1.400000e+01 3.701905e-02
1.429495e+02 1.500000e+01 3.488724e-02
1.429495e+02 1.600000e+01 3.289500e-02
1.429495e+02 1.700000e+01 2.957797e-02
1.429495e+02 1.800000e+01 2.713964e-02
1.429495e+02 1.900000e+01 2.406254e-02
1.429495e+02 2.000000e+01 2.367443e-02
1.459697e+02 0.000000e+00 1.721314e-01
1.459697e+02 1.000000e+00 1.665776e-01
1.459697e+02 2.000000e+00 1.607447e-01
1.459697e+02 3.000000e+00 1.540899e-01
1.459697e+02 4.000000e+00 1.472662e-01
1.459697e+02 5.000000e+00 1.390286e-01
1.459697e+02 6.000000e+00 1.209383e-01
1.459697e+02 7.000000e+00 9.442827e-02
1.459697e+02 8.000000e+00 6.511666e-02
1.459697e+02 9.000000e+00 5.041445e-02
1.459697e+02 1.000000e+01 4.397419e-02
1.459697e+02 1.100000e+01 4.077781e-02
1.459697e+02 1.200000e+01 3.901335e-02
1.459697e+02 1.300000e+01 3.767200e-02
1.459697e+02 1.400000e+01 3.675432e-02
1.459697e+02 1.500000e+01 3.461657e-02
1.459697e+02 1.600000e+01 3.261420e-02
1.459697e+02 1.700000e+01 2.929778e-02
1.459697e+02 1.800000e+01 2.684926e-02
1.459697e+02 1.900000e+01 2.377677e-02
1.459697e+02 2.000000e+01 2.338096e-02
1.489899e+02 0.000000e+00 1.759379e-01
1.489899e+02 1.000000e+00 1.699990e-01
1.489899e+02 2.000000e+00 1.637829e-01
1.489899e+02 3.000000e+00 1.567274e-01
1.489899e+02 4.000000e+00 1.495447e-01
1.489899e+02 5.000000e+00 1.408916e-01
1.489899e+02 6.000000e+00 1.219487e-01
1.489899e+02 7.000000e+00 9.465722e-02
1.489899e+02 8.000000e+00 6.495291e-02
1.489899e+02 9.000000e+00 5.018389e-02
1.489899e+02 1.000000e+01 4.373154e-02
1.489899e+02 1.100000e+01 4.052755e-02
1.489899e+02 1.200000e+01 3.875376e-02
1.489899e+02 1.300000e+01 3.740286e-02
1.489899e+02 1.400000e+01 3.647204e-02
1.489899e+02 1.500000e+01 3.432905e-02
1.489899e+02 1.600000e+01 3.231747e-02
1.489899e+02 1.700000e+01 2.900370e-02
1.489899e+02 1.800000e+01 2.654750e-02
1.489899e+02 1.900000e+01 2.348298e-02
1.489899e+02 2.000000e+01 2.308145e-02
1.520101e+02 0.000000e+00 1.796507e-01
1.520101e+02 1.000000e+00 1.733188e-01
1.520101e+02 2.000000e+00 1.667136e-01
1.520101e+02 3.000000e+00 1.592579e-01
1.520101e+02 4.000000e+00 1.517196e-01
1.520101e+02 5.000000e+00 1.426571e-01
1.520101e+02 6.000000e+00 1.228739e-01
1.520101e+02 7.000000e+00 9.482704e-02
1.520101e+02 8.000000e+00 6.475588e-02
1.520101e+02 9.000000e+00 4.993055e-02
1.520101e+02 1.000000e+01 4.346997e-02
1.520101e+02 1.100000e+01 4.025990e-02
1.520101e+02 1.200000e+01 3.847738e-02
1.520101e+02 1.300000e+01 3.711721e-02
1.520101e+02 1.400000e+01 3.617332e-02
1.520101e+02 1.500000e+01 3.402579e-02
1.520101e+02 1.600000e+01 3.200596e-02
1.520101e+02 1.700000e+01 2.869682e-02
1.520101e+02 1.800000e+01 2.623539e-02
1.520101e+02 1.900000e+01 2.318203e-02
1.520101e+02 2.000000e+01 2.277663e-02
1.550303e+02 0.000000e+00 1.832640e-01
1.550303e+02 1.000000e+00 1.765316e-01
1.550303e+02 2.000000e+00 1.695326e-01
1.550303e+02 3.000000e+00 1.616781e-01
1.550303e+02 4.000000e+00 1.537883e-01
1.550303e+02 5.000000e+00 1.443236e-01
1.550303e+02 6.000000e+00 1.237141e-01
1.550303e+02 7.000000e+00 9.493903e-02
1.550303e+02 8.000000e+00 6.452690e-02
1.550303e+02 9.000000e+00 4.965556e-02
1.550303e+02 1.000000e+01 4.319048e-02
1.550303e+02 1.100000e+01 3.997586e-02
1.550303e+02 1.200000e+01 3.818520e-02
1.550303e+02 1.300000e+01 3.681605e-02
1.550303e+02 1.400000e+01 3.585922e-02
1.550303e+02 1.500000e+01 3.370787e-02
1.550303e+02 1.600000e+01 3.168077e-02
1.550303e+02 1.700000e+01 2.837820e-02
1.550303e+02 1.800000e+01 2.591393e-02
1.550303e+02 1.900000e+01 2.287471e-02
1.550303e+02 2.000000e+01 2.246716e-02
1.580505e+02 0.000000e+00 1.867721e-01
1.580505e+02 1.000000e+00 1.796326e-01
1.580505e+02 2.000000e+00 1.722358e-01
1.580505e+02 3.000000e+00 1.639849e-01
1.580505e+02 4.000000e+00 1.557486e-01
1.580505e+02 5.000000e+00 1.458897e-01
1.580505e+02 6.000000e+00 1.244697e-01
1.580505e+02 7.000000e+00 9.499458e-02
1.580505e+02 8.000000e+00 6.426729e-02
1.580505e+02 9.000000e+00 4.936001e-02
1.580505e+02 1.000000e+01 4.289407e-02
1.580505e+02 1.100000e+01 3.967639e-02
1.580505e+02 1.200000e+01 3.787818e-02
1.580505e+02 1.300000e+01 3.650038e-02
1.580505e+02 1.400000e+01 3.553075e-02
1.580505e+02 1.500000e+01 3.337634e-02
1.580505e+02 1.600000e+01 3.134296e-02
1.580505e+02 1.700000e+01 2.804884e-02
1.580505e+02 1.800000e+01 2.558405e-02
1.580505e+02 1.900000e+01 2.256178e-02
1.580505e+02 2.000000e+01 2.215368e-02
1.610707e+02 0.000000e+00 1.901697e-01
1.610707e+02 1.000000e+00 1.826175e-01
1.610707e+02 2.000000e+00 1.748197e-01
1.610707e+02 3.000000e+00 1.661758e-01
1.610707e+02 4.000000e+00 1.575989e-01
1.610707e+02 5.000000e+00 1.473546e-01
1.610707e+02 6.000000e+00 1.251413e-01
1.610707e+02 7.000000e+00 9.499512e-02
1.610707e+02 8.000000e+00 6.397836e-02
1.610707e+02 9.000000e+00 4.904498e-02
1.610707e+02 1.000000e+01 4.258171e-02
1.610707e+02 1.100000e+01 3.936243e-02
1.610707e+02 1.200000e+01 3.755728e-02
1.610707e+02 1.300000e+01 3.617115e-02
1.610707e+02 1.400000e+01 3.518893e-02
1.610707e+02 1.500000e+01 3.303218e-02
1.610707e+02 1.600000e+01 3.099352e-02
1.610707e+02 1.700000e+01 2.770970e-02
1.610707e+02 1.800000e+01 2.524662e-02
1.610707e+02 1.900000e+01 2.224394e-02
1.610707e+02 2.000000e+01 2.183676e-02
1.640909e+02 0.000000e+00 1.934520e-01
1.640909e+02 1.000000e+00 1.854821e-01
1.640909e+02 2.000000e+00 1.772813e-01
1.640909e+02 3.000000e+00 1.682485e-01
1.640909e+02 4.000000e+00 1.593374e-01
1.640909e+02 5.000000e+00 1.487174e-01
1.640909e+02 6.000000e+00 1.257297e-01
1.640909e+02 7.000000e+00 9.494215e-02
1.640909e+02 8.000000e+00 6.366143e-02
1.640909e+02 9.000000e+00 4.871153e-02
1.640909e+02 1.000000e+01 4.225435e-02
1.640909e+02 1.100000e+01 3.903488e-02
1.640909e+02 1.200000e+01 3.722339e-02
1.640909e+02 1.300000e+01 3.582929e-02
1.640909e+02 1.400000e+01 3.483470e-02
1.640909e+02 1.500000e+01 3.267638e-02
1.640909e+02 1.600000e+01 3.063342e-02
1.640909e+02 1.700000e+01 2.736170e-02
1.640909e+02 1.800000e+01 2.490246e-02
1.640909e+02 1.900000e+01 2.192183e-02
1.640909e+02 2.000000e+01 2.151695e-02
1.671111e+02 0.000000e+00 1.966146e-01
1.671111e+02 1.000000e+00 1.882230e-01
1.671111e+02 2.000000e+00 1.796177e-01
1.671111e+02 3.000000e+00 1.702013e-01
1.671111e+02 4.000000e+00 1.609633e-01
1.671111e+02 5.000000e+00 1.499778e-01
1.671111e+02 6.000000e+00 1.262360e-01
1.671111e+02 7.000000e+00 9.483718e-02
1.671111e+02 8.000000e+00 6.331778e-02
1.671111e+02 9.000000e+00 4.836067e-02
1.671111e+02 1.000000e+01 4.191290e-02
1.671111e+02 1.100000e+01 3.869462e-02
1.671111e+02 1.200000e+01 3.687740e-02
1.671111e+02 1.300000e+01 3.547570e-02
1.671111e+02 1.400000e+01 3.446899e-02
1.671111e+02 1.500000e+01 3.230984e-02
1.671111e+02 1.600000e+01 3.026360e-02
1.671111e+02 1.700000e+01 2.700568e-02
1.671111e+02 1.800000e+01 2.455237e-02
1.671111e+02 1.900000e+01 2.159607e-02
1.671111e+02 2.000000e+01 2.119475e-02
1.701313e+02 0.000000e+00 1.996534e-01
1.701313e+02 1.000000e+00 1.908369e-01
1.701313e+02 2.000000e+00 1.818270e-01
1.701313e+02 3.000000e+00 1.720328e-01
1.701313e+02 4.000000e+00 1.624757e-01
1.701313e+02 5.000000e+00 1.511357e-01
1.701313e+02 6.000000e+00 1.266612e-01
1.701313e+02 7.000000e+00 9.468180e-02
1.701313e+02 8.000000e+00 6.294867e-02
1.701313e+02 9.000000e+00 4.799343e-02
1.701313e+02 1.000000e+01 4.155825e-02
1.701313e+02 1.100000e+01 3.834251e-02
1.701313e+02 1.200000e+01 3.652016e-02
1.701313e+02 1.300000e+01 3.511123e-02
1.701313e+02 1.400000e+01 3.409269e-02
1.701313e+02 1.500000e+01 3.193345e-02
1.701313e+02 1.600000e+01 2.988492e-02
1.701313e+02 1.700000e+01 2.664248e-02
1.701313e+02 1.800000e+01 2.419706e-02
1.701313e+02 1.900000e+01 2.126723e-02
1.701313e+02 2.000000e+01 2.087062e-02
1.731515e+02 0.000000e+00 2.025648e-01
1.731515e+02 1.000000e+00 1.933212e-01
1.731515e+02 2.000000e+00 1.839072e-01
1.731515e+02 3.000000e+00 1.737419e-01
1.731515e+02 4.000000e+00 1.638742e-01
1.731515e+02 5.000000e+00 1.521912e-01
1.731515e+02 6.000000e+00 1.270065e-01
1.731515e+02 7.000000e+00 9.447760e-02
1.731515e+02 8.000000e+00 6.255536e-02
1.731515e+02 9.000000e+00 4.761077e-02
1.731515e+02 1.000000e+01 4.119128e-02
1.731515e+02 1.100000e+01 3.797937e-02
1.731515e+02 1.200000e+01 3.615248e-02
1.731515e+02 1.300000e+01 3.473672e-02
1.731515e+02 1.400000e+01 3.370664e-02
1.731515e+02 1.500000e+01 3.154808e-02
1.731515e+02 1.600000e+01 2.949823e-02
1.731515e+02 1.700000e+01 2.627288e-02
1.731515e+02 1.800000e+01 2.383722e-02
1.731515e+02 1.900000e+01 2.093582e-02
1.731515e+02 2.000000e+01 2.054499e-02
1.761717e+02 0.000000e+00 2.053457e-01
1.761717e+02 1.000000e+00 1.956737e-01
1.761717e+02 2.000000e+00 1.858570e-01
1.761717e+02 3.000000e+00 1.753280e-01
1.761717e+02 4.000000e+00 1.651587e-01
1.761717e+02 5.000000e+00 1.531447e-01
1.761717e+02 6.000000e+00 1.272735e-01
1.761717e+02 7.000000e+00 9.422620e-02
1.761717e+02 8.000000e+00 6.213910e-02
1.761717e+02 9.000000e+00 4.721365e-02
1.761717e+02 1.000000e+01 4.081282e-02
1.761717e+02 1.100000e+01 3.760600e-02
1.761717e+02 1.200000e+01 3.577518e-02
1.761717e+02 1.300000e+01 3.435297e-02
1.761717e+02 1.400000e+01 3.331168e-02
1.761717e+02 1.500000e+01 3.115452e-02
1.761717e+02 1.600000e+01 2.910434e-02
1.761717e+02 1.700000e+01 2.589760e-02
1.761717e+02 1.800000e+01 2.347351e-02
1.761717e+02 1.900000e+01 2.060236e-02
1.761717e+02 2.000000e+01 2.021827e-02
1.791919e+02 0.000000e+00 2.079933e-01
1.791919e+02 1.000000e+00 1.978924e-01
1.791919e+02 2.000000e+00 1.876755e-01
1.791919e+02 3.000000e+00 1.767910e-01
1.791919e+02 4.000000e+00 1.663294e-01
1.791919e+02 5.000000e+00 1.539970e-01
1.791919e+02 6.000000e+00 1.274636e-01
1.791919e+02 7.000000e+00 9.392926e-02
1.791919e+02 8.000000e+00 6.170108e-02
1.791919e+02 9.000000e+00 4.680301e-02
1.791919e+02 1.000000e+01 4.042369e-02
1.791919e+02 1.100000e+01 3.722318e-02
1.791919e+02 1.200000e+01 3.538900e-02
1.791919e+02 1.300000e+01 3.396075e-02
1.791919e+02 1.400000e+01 3.290860e-02
1.791919e+02 1.500000e+01 3.075356e-02
1.791919e+02 1.600000e+01 2.870401e-02
1.791919e+02 1.700000e+01 2.551736e-02
1.791919e+02 1.800000e+01 2.310653e-02
1.791919e+02 1.900000e+01 2.026730e-02
1.791919e+02 2.000000e+01 1.989083e-02
1.822121e+02 0.000000e+00 2.105053e-01
1.822121e+02 1.000000e+00 1.999761e-01
1.822121e+02 2.000000e+00 1.893621e-01
1.822121e+02 3.000000e+00 1.781309e-01
1.822121e+02 4.000000e+00 1.673869e-01
1.822121e+02 5.000000e+00 1.547489e-01
1.822121e+02 6.000000e+00 1.275785e-01
1.822121e+02 7.000000e+00 9.358844e-02
1.822121e+02 8.000000e+00 6.124251e-02
1.822121e+02 9.000000e+00 4.637974e-02
1.822121e+02 1.000000e+01 4.002468e-02
1.822121e+02 1.100000e+01 3.683165e-02
1.822121e+02 1.200000e+01 3.499470e-02
1.822121e+02 1.300000e+01 3.356081e-02
1.822121e+02 1.400000e+01 3.249815e-02
1.822121e+02 1.500000e+01 3.034596e-02
1.822121e+02 1.600000e+01 2.829797e-02
1.822121e+02 1.700000e+01 2.513280e-02
1.822121e+02 1.800000e+01 2.273685e-02
1.822121e+02 1.900000e+01 1.993106e-02
1.822121e+02 2.000000e+01 1.956301e-02
1.852323e+02 0.000000e+00 2.128799e-01
1.852323e+02 1.000000e+00 2.019237e-01
1.852323e+02 2.000000e+00 1.909167e-01
1.852323e+02 3.000000e+00 1.793481e-01
1.852323e+02 4.000000e+00 1.683321e-01
1.852323e+02 5.000000e+00 1.554015e-01
1.852323e+02 6.000000e+00 1.276199e-01
1.852323e+02 7.000000e+00 9.320542e-02
1.852323e+02 8.000000e+00 6.076455e-02
1.852323e+02 9.000000e+00 4.594473e-02
1.852323e+02 1.000000e+01 3.961656e-02
1.852323e+02 1.100000e+01 3.643214e-02
1.852323e+02 1.200000e+01 3.459299e-02
1.852323e+02 1.300000e+01 3.315386e-02
1.852323e+02 1.400000e+01 3.208105e-02
1.852323e+02 1.500000e+01 2.993241e-02
1.852323e+02 1.600000e+01 2.788691e-02
1.852323e+02 1.700000e+01 2.474457e-02
1.852323e+02 1.800000e+01 2.236500e-02
1.852323e+02 1.900000e+01 1.959406e-02
1.852323e+02 2.000000e+01 1.923513e-02
1.882525e+02 0.000000e+00 2.151157e-01
1.882525e+02 1.000000e+00 2.037347e-01
1.882525e+02 2.000000e+00 1.923396e-01
1.882525e+02 3.000000e+00 1.804434e-01
1.882525e+02 4.000000e+00 1.691658e-01
1.882525e+02 5.000000e+00 1.559562e-01
1.882525e+02 6.000000e+00 1.275897e-01
1.882525e+02 7.000000e+00 9.278186e-02
1.882525e+02 8.000000e+00 6.026835e-02
1.882525e+02 9.000000e+00 4.549884e-02
1.882525e+02 1.000000e+01 3.920006e-02
1.882525e+02 1.100000e+01 3.602535e-02
1.882525e+02 1.200000e+01 3.418455e-02
1.882525e+02 1.300000e+01 3.274059e-02
1.882525e+02 1.400000e+01 3.165802e-02
1.882525e+02 1.500000e+01 2.951362e-02
1.882525e+02 1.600000e+01 2.747150e-02
1.882525e+02 1.700000e+01 2.435324e-02
1.882525e+02 1.800000e+01 2.199149e-02
1.882525e+02 1.900000e+01 1.925666e-02
1.882525e+02 2.000000e+01 1.890749e-02
1.912727e+02 0.000000e+00 2.172116e-01
1.912727e+02 1.000000e+00 2.054090e-01
1.912727e+02 2.000000e+00 1.936314e-01
1.912727e+02 3.000000e+00 1.814179e-01
1.912727e+02 4.000000e+00 1.698895e-01
1.912727e+02 5.000000e+00 1.564145e-01
1.912727e+02 6.000000e+00 1.274898e-01
1.912727e+02 7.000000e+00 9.231946e-02
1.912727e+02 8.000000e+00 5.975504e-02
1.912727e+02 9.000000e+00 4.504288e-02
1.912727e+02 1.000000e+01 3.877590e-02
1.912727e+02 1.100000e+01 3.561194e-02
1.912727e+02 1.200000e+01 3.377004e-02
1.912727e+02 1.300000e+01 3.232167e-02
1.912727e+02 1.400000e+01 3.122971e-02
1.912727e+02 1.500000e+01 2.909022e-02
1.912727e+02 1.600000e+01 2.705236e-02
1.912727e+02 1.700000e+01 2.395938e-02
1.912727e+02 1.800000e+01 2.161679e-02
1.912727e+02 1.900000e+01 1.891920e-02
1.912727e+02 2.000000e+01 1.858036e-02
1.942929e+02 0.000000e+00 2.191670e-01
1.942929e+02 1.000000e+00 2.069468e-01
1.942929e+02 2.000000e+00 1.947930e-01
1.942929e+02 3.000000e+00 1.822728e-01
1.942929e+02 4.000000e+00 1.705048e-01
1.942929e+02 5.000000e+00 1.567781e-01
1.942929e+02 6.000000e+00 1.273222e-01
1.942929e+02 7.000000e+00 9.181990e-02
1.942929e+02 8.000000e+00 5.922570e-02
1.942929e+02 9.000000e+00 4.457768e-02
1.942929e+02 1.000000e+01 3.834477e-02
1.942929e+02 1.100000e+01 3.519257e-02
1.942929e+02 1.200000e+01 3.335010e-02
1.942929e+02 1.300000e+01 3.189772e-02
1.942929e+02 1.400000e+01 3.079677e-02
1.942929e+02 1.500000e+01 2.866284e-02
1.942929e+02 1.600000e+01 2.663009e-02
1.942929e+02 1.700000e+01 2.356352e-02
1.942929e+02 1.800000e+01 2.124133e-02
1.942929e+02 1.900000e+01 1.858202e-02
1.942929e+02 2.000000e+01 1.825399e-02
1.973131e+02 0.000000e+00 2.209819e-01
1.973131e+02 1.000000e+00 2.083488e-01
1.973131e+02 2.000000e+00 1.958256e-01
1.973131e+02 3.000000e+00 1.830099e-01
1.973131e+02 4.000000e+00 1.710134e-01
1.973131e+02 5.000000e+00 1.570488e-01
1.973131e+02 6.000000e+00 1.270889e-01
1.973131e+02 7.000000e+00 9.128486e-02
1.973131e+02 8.000000e+00 5.868142e-02
1.973131e+02 9.000000e+00 4.410400e-02
1.973131e+02 1.000000e+01 3.790735e-02
1.973131e+02 1.100000e+01 3.476785e-02
1.973131e+02 1.200000e+01 3.292535e-02
1.973131e+02 1.300000e+01 3.146935e-02
1.973131e+02 1.400000e+01 3.035982e-02
1.973131e+02 1.500000e+01 2.823209e-02
1.973131e+02 1.600000e+01 2.620526e-02
1.973131e+02 1.700000e+01 2.316615e-02
1.973131e+02 1.800000e+01 2.086554e-02
1.973131e+02 1.900000e+01 1.824541e-02
1.973131e+02 2.000000e+01 1.792863e-02
2.003333e+02 0.000000e+00 2.226563e-01
2.003333e+02 1.000000e+00 2.096158e-01
2.003333e+02 2.000000e+00 1.967309e-01
2.003333e+02 3.000000e+00 1.836310e-01
2.003333e+02 4.000000e+00 1.714172e-01
2.003333e+02 5.000000e+00 1.572287e-01
2.003333e+02 6.000000e+00 1.267921e-01
2.003333e+02 7.000000e+00 9.071600e-02
2.003333e+02 8.000000e+00 5.812324e-02
2.003333e+02 9.000000e+00 4.362261e-02
2.003333e+02 1.000000e+01 3.746428e-02
2.003333e+02 1.100000e+01 3.433840e-02
2.003333e+02 1.200000e+01 3.249636e-02
2.003333e+02 1.300000e+01 3.103715e-02
2.003333e+02 1.400000e+01 2.991943e-02
2.003333e+02 1.500000e+01 2.779851e-02
2.003333e+02 1.600000e+01 2.577841e-02
2.003333e+02 1.700000e+01 2.276775e-02
2.003333e+02 1.800000e+01 2.048978e-02
2.003333e+02 1.900000e+01 1.790965e-02
2.003333e+02 2.000000e+01 1.760448e-02
2.033535e+02 0.000000e+00 2.241910e-01
2.033535e+02 1.000000e+00 2.107492e-01
2.033535e+02 2.000000e+00 1.975107e-01
2.033535e+02 3.000000e+00 1.841381e-01
2.033535e+02 4.000000e+00 1.717185e-01
2.033535e+02 5.000000e+00 1.573198e-01
2.033535e+02 6.000000e+00 1.264338e-01
2.033535e+02 7.000000e+00 9.011497e-02
2.033535e+02 8.000000e+00 5.755218e-02
2.033535e+02 9.000000e+00 4.313423e-02
2.033535e+02 1.000000e+01 3.701617e-02
2.033535e+02 1.100000e+01 3.390480e-02
2.033535e+02 1.200000e+01 3.206372e-02
2.033535e+02 1.300000e+01 3.060168e-02
2.033535e+02 1.400000e+01 2.947617e-02
2.033535e+02 1.500000e+01 2.736266e-02
2.033535e+02 1.600000e+01 2.535003e-02
2.033535e+02 1.700000e+01 2.236876e-02
2.033535e+02 1.800000e+01 2.011444e-02
2.033535e+02 1.900000e+01 1.757500e-02
2.033535e+02 2.000000e+01 1.728175e-02
2.063737e+02 0.000000e+00 2.255868e-01
2.063737e+02 1.000000e+00 2.117506e-01
2.063737e+02 2.000000e+00 1.981671e-01
2.063737e+02 3.000000e+00 1.845335e-01
2.063737e+02 4.000000e+00 1.719195e-01
2.063737e+02 5.000000e+00 1.573244e-01
2.063737e+02 6.000000e+00 1.260164e-01
2.063737e+02 7.000000e+00 8.948343e-02
2.063737e+02 8.000000e+00 5.696924e-02
2.063737e+02 9.000000e+00 4.263959e-02
2.063737e+02 1.000000e+01 3.656364e-02
2.063737e+02 1.100000e+01 3.346759e-02
2.063737e+02 1.200000e+01 3.162795e-02
2.063737e+02 1.300000e+01 3.016347e-02
2.063737e+02 1.400000e+01 2.903057e-02
2.063737e+02 1.500000e+01 2.692504e-02
2.063737e+02 1.600000e+01 2.492063e-02
2.063737e+02 1.700000e+01 2.196959e-02
2.063737e+02 1.800000e+01 1.973984e-02
2.063737e+02 1.900000e+01 1.724170e-02
2.063737e+02 2.000000e+01 1.696062e-02
2.093939e+02 0.000000e+00 2.268450e-01
2.093939e+02 1.000000e+00 2.126218e-01
2.093939e+02 2.000000e+00 1.987024e-01
2.093939e+02 3.000000e+00 1.848197e-01
2.093939e+02 4.000000e+00 1.720227e-01
2.093939e+02 5.000000e+00 1.572450e-01
2.093939e+02 6.000000e+00 1.255420e-01
2.093939e+02 7.000000e+00 8.882300e-02
2.093939e+02 8.000000e+00 5.637540e-02
2.093939e+02 9.000000e+00 4.213935e-02
2.093939e+02 1.000000e+01 3.610725e-02
2.093939e+02 1.100000e+01 3.302731e-02
2.093939e+02 1.200000e+01 3.118958e-02
2.093939e+02 1.300000e+01 2.972305e-02
2.093939e+02 1.400000e+01 2.858315e-02
2.093939e+02 1.500000e+01 2.648615e-02
2.093939e+02 1.600000e+01 2.449064e-02
2.093939e+02 1.700000e+01 2.157063e-02
2.093939e+02 1.800000e+01 1.936629e-02
2.093939e+02 1.900000e+01 1.690998e-02
2.093939e+02 2.000000e+01 1.664127e-02
2.124141e+02 0.000000e+00 2.279672e-01
2.124141e+02 1.000000e+00 2.133651e-01
2.124141e+02 2.000000e+00 1.991193e-01
2.124141e+02 3.000000e+00 1.849994e-01
2.124141e+02 4.000000e+00 1.720308e-01
2.124141e+02 5.000000e+00 1.570839e-01
2.124141e+02 6.000000e+00 1.250128e-01
2.124141e+02 7.000000e+00 8.813529e-02
2.124141e+02 8.000000e+00 5.577158e-02
2.124141e+02 9.000000e+00 4.163418e-02
2.124141e+02 1.000000e+01 3.564758e-02
2.124141e+02 1.100000e+01 3.258449e-02
2.124141e+02 1.200000e+01 3.074911e-02
2.124141e+02 1.300000e+01 2.928089e-02
2.124141e+02 1.400000e+01 2.813440e-02
2.124141e+02 1.500000e+01 2.604645e-02
2.124141e+02 1.600000e+01 2.406052e-02
2.124141e+02 1.700000e+01 2.117226e-02
2.124141e+02 1.800000e+01 1.899409e-02
2.124141e+02 1.900000e+01 1.658003e-02
2.124141e+02 2.000000e+01 1.632385e-02
2.154343e+02 0.000000e+00 2.289554e-01
2.154343e+02 1.000000e+00 2.139829e-01
2.154343e+02 2.000000e+00 1.994204e-01
2.154343e+02 3.000000e+00 1.850753e-01
2.154343e+02 4.000000e+00 1.719463e-01
2.154343e+02 5.000000e+00 1.568437e-01
2.154343e+02 6.000000e+00 1.244312e-01
2.154343e+02 7.000000e+00 8.742188e-02
2.154343e+02 8.000000e+00 5.515871e-02
2.154343e+02 9.000000e+00 4.112473e-02
2.154343e+02 1.000000e+01 3.518515e-02
2.154343e+02 1.100000e+01 3.213962e-02
2.154343e+02 1.200000e+01 3.030702e-02
2.154343e+02 1.300000e+01 2.883747e-02
2.154343e+02 1.400000e+01 2.768477e-02
2.154343e+02 1.500000e+01 2.560639e-02
2.154343e+02 1.600000e+01 2.363066e-02
2.154343e+02 1.700000e+01 2.077482e-02
2.154343e+02 1.800000e+01 1.862352e-02
2.154343e+02 1.900000e+01 1.625207e-02
2.154343e+02 2.000000e+01 1.600851e-02
2.184545e+02 0.000000e+00 2.298117e-01
2.184545e+02 1.000000e+00 2.144777e-01
2.184545e+02 2.000000e+00 1.996086e-01
2.184545e+02 3.000000e+00 1.850503e-01
2.184545e+02 4.000000e+00 1.717721e-01
2.184545e+02 5.000000e+00 1.565270e-01
2.184545e+02 6.000000e+00 1.237993e-01
2.184545e+02 7.000000e+00 8.668433e-02
2.184545e+02 8.000000e+00 5.453768e-02
2.184545e+02 9.000000e+00 4.061160e-02
2.184545e+02 1.000000e+01 3.472048e-02
2.184545e+02 1.100000e+01 3.169316e-02
2.184545e+02 1.200000e+01 2.986376e-02
2.184545e+02 1.300000e+01 2.839324e-02
2.184545e+02 1.400000e+01 2.723473e-02
2.184545e+02 1.500000e+01 2.516637e-02
2.184545e+02 1.600000e+01 2.320146e-02
2.184545e+02 1.700000e+01 2.037864e-02
2.184545e+02 1.800000e+01 1.825483e-02
2.184545e+02 1.900000e+01 1.592625e-02
2.184545e+02 2.000000e+01 1.569538e-02
2.214747e+02 0.000000e+00 2.305385e-01
2.214747e+02 1.000000e+00 2.148524e-01
2.214747e+02 2.000000e+00 1.996870e-01
2.214747e+02 3.000000e+00 1.849275e-01
2.214747e+02 4.000000e+00 1.715111e-01
2.214747e+02 5.000000e+00 1.561364e-01
2.214747e+02 6.000000e+00 1.231195e-01
2.214747e+02 7.000000e+00 8.592419e-02
2.214747e+02 8.000000e+00 5.390936e-02
2.214747e+02 9.000000e+00 4.009540e-02
2.214747e+02 1.000000e+01 3.425406e-02
2.214747e+02 1.100000e+01 3.124558e-02
2.214747e+02 1.200000e+01 2.941978e-02
2.214747e+02 1.300000e+01 2.794862e-02
2.214747e+02 1.400000e+01 2.678467e-02
2.214747e+02 1.500000e+01 2.472681e-02
2.214747e+02 1.600000e+01 2.277327e-02
2.214747e+02 1.700000e+01 1.998402e-02
2.214747e+02 1.800000e+01 1.788825e-02
2.214747e+02 1.900000e+01 1.560274e-02
2.214747e+02 2.000000e+01 1.538458e-02
2.244949e+02 0.000000e+00 2.311385e-01
2.244949e+02 1.000000e+00 2.151101e-01
2.244949e+02 2.000000e+00 1.996589e-01
2.244949e+02 3.000000e+00 1.847099e-01
2.244949e+02 4.000000e+00 1.711662e-01
2.244949e+02 5.000000e+00 1.556747e-01
2.244949e+02 6.000000e+00 1.223939e-01
2.244949e+02 7.000000e+00 8.514297e-02
2.244949e+02 8.000000e+00 5.327458e-02
2.244949e+02 9.000000e+00 3.957670e-02
2.244949e+02 1.000000e+01 3.378639e-02
2.244949e+02 1.100000e+01 3.079732e-02
2.244949e+02 1.200000e+01 2.897549e-02
2.244949e+02 1.300000e+01 2.750404e-02
2.244949e+02 1.400000e+01 2.633502e-02
2.244949e+02 1.500000e+01 2.428807e-02
2.244949e+02 1.600000e+01 2.234644e-02
2.244949e+02 1.700000e+01 1.959125e-02
2.244949e+02 1.800000e+01 1.752401e-02
2.244949e+02 1.900000e+01 1.528171e-02
2.244949e+02 2.000000e+01 1.507623e-02
2.275152e+02 0.000000e+00 2.316147e-01
2.275152e+02 1.000000e+00 2.152538e-01
2.275152e+02 2.000000e+00 1.995275e-01
2.275152e+02 3.000000e+00 1.844008e-01
2.275152e+02 4.000000e+00 1.707405e-01
2.275152e+02 5.000000e+00 1.551446e-01
2.275152e+02 6.000000e+00 1.216249e-01
2.275152e+02 7.000000e+00 8.434215e-02
2.275152e+02 8.000000e+00 5.263417e-02
2.275152e+02 9.000000e+00 3.905606e-02
2.275152e+02 1.000000e+01 3.331790e-02
2.275152e+02 1.100000e+01 3.034879e-02
2.275152e+02 1.200000e+01 2.853129e-02
2.275152e+02 1.300000e+01 2.705987e-02
2.275152e+02 1.400000e+01 2.588615e-02
2.275152e+02 1.500000e+01 2.385052e-02
2.275152e+02 1.600000e+01 2.192131e-02
2.275152e+02 1.700000e+01 1.920059e-02
2.275152e+02 1.800000e+01 1.716231e-02
2.275152e+02 1.900000e+01 1.496328e-02
2.275152e+02 2.000000e+01 1.477042e-02
2.305354e+02 0.000000e+00 2.319700e-01
2.305354e+02 1.000000e+00 2.152870e-01
2.305354e+02 2.000000e+00 1.992962e-01
2.305354e+02 3.000000e+00 1.840035e-01
2.305354e+02 4.000000e+00 1.702370e-01
2.305354e+02 5.000000e+00 1.545489e-01
2.305354e+02 6.000000e+00 1.208148e-01
2.305354e+02 7.000000e+00 8.352319e-02
2.305354e+02 8.000000e+00 5.198890e-02
2.305354e+02 9.000000e+00 3.853400e-02
2.305354e+02 1.000000e+01 3.284905e-02
2.305354e+02 1.100000e+01 2.990039e-02
2.305354e+02 1.200000e+01 2.808758e-02
2.305354e+02 1.300000e+01 2.661649e-02
2.305354e+02 1.400000e+01 2.543843e-02
2.305354e+02 1.500000e+01 2.341449e-02
2.305354e+02 1.600000e+01 2.149817e-02
2.305354e+02 1.700000e+01 1.881231e-02
2.305354e+02 1.800000e+01 1.680335e-02
2.305354e+02 1.900000e+01 1.464759e-02
2.305354e+02 2.000000e+01 1.446727e-02
2.335556e+02 0.000000e+00 2.322078e-01
2.335556e+02 1.000000e+00 2.152129e-01
2.335556e+02 2.000000e+00 1.989685e-01
2.335556e+02 3.000000e+00 1.835212e-01
2.335556e+02 4.000000e+00 1.696589e-01
2.335556e+02 5.000000e+00 1.538903e-01
2.335556e+02 6.000000e+00 1.199656e-01
2.335556e+02 7.000000e+00 8.268752e-02
2.335556e+02 8.000000e+00 5.133953e-02
2.335556e+02 9.000000e+00 3.801104e-02
2.335556e+02 1.000000e+01 3.238025e-02
2.335556e+02 1.100000e+01 2.945250e-02
2.335556e+02 1.200000e+01 2.764472e-02
2.335556e+02 1.300000e+01 2.617425e-02
2.335556e+02 1.400000e+01 2.499219e-02
2.335556e+02 1.500000e+01 2.298031e-02
2.335556e+02 1.600000e+01 2.107730e-02
2.335556e+02 1.700000e+01 1.842662e-02
2.335556e+02 1.800000e+01 1.644729e-02
2.335556e+02 1.900000e+01 1.433476e-02
2.335556e+02 2.000000e+01 1.416685e-02
2.365758e+02 0.000000e+00 2.323313e-01
2.365758e+02 1.000000e+00 2.150353e-01
2.365758e+02 2.000000e+00 1.985480e-01
2.365758e+02 3.000000e+00 1.829574e-01
2.365758e+02 4.000000e+00 1.690092e-01
2.365758e+02 5.000000e+00 1.531718e-01
2.365758e+02 6.000000e+00 1.190797e-01
2.365758e+02 7.000000e+00 8.183654e-02
2.365758e+02 8.000000e+00 5.068682e-02
2.365758e+02 9.000000e+00 3.748767e-02
2.365758e+02 1.000000e+01 3.191192e-02
2.365758e+02 1.100000e+01 2.900551e-02
2.365758e+02 1.200000e+01 2.720304e-02
2.365758e+02 1.300000e+01 2.573350e-02
2.365758e+02 1.400000e+01 2.454778e-02
2.365758e+02 1.500000e+01 2.254828e-02
2.365758e+02 1.600000e+01 2.065900e-02
2.365758e+02 1.700000e+01 1.804375e-02
2.365758e+02 1.800000e+01 1.609431e-02
2.365758e+02 1.900000e+01 1.402490e-02
2.365758e+02 2.000000e+01 1.386923e-02
2.395960e+02 0.000000e+00 2.323442e-01
2.395960e+02 1.000000e+00 2.147576e-01
2.395960e+02 2.000000e+00 1.980383e-01
2.395960e+02 3.000000e+00 1.823153e-01
2.395960e+02 4.000000e+00 1.682911e-01
2.395960e+02 5.000000e+00 1.523960e-01
2.395960e+02 6.000000e+00 1.181592e-01
2.395960e+02 7.000000e+00 8.097160e-02
2.395960e+02 8.000000e+00 5.003147e-02
2.395960e+02 9.000000e+00 3.696437e-02
2.395960e+02 1.000000e+01 3.144444e-02
2.395960e+02 1.100000e+01 2.855975e-02
2.395960e+02 1.200000e+01 2.676290e-02
2.395960e+02 1.300000e+01 2.529456e-02
2.395960e+02 1.400000e+01 2.410550e-02
2.395960e+02 1.500000e+01 2.211869e-02
2.395960e+02 1.600000e+01 2.024349e-02
2.395960e+02 1.700000e+01 1.766391e-02
2.395960e+02 1.800000e+01 1.574456e-02
2.395960e+02 1.900000e+01 1.371810e-02
2.395960e+02 2.000000e+01 1.357451e-02
2.426162e+02 0.000000e+00 2.322500e-01
2.426162e+02 1.000000e+00 2.143837e-01
2.426162e+02 2.000000e+00 1.974430e-01
2.426162e+02 3.000000e+00 1.815985e-01
2.426162e+02 4.000000e+00 1.675077e-01
2.426162e+02 5.000000e+00 1.515658e-01
2.426162e+02 6.000000e+00 1.172063e-01
2.426162e+02 7.000000e+00 8.009405e-02
2.426162e+02 8.000000e+00 4.937418e-02
2.426162e+02 9.000000e+00 3.644159e-02
2.426162e+02 1.000000e+01 3.097817e-02
2.426162e+02 1.100000e+01 2.811556e-02
2.426162e+02 1.200000e+01 2.632461e-02
2.426162e+02 1.300000e+01 2.485772e-02
2.426162e+02 1.400000e+01 2.366565e-02
2.426162e+02 1.500000e+01 2.169180e-02
2.426162e+02 1.600000e+01 1.983104e-02
2.426162e+02 1.700000e+01 1.728728e-02
2.426162e+02 1.800000e+01 1.539817e-02
2.426162e+02 1.900000e+01 1.341445e-02
2.426162e+02 2.000000e+01 1.328273e-02
2.456364e+02 0.000000e+00 2.320525e-01
2.456364e+02 1.000000e+00 2.139171e-01
2.456364e+02 2.000000e+00 1.967658e-01
2.456364e+02 3.000000e+00 1.808104e-01
2.456364e+02 4.000000e+00 1.666622e-01
2.456364e+02 5.000000e+00 1.506839e-01
2.456364e+02 6.000000e+00 1.162231e-01
2.456364e+02 7.000000e+00 7.920518e-02
2.456364e+02 8.000000e+00 4.871560e-02
2.456364e+02 9.000000e+00 3.591977e-02
2.456364e+02 1.000000e+01 3.051349e-02
2.456364e+02 1.100000e+01 2.767326e-02
2.456364e+02 1.200000e+01 2.588847e-02
2.456364e+02 1.300000e+01 2.442329e-02
2.456364e+02 1.400000e+01 2.322850e-02
2.456364e+02 1.500000e+01 2.126787e-02
2.456364e+02 1.600000e+01 1.942185e-02
2.456364e+02 1.700000e+01 1.691404e-02
2.456364e+02 1.800000e+01 1.505527e-02
2.456364e+02 1.900000e+01 1.311405e-02
2.456364e+02 2.000000e+01 1.299396e-02
2.486566e+02 0.000000e+00 2.317554e-01
2.486566e+02 1.000000e+00 2.133618e-01
2.486566e+02 2.000000e+00 1.960103e-01
2.486566e+02 3.000000e+00 1.799543e-01
2.486566e+02 4.000000e+00 1.657577e-01
2.486566e+02 5.000000e+00 1.497532e-01
2.486566e+02 6.000000e+00 1.152117e-01
2.486566e+02 7.000000e+00 7.830627e-02
2.486566e+02 8.000000e+00 4.805638e-02
2.486566e+02 9.000000e+00 3.539933e-02
2.486566e+02 1.000000e+01 3.005072e-02
2.486566e+02 1.100000e+01 2.723317e-02
2.486566e+02 1.200000e+01 2.545477e-02
2.486566e+02 1.300000e+01 2.399153e-02
2.486566e+02 1.400000e+01 2.279433e-02
2.486566e+02 1.500000e+01 2.084715e-02
2.486566e+02 1.600000e+01 1.901615e-02
2.486566e+02 1.700000e+01 1.654437e-02
2.486566e+02 1.800000e+01 1.471599e-02
2.486566e+02 1.900000e+01 1.281698e-02
2.486566e+02 2.000000e+01 1.270825e-02
2.516768e+02 0.000000e+00 2.313628e-01
2.516768e+02 1.000000e+00 2.127215e-01
2.516768e+02 2.000000e+00 1.951803e-01
2.516768e+02 3.000000e+00 1.790338e-01
2.516768e+02 4.000000e+00 1.647974e-01
2.516768e+02 5.000000e+00 1.487764e-01
2.516768e+02 6.000000e+00 1.141742e-01
2.516768e+02 7.000000e+00 7.739855e-02
2.516768e+02 8.000000e+00 4.739714e-02
2.516768e+02 9.000000e+00 3.488068e-02
2.516768e+02 1.000000e+01 2.959019e-02
2.516768e+02 1.100000e+01 2.679556e-02
2.516768e+02 1.200000e+01 2.502379e-02
2.516768e+02 1.300000e+01 2.356271e-02
2.516768e+02 1.400000e+01 2.236337e-02
2.516768e+02 1.500000e+01 2.042985e-02
2.516768e+02 1.600000e+01 1.861412e-02
2.516768e+02 1.700000e+01 1.617840e-02
2.516768e+02 1.800000e+01 1.438042e-02
2.516768e+02 1.900000e+01 1.252329e-02
2.516768e+02 2.000000e+01 1.242566e-02
2.546970e+02 0.000000e+00 2.308783e-01
2.546970e+02 1.000000e+00 2.120000e-01
2.546970e+02 2.000000e+00 1.942795e-01
2.546970e+02 3.000000e+00 1.780521e-01
2.546970e+02 4.000000e+00 1.637843e-01
2.546970e+02 5.000000e+00 1.477563e-01
2.546970e+02 6.000000e+00 1.131125e-01
2.546970e+02 7.000000e+00 7.648323e-02
2.546970e+02 8.000000e+00 4.673848e-02
2.546970e+02 9.000000e+00 3.436419e-02
2.546970e+02 1.000000e+01 2.913222e-02
2.546970e+02 1.100000e+01 2.636072e-02
2.546970e+02 1.200000e+01 2.459578e-02
2.546970e+02 1.300000e+01 2.313708e-02
2.546970e+02 1.400000e+01 2.193588e-02
2.546970e+02 1.500000e+01 2.001619e-02
2.546970e+02 1.600000e+01 1.821595e-02
2.546970e+02 1.700000e+01 1.581628e-02
2.546970e+02 1.800000e+01 1.404869e-02
2.546970e+02 1.900000e+01 1.223305e-02
2.546970e+02 2.000000e+01 1.214623e-02
2.577172e+02 0.000000e+00 2.303061e-01
2.577172e+02 1.000000e+00 2.112013e-01
2.577172e+02 2.000000e+00 1.933114e-01
2.577172e+02 3.000000e+00 1.770126e-01
2.577172e+02 4.000000e+00 1.627216e-01
2.577172e+02 5.000000e+00 1.466954e-01
2.577172e+02 6.000000e+00 1.120287e-01
2.577172e+02 7.000000e+00 7.556147e-02
2.577172e+02 8.000000e+00 4.608097e-02
2.577172e+02 9.000000e+00 3.385025e-02
2.577172e+02 1.000000e+01 2.867711e-02
2.577172e+02 1.100000e+01 2.592892e-02
2.577172e+02 1.200000e+01 2.417099e-02
2.577172e+02 1.300000e+01 2.271488e-02
2.577172e+02 1.400000e+01 2.151206e-02
2.577172e+02 1.500000e+01 1.960638e-02
2.577172e+02 1.600000e+01 1.782181e-02
2.577172e+02 1.700000e+01 1.545815e-02
2.577172e+02 1.800000e+01 1.372086e-02
2.577172e+02 1.900000e+01 1.194632e-02
2.577172e+02 2.000000e+01 1.186999e-02
2.607374e+02 0.000000e+00 2.296501e-01
2.607374e+02 1.000000e+00 2.103291e-01
2.607374e+02 2.000000e+00 1.922797e-01
2.607374e+02 3.000000e+00 1.759188e-01
2.607374e+02 4.000000e+00 1.616122e-01
2.607374e+02 5.000000e+00 1.455966e-01
2.607374e+02 6.000000e+00 1.109247e-01
2.607374e+02 7.000000e+00 7.463442e-02
2.607374e+02 8.000000e+00 4.542517e-02
2.607374e+02 9.000000e+00 3.333919e-02
2.607374e+02 1.000000e+01 2.822513e-02
2.607374e+02 1.100000e+01 2.550040e-02
2.607374e+02 1.200000e+01 2.374967e-02
2.607374e+02 1.300000e+01 2.229631e-02
2.607374e+02 1.400000e+01 2.109214e-02
2.607374e+02 1.500000e+01 1.920060e-02
2.607374e+02 1.600000e+01 1.743186e-02
2.607374e+02 1.700000e+01 1.510412e-02
2.607374e+02 1.800000e+01 1.339703e-02
2.607374e+02 1.900000e+01 1.166316e-02
2.607374e+02 2.000000e+01 1.159699e-02
2.637576e+02 0.000000e+00 2.289142e-01
2.637576e+02 1.000000e+00 2.093873e-01
2.637576e+02 2.000000e+00 1.911881e-01
2.637576e+02 3.000000e+00 1.747738e-01
2.637576e+02 4.000000e+00 1.604591e-01
2.637576e+02 5.000000e+00 1.444624e-01
2.637576e+02 6.000000e+00 1.098025e-01
2.637576e+02 7.000000e+00 7.370318e-02
2.637576e+02 8.000000e+00 4.477161e-02
2.637576e+02 9.000000e+00 3.283137e-02
2.637576e+02 1.000000e+01 2.777655e-02
2.637576e+02 1.100000e+01 2.507541e-02
2.637576e+02 1.200000e+01 2.333203e-02
2.637576e+02 1.300000e+01 2.188161e-02
2.637576e+02 1.400000e+01 2.067631e-02
2.637576e+02 1.500000e+01 1.879902e-02
2.637576e+02 1.600000e+01 1.704625e-02
2.637576e+02 1.700000e+01 1.475430e-02
2.637576e+02 1.800000e+01 1.307728e-02
2.637576e+02 1.900000e+01 1.138360e-02
2.637576e+02 2.000000e+01 1.132724e-02
2.667778e+02 0.000000e+00 2.281025e-01
2.667778e+02 1.000000e+00 2.083797e-01
2.667778e+02 2.000000e+00 1.900402e-01
2.667778e+02 3.000000e+00 1.735811e-01
2.667778e+02 4.000000e+00 1.592654e-01
2.667778e+02 5.000000e+00 1.432955e-01
2.667778e+02 6.000000e+00 1.086638e-01
2.667778e+02 7.000000e+00 7.276881e-02
2.667778e+02 8.000000e+00 4.412080e-02
2.667778e+02 9.000000e+00 3.232711e-02
2.667778e+02 1.000000e+01 2.733164e-02
2.667778e+02 1.100000e+01 2.465417e-02
2.667778e+02 1.200000e+01 2.291828e-02
2.667778e+02 1.300000e+01 2.147096e-02
2.667778e+02 1.400000e+01 2.026475e-02
2.667778e+02 1.500000e+01 1.840180e-02
2.667778e+02 1.600000e+01 1.666512e-02
2.667778e+02 1.700000e+01 1.440880e-02
2.667778e+02 1.800000e+01 1.276167e-02
2.667778e+02 1.900000e+01 1.110770e-02
2.667778e+02 2.000000e+01 1.106079e-02
2.697980e+02 0.000000e+00 2.272188e-01
2.697980e+02 1.000000e+00 2.073100e-01
2.697980e+02 2.000000e+00 1.888394e-01
2.697980e+02 3.000000e+00 1.723437e-01
2.697980e+02 4.000000e+00 1.580339e-01
2.697980e+02 5.000000e+00 1.420983e-01
2.697980e+02 6.000000e+00 1.075106e-01
2.697980e+02 7.000000e+00 7.183236e-02
2.697980e+02 8.000000e+00 4.347323e-02
2.697980e+02 9.000000e+00 3.182671e-02
2.697980e+02 1.000000e+01 2.689063e-02
2.697980e+02 1.100000e+01 2.423691e-02
2.697980e+02 1.200000e+01 2.250863e-02
2.697980e+02 1.300000e+01 2.106455e-02
2.697980e+02 1.400000e+01 1.985764e-02
2.697980e+02 1.500000e+01 1.800912e-02
2.697980e+02 1.600000e+01 1.628859e-02
2.697980e+02 1.700000e+01 1.406772e-02
2.697980e+02 1.800000e+01 1.245027e-02
2.697980e+02 1.900000e+01 1.083548e-02
2.697980e+02 2.000000e+01 1.079766e-02
2.728182e+02 0.000000e+00 2.262673e-01
2.728182e+02 1.000000e+00 2.061821e-01
2.728182e+02 2.000000e+00 1.875893e-01
2.728182e+02 3.000000e+00 1.710650e-01
2.728182e+02 4.000000e+00 1.567676e-01
2.728182e+02 5.000000e+00 1.408734e-01
2.728182e+02 6.000000e+00 1.063445e-01
2.728182e+02 7.000000e+00 7.089484e-02
2.728182e+02 8.000000e+00 4.282937e-02
2.728182e+02 9.000000e+00 3.133047e-02
2.728182e+02 1.000000e+01 2.645377e-02
2.728182e+02 1.100000e+01 2.382381e-02
2.728182e+02 1.200000e+01 2.210327e-02
2.728182e+02 1.300000e+01 2.066256e-02
2.728182e+02 1.400000e+01 1.945516e-02
2.728182e+02 1.500000e+01 1.762110e-02
2.728182e+02 1.600000e+01 1.591679e-02
2.728182e+02 1.700000e+01 1.373113e-02
2.728182e+02 1.800000e+01 1.214313e-02
2.728182e+02 1.900000e+01 1.056698e-02
2.728182e+02 2.000000e+01 1.053787e-02
2.758384e+02 0.000000e+00 2.252517e-01
2.758384e+02 1.000000e+00 2.049996e-01
2.758384e+02 2.000000e+00 1.862934e-01
2.758384e+02 3.000000e+00 1.697480e-01
2.758384e+02 4.000000e+00 1.554691e-01
2.758384e+02 5.000000e+00 1.396232e-01
2.758384e+02 6.000000e+00 1.051674e-01
2.758384e+02 7.000000e+00 6.995721e-02
2.758384e+02 8.000000e+00 4.218967e-02
2.758384e+02 9.000000e+00 3.083868e-02
2.758384e+02 1.000000e+01 2.602128e-02
2.758384e+02 1.100000e+01 2.341509e-02
2.758384e+02 1.200000e+01 2.170237e-02
2.758384e+02 1.300000e+01 2.026516e-02
2.758384e+02 1.400000e+01 1.905744e-02
2.758384e+02 1.500000e+01 1.723788e-02
2.758384e+02 1.600000e+01 1.554981e-02
2.758384e+02 1.700000e+01 1.339912e-02
2.758384e+02 1.800000e+01 1.184030e-02
2.758384e+02 1.900000e+01 1.030223e-02
2.758384e+02 2.000000e+01 1.028143e-02
2.788586e+02 0.000000e+00 2.241761e-01
2.788586e+02 1.000000e+00 2.037662e-01
2.788586e+02 2.000000e+00 1.849550e-01
2.788586e+02 3.000000e+00 1.683957e-01
2.788586e+02 4.000000e+00 1.541414e-01
2.788586e+02 5.000000e+00 1.383502e-01
2.788586e+02 6.000000e+00 1.039809e-01
2.788586e+02 7.000000e+00 6.902042e-02
2.788586e+02 8.000000e+00 4.155458e-02
2.788586e+02 9.000000e+00 3.035159e-02
2.788586e+02 1.000000e+01 2.559335e-02
2.788586e+02 1.100000e+01 2.301093e-02
2.788586e+02 1.200000e+01 2.130610e-02
2.788586e+02 1.300000e+01 1.987250e-02
2.788586e+02 1.400000e+01 1.866463e-02
2.788586e+02 1.500000e+01 1.685958e-02
2.788586e+02 1.600000e+01 1.518777e-02
2.788586e+02 1.700000e+01 1.307176e-02
2.788586e+02 1.800000e+01 1.154183e-02
2.788586e+02 1.900000e+01 1.004126e-02
2.788586e+02 2.000000e+01 1.002837e-02
2.818788e+02 0.000000e+00 2.230442e-01
2.818788e+02 1.000000e+00 2.024855e-01
2.818788e+02 2.000000e+00 1.835775e-01
2.818788e+02 3.000000e+00 1.670113e-01
2.818788e+02 4.000000e+00 1.527872e-01
2.818788e+02 5.000000e+00 1.370566e-01
2.818788e+02 6.000000e+00 1.027867e-01
2.818788e+02 7.000000e+00 6.808538e-02
2.818788e+02 8.000000e+00 4.092450e-02
2.818788e+02 9.000000e+00 2.986947e-02
2.818788e+02 1.000000e+01 2.517021e-02
2.818788e+02 1.100000e+01 2.261149e-02
2.818788e+02 1.200000e+01 2.091462e-02
2.818788e+02 1.300000e+01 1.948474e-02
2.818788e+02 1.400000e+01 1.827688e-02
2.818788e+02 1.500000e+01 1.648633e-02
2.818788e+02 1.600000e+01 1.483076e-02
2.818788e+02 1.700000e+01 1.274912e-02
2.818788e+02 1.800000e+01 1.124775e-02
2.818788e+02 1.900000e+01 9.784073e-03
2.818788e+02 2.000000e+01 9.778699e-03
2.848990e+02 0.000000e+00 2.218600e-01
2.848990e+02 1.000000e+00 2.011611e-01
2.848990e+02 2.000000e+00 1.821642e-01
2.848990e+02 3.000000e+00 1.655977e-01
2.848990e+02 4.000000e+00 1.514090e-01
2.848990e+02 5.000000e+00 1.357449e-01
2.848990e+02 6.000000e+00 1.015864e-01
2.848990e+02 7.000000e+00 6.715298e-02
2.848990e+02 8.000000e+00 4.029983e-02
2.848990e+02 9.000000e+00 2.939256e-02
2.848990e+02 1.000000e+01 2.475202e-02
2.848990e+02 1.100000e+01 2.221694e-02
2.848990e+02 1.200000e+01 2.052809e-02
2.848990e+02 1.300000e+01 1.910199e-02
2.848990e+02 1.400000e+01 1.789430e-02
2.848990e+02 1.500000e+01 1.611822e-02
2.848990e+02 1.600000e+01 1.447885e-02
2.848990e+02 1.700000e+01 1.243124e-02
2.848990e+02 1.800000e+01 1.095811e-02
2.848990e+02 1.900000e+01 9.530702e-03
2.848990e+02 2.000000e+01 9.532426e-03
2.879192e+02 0.000000e+00 2.206271e-01
2.879192e+02 1.000000e+00 1.997965e-01
2.879192e+02 2.000000e+00 1.807182e-01
2.879192e+02 3.000000e+00 1.641578e-01
2.879192e+02 4.000000e+00 1.500095e-01
2.879192e+02 5.000000e+00 1.344173e-01
2.879192e+02 6.000000e+00 1.003814e-01
2.879192e+02 7.000000e+00 6.622405e-02
2.879192e+02 8.000000e+00 3.968095e-02
2.879192e+02 9.000000e+00 2.892109e-02
2.879192e+02 1.000000e+01 2.433898e-02
2.879192e+02 1.100000e+01 2.182744e-02
2.879192e+02 1.200000e+01 2.014664e-02
2.879192e+02 1.300000e+01 1.872441e-02
2.879192e+02 1.400000e+01 1.751701e-02
2.879192e+02 1.500000e+01 1.575536e-02
2.879192e+02 1.600000e+01 1.413213e-02
2.879192e+02 1.700000e+01 1.211819e-02
2.879192e+02 1.800000e+01 1.067294e-02
2.879192e+02 1.900000e+01 9.281159e-03
2.879192e+02 2.000000e+01 9.289562e-03
2.909394e+02 0.000000e+00 2.193493e-01
2.909394e+02 1.000000e+00 1.983952e-01
2.909394e+02 2.000000e+00 1.792429e-01
2.909394e+02 3.000000e+00 1.626944e-01
2.909394e+02 4.000000e+00 1.485913e-01
2.909394e+02 5.000000e+00 1.330759e-01
2.909394e+02 6.000000e+00 9.917349e-02
2.909394e+02 7.000000e+00 6.529941e-02
2.909394e+02 8.000000e+00 3.906823e-02
2.909394e+02 9.000000e+00 2.845529e-02
2.909394e+02 1.000000e+01 2.393126e-02
2.909394e+02 1.100000e+01 2.144314e-02
2.909394e+02 1.200000e+01 1.977041e-02
2.909394e+02 1.300000e+01 1.835211e-02
2.909394e+02 1.400000e+01 1.714512e-02
2.909394e+02 1.500000e+01 1.539784e-02
2.909394e+02 1.600000e+01 1.379067e-02
2.909394e+02 1.700000e+01 1.181001e-02
2.909394e+02 1.800000e+01 1.039225e-02
2.909394e+02 1.900000e+01 9.035456e-03
2.909394e+02 2.000000e+01 9.050116e-03
2.939596e+02 0.000000e+00 2.180304e-01
2.939596e+02 1.000000e+00 1.969605e-01
2.939596e+02 2.000000e+00 1.777412e-01
2.939596e+02 3.000000e+00 1.612103e-01
2.939596e+02 4.000000e+00 1.471568e-01
2.939596e+02 5.000000e+00 1.317229e-01
2.939596e+02 6.000000e+00 9.796394e-02
2.939596e+02 7.000000e+00 6.437986e-02
2.939596e+02 8.000000e+00 3.846200e-02
2.939596e+02 9.000000e+00 2.799535e-02
2.939596e+02 1.000000e+01 2.352900e-02
2.939596e+02 1.100000e+01 2.106417e-02
2.939596e+02 1.200000e+01 1.939952e-02
2.939596e+02 1.300000e+01 1.798519e-02
2.939596e+02 1.400000e+01 1.677874e-02
2.939596e+02 1.500000e+01 1.504574e-02
2.939596e+02 1.600000e+01 1.345454e-02
2.939596e+02 1.700000e+01 1.150674e-02
2.939596e+02 1.800000e+01 1.011607e-02
2.939596e+02 1.900000e+01 8.793601e-03
2.939596e+02 2.000000e+01 8.814093e-03
2.969798e+02 0.000000e+00 2.166738e-01
2.969798e+02 1.000000e+00 1.954959e-01
2.969798e+02 2.000000e+00 1.762162e-01
2.969798e+02 3.000000e+00 1.597082e-01
2.969798e+02 4.000000e+00 1.457084e-01
2.969798e+02 5.000000e+00 1.303605e-01
2.969798e+02 6.000000e+00 9.675425e-02
2.969798e+02 7.000000e+00 6.346616e-02
2.969798e+02 8.000000e+00 3.786261e-02
2.969798e+02 9.000000e+00 2.754147e-02
2.969798e+02 1.000000e+01 2.313238e-02
2.969798e+02 1.100000e+01 2.069067e-02
2.969798e+02 1.200000e+01 1.903409e-02
2.969798e+02 1.300000e+01 1.762377e-02
2.969798e+02 1.400000e+01 1.641795e-02
2.969798e+02 1.500000e+01 1.469913e-02
2.969798e+02 1.600000e+01 1.312378e-02
2.969798e+02 1.700000e+01 1.120842e-02
2.969798e+02 1.800000e+01 9.844422e-03
2.969798e+02 1.900000e+01 8.555602e-03
2.969798e+02 2.000000e+01 8.581499e-03
3.000000e+02 0.000000e+00 2.152831e-01
3.000000e+02 1.000000e+00 1.940044e-01
3.000000e+02 2.000000e+00 1.746709e-01
3.000000e+02 3.000000e+00 1.581908e-01
3.000000e+02 4.000000e+00 1.442486e-01
3.000000e+02 5.000000e+00 1.289906e-01
3.000000e+02 6.000000e+00 9.554578e-02
3.000000e+02 7.000000e+00 6.255903e-02
3.000000e+02 8.000000e+00 3.727036e-02
3.000000e+02 9.000000e+00 2.709385e-02
3.000000e+02 1.000000e+01 2.274151e-02
3.000000e+02 1.100000e+01 2.032274e-02
3.000000e+02 1.200000e+01 1.867422e-02
3.000000e+02 1.300000e+01 1.726795e-02
3.000000e+02 1.400000e+01 1.606284e-02
3.000000e+02 1.500000e+01 1.435810e-02
3.000000e+02 1.600000e+01 1.279845e-02
3.000000e+02 1.700000e+01 1.091508e-02
3.000000e+02 1.800000e+01 9.577319e-03
3.000000e+02 1.900000e+01 8.321463e-03
3.000000e+02 2.000000e+01 8.352336e-03
