# Ea rad s(Ea,rad)
1.000000e+00 0.000000e+00 6.209800e-02
1.000000e+00 1.000000e+00 6.290102e-02
1.000000e+00 2.000000e+00 6.423302e-02
1.000000e+00 3.000000e+00 6.926661e-02
1.000000e+00 4.000000e+00 7.498031e-02
1.000000e+00 5.000000e+00 8.383678e-02
1.000000e+00 6.000000e+00 9.917876e-02
1.000000e+00 7.000000e+00 1.120937e-01
1.000000e+00 8.000000e+00 1.038427e-01
1.000000e+00 9.000000e+00 9.016605e-02
1.000000e+00 1.000000e+01 8.073420e-02
1.000000e+00 1.100000e+01 7.361785e-02
1.000000e+00 1.200000e+01 6.727877e-02
1.000000e+00 1.300000e+01 6.071147e-02
1.000000e+00 1.400000e+01 5.409188e-02
1.000000e+00 1.500000e+01 4.511191e-02
1.000000e+00 1.600000e+01 3.637544e-02
1.000000e+00 1.700000e+01 2.688417e-02
1.000000e+00 1.800000e+01 1.971001e-02
1.000000e+00 1.900000e+01 1.418215e-02
1.000000e+00 2.000000e+01 1.181465e-02
4.020202e+00 0.000000e+00 6.677180e-02
4.020202e+00 1.000000e+00 6.802238e-02
4.020202e+00 2.000000e+00 6.979356e-02
4.020202e+00 3.000000e+00 7.530589e-02
4.020202e+00 4.000000e+00 8.133824e-02
4.020202e+00 5.000000e+00 9.045859e-02
4.020202e+00 6.000000e+00 1.057964e-01
4.020202e+00 7.000000e+00 1.183019e-01
4.020202e+00 8.000000e+00 1.088913e-01
4.020202e+00 9.000000e+00 9.435719e-02
4.020202e+00 1.000000e+01 8.453126e-02
4.020202e+00 1.100000e+01 7.725517e-02
4.020202e+00 1.200000e+01 7.087321e-02
4.020202e+00 1.300000e+01 6.429441e-02
4.020202e+00 1.400000e+01 5.770762e-02
4.020202e+00 1.500000e+01 4.863070e-02
4.020202e+00 1.600000e+01 3.981497e-02
4.020202e+00 1.700000e+01 3.008513e-02
4.020202e+00 1.800000e+01 2.281834e-02
4.020202e+00 1.900000e+01 1.724306e-02
4.020202e+00 2.000000e+01 1.531677e-02
7.040404e+00 0.000000e+00 7.301685e-02
7.040404e+00 1.000000e+00 7.403683e-02
7.040404e+00 2.000000e+00 7.570642e-02
7.040404e+00 3.000000e+00 8.135306e-02
7.040404e+00 4.000000e+00 8.759410e-02
7.040404e+00 5.000000e+00 9.703646e-02
7.040404e+00 6.000000e+00 1.128017e-01
7.040404e+00 7.000000e+00 1.250029e-01
7.040404e+00 8.000000e+00 1.144020e-01
7.040404e+00 9.000000e+00 9.897972e-02
7.040404e+00 1.000000e+01 8.875030e-02
7.040404e+00 1.100000e+01 8.132520e-02
7.040404e+00 1.200000e+01 7.492636e-02
7.040404e+00 1.300000e+01 6.837034e-02
7.040404e+00 1.400000e+01 6.186194e-02
7.040404e+00 1.500000e+01 5.272686e-02
7.040404e+00 1.600000e+01 4.387947e-02
7.040404e+00 1.700000e+01 3.393824e-02
7.040404e+00 1.800000e+01 2.664661e-02
7.040404e+00 1.900000e+01 2.112417e-02
7.040404e+00 2.000000e+01 1.988759e-02
1.006061e+01 0.000000e+00 7.908497e-02
1.006061e+01 1.000000e+00 8.023546e-02
1.006061e+01 2.000000e+00 8.210418e-02
1.006061e+01 3.000000e+00 8.806005e-02
1.006061e+01 4.000000e+00 9.454246e-02
1.006061e+01 5.000000e+00 1.042391e-01
1.006061e+01 6.000000e+00 1.202364e-01
1.006061e+01 7.000000e+00 1.321475e-01
1.006061e+01 8.000000e+00 1.203447e-01
1.006061e+01 9.000000e+00 1.039954e-01
1.006061e+01 1.000000e+01 9.334719e-02
1.006061e+01 1.100000e+01 8.577751e-02
1.006061e+01 1.200000e+01 7.938006e-02
1.006061e+01 1.300000e+01 7.287239e-02
1.006061e+01 1.400000e+01 6.647770e-02
1.006061e+01 1.500000e+01 5.731416e-02
1.006061e+01 1.600000e+01 4.847357e-02
1.006061e+01 1.700000e+01 3.834502e-02
1.006061e+01 1.800000e+01 3.108752e-02
1.006061e+01 1.900000e+01 2.569270e-02
1.006061e+01 2.000000e+01 2.530861e-02
1.308081e+01 0.000000e+00 8.585907e-02
1.308081e+01 1.000000e+00 8.715185e-02
1.308081e+01 2.000000e+00 8.913656e-02
1.308081e+01 3.000000e+00 9.528759e-02
1.308081e+01 4.000000e+00 1.019245e-01
1.308081e+01 5.000000e+00 1.118189e-01
1.308081e+01 6.000000e+00 1.280796e-01
1.308081e+01 7.000000e+00 1.397088e-01
1.308081e+01 8.000000e+00 1.266479e-01
1.308081e+01 9.000000e+00 1.093241e-01
1.308081e+01 1.000000e+01 9.823878e-02
1.308081e+01 1.100000e+01 9.052495e-02
1.308081e+01 1.200000e+01 8.414146e-02
1.308081e+01 1.300000e+01 7.770124e-02
1.308081e+01 1.400000e+01 7.144758e-02
1.308081e+01 1.500000e+01 6.227962e-02
1.308081e+01 1.600000e+01 5.347778e-02
1.308081e+01 1.700000e+01 4.318462e-02
1.308081e+01 1.800000e+01 3.600942e-02
1.308081e+01 1.900000e+01 3.078796e-02
1.308081e+01 2.000000e+01 3.133295e-02
1.610101e+01 0.000000e+00 9.324289e-02
1.610101e+01 1.000000e+00 9.455851e-02
1.610101e+01 2.000000e+00 9.657944e-02
1.610101e+01 3.000000e+00 1.028937e-01
1.610101e+01 4.000000e+00 1.096883e-01
1.610101e+01 5.000000e+00 1.197958e-01
1.610101e+01 6.000000e+00 1.363375e-01
1.610101e+01 7.000000e+00 1.476331e-01
1.610101e+01 8.000000e+00 1.332347e-01
1.610101e+01 9.000000e+00 1.148850e-01
1.610101e+01 1.000000e+01 1.033434e-01
1.610101e+01 1.100000e+01 9.548323e-02
1.610101e+01 1.200000e+01 8.912184e-02
1.610101e+01 1.300000e+01 8.276283e-02
1.610101e+01 1.400000e+01 7.667056e-02
1.610101e+01 1.500000e+01 6.751719e-02
1.610101e+01 1.600000e+01 5.877962e-02
1.610101e+01 1.700000e+01 4.834197e-02
1.610101e+01 1.800000e+01 4.128470e-02
1.610101e+01 1.900000e+01 3.625437e-02
1.610101e+01 2.000000e+01 3.773308e-02
1.912121e+01 0.000000e+00 1.010419e-01
1.912121e+01 1.000000e+00 1.023443e-01
1.912121e+01 2.000000e+00 1.044166e-01
1.912121e+01 3.000000e+00 1.109238e-01
1.912121e+01 4.000000e+00 1.178922e-01
1.912121e+01 5.000000e+00 1.282065e-01
1.912121e+01 6.000000e+00 1.449800e-01
1.912121e+01 7.000000e+00 1.558672e-01
1.912121e+01 8.000000e+00 1.400342e-01
1.912121e+01 9.000000e+00 1.206053e-01
1.912121e+01 1.000000e+01 1.085881e-01
1.912121e+01 1.100000e+01 1.005776e-01
1.912121e+01 1.200000e+01 9.424281e-02
1.912121e+01 1.300000e+01 8.797425e-02
1.912121e+01 1.400000e+01 8.205769e-02
1.912121e+01 1.500000e+01 7.293340e-02
1.912121e+01 1.600000e+01 6.427951e-02
1.912121e+01 1.700000e+01 5.371410e-02
1.912121e+01 1.800000e+01 4.679772e-02
1.912121e+01 1.900000e+01 4.195203e-02
1.912121e+01 2.000000e+01 4.431485e-02
2.214141e+01 0.000000e+00 1.092213e-01
2.214141e+01 1.000000e+00 1.105459e-01
2.214141e+01 2.000000e+00 1.127143e-01
2.214141e+01 3.000000e+00 1.194323e-01
2.214141e+01 4.000000e+00 1.265621e-01
2.214141e+01 5.000000e+00 1.370439e-01
2.214141e+01 6.000000e+00 1.539738e-01
2.214141e+01 7.000000e+00 1.643630e-01
2.214141e+01 8.000000e+00 1.469831e-01
2.214141e+01 9.000000e+00 1.264213e-01
2.214141e+01 1.000000e+01 1.139097e-01
2.214141e+01 1.100000e+01 1.057436e-01
2.214141e+01 1.200000e+01 9.943702e-02
2.214141e+01 1.300000e+01 9.326444e-02
2.214141e+01 1.400000e+01 8.753273e-02
2.214141e+01 1.500000e+01 7.844800e-02
2.214141e+01 1.600000e+01 6.989160e-02
2.214141e+01 1.700000e+01 5.921144e-02
2.214141e+01 1.800000e+01 5.244706e-02
2.214141e+01 1.900000e+01 4.776004e-02
2.214141e+01 2.000000e+01 5.091983e-02
2.516162e+01 0.000000e+00 1.178367e-01
2.516162e+01 1.000000e+00 1.192300e-01
2.516162e+01 2.000000e+00 1.215182e-01
2.516162e+01 3.000000e+00 1.284328e-01
2.516162e+01 4.000000e+00 1.356887e-01
2.516162e+01 5.000000e+00 1.462852e-01
2.516162e+01 6.000000e+00 1.632920e-01
2.516162e+01 7.000000e+00 1.730766e-01
2.516162e+01 8.000000e+00 1.540250e-01
2.516162e+01 9.000000e+00 1.322777e-01
2.516162e+01 1.000000e+01 1.192542e-01
2.516162e+01 1.100000e+01 1.109265e-01
2.516162e+01 1.200000e+01 1.046475e-01
2.516162e+01 1.300000e+01 9.857331e-02
2.516162e+01 1.400000e+01 9.303124e-02
2.516162e+01 1.500000e+01 8.399309e-02
2.516162e+01 1.600000e+01 7.554294e-02
2.516162e+01 1.700000e+01 6.475736e-02
2.516162e+01 1.800000e+01 5.814558e-02
2.516162e+01 1.900000e+01 5.357671e-02
2.516162e+01 2.000000e+01 5.742299e-02
2.818182e+01 0.000000e+00 1.269508e-01
2.818182e+01 1.000000e+00 1.284351e-01
2.818182e+01 2.000000e+00 1.308379e-01
2.818182e+01 3.000000e+00 1.379141e-01
2.818182e+01 4.000000e+00 1.452532e-01
2.818182e+01 5.000000e+00 1.559098e-01
2.818182e+01 6.000000e+00 1.729119e-01
2.818182e+01 7.000000e+00 1.819669e-01
2.818182e+01 8.000000e+00 1.611105e-01
2.818182e+01 9.000000e+00 1.381274e-01
2.818182e+01 1.000000e+01 1.245759e-01
2.818182e+01 1.100000e+01 1.160803e-01
2.818182e+01 1.200000e+01 1.098264e-01
2.818182e+01 1.300000e+01 1.038506e-01
2.818182e+01 1.400000e+01 9.849925e-02
2.818182e+01 1.500000e+01 8.951172e-02
2.818182e+01 1.600000e+01 8.117222e-02
2.818182e+01 1.700000e+01 7.028707e-02
2.818182e+01 1.800000e+01 6.381961e-02
2.818182e+01 1.900000e+01 5.931835e-02
2.818182e+01 2.000000e+01 6.372871e-02
3.120202e+01 0.000000e+00 1.365985e-01
3.120202e+01 1.000000e+00 1.381691e-01
3.120202e+01 2.000000e+00 1.406640e-01
3.120202e+01 3.000000e+00 1.478609e-01
3.120202e+01 4.000000e+00 1.552404e-01
3.120202e+01 5.000000e+00 1.659036e-01
3.120202e+01 6.000000e+00 1.828120e-01
3.120202e+01 7.000000e+00 1.909958e-01
3.120202e+01 8.000000e+00 1.681962e-01
3.120202e+01 9.000000e+00 1.439301e-01
3.120202e+01 1.000000e+01 1.298363e-01
3.120202e+01 1.100000e+01 1.211666e-01
3.120202e+01 1.200000e+01 1.149340e-01
3.120202e+01 1.300000e+01 1.090544e-01
3.120202e+01 1.400000e+01 1.038919e-01
3.120202e+01 1.500000e+01 9.495656e-02
3.120202e+01 1.600000e+01 8.672829e-02
3.120202e+01 1.700000e+01 7.574635e-02
3.120202e+01 1.800000e+01 6.940775e-02
3.120202e+01 1.900000e+01 6.491755e-02
3.120202e+01 2.000000e+01 6.976626e-02
3.422222e+01 0.000000e+00 1.467873e-01
3.422222e+01 1.000000e+00 1.484234e-01
3.422222e+01 2.000000e+00 1.509843e-01
3.422222e+01 3.000000e+00 1.582627e-01
3.422222e+01 4.000000e+00 1.656413e-01
3.422222e+01 5.000000e+00 1.762559e-01
3.422222e+01 6.000000e+00 1.929705e-01
3.422222e+01 7.000000e+00 2.001274e-01
3.422222e+01 8.000000e+00 1.752439e-01
3.422222e+01 9.000000e+00 1.496518e-01
3.422222e+01 1.000000e+01 1.350034e-01
3.422222e+01 1.100000e+01 1.261533e-01
3.422222e+01 1.200000e+01 1.199373e-01
3.422222e+01 1.300000e+01 1.141502e-01
3.422222e+01 1.400000e+01 1.091723e-01
3.422222e+01 1.500000e+01 1.002885e-01
3.422222e+01 1.600000e+01 9.216889e-02
3.422222e+01 1.700000e+01 8.109032e-02
3.422222e+01 1.800000e+01 7.485954e-02
3.422222e+01 1.900000e+01 7.032123e-02
3.422222e+01 2.000000e+01 7.548549e-02
3.724242e+01 0.000000e+00 1.575105e-01
3.724242e+01 1.000000e+00 1.591876e-01
3.724242e+01 2.000000e+00 1.617916e-01
3.724242e+01 3.000000e+00 1.691142e-01
3.724242e+01 4.000000e+00 1.764493e-01
3.724242e+01 5.000000e+00 1.869562e-01
3.724242e+01 6.000000e+00 2.033650e-01
3.724242e+01 7.000000e+00 2.093284e-01
3.724242e+01 8.000000e+00 1.822205e-01
3.724242e+01 9.000000e+00 1.552634e-01
3.724242e+01 1.000000e+01 1.400504e-01
3.724242e+01 1.100000e+01 1.310143e-01
3.724242e+01 1.200000e+01 1.248094e-01
3.724242e+01 1.300000e+01 1.191098e-01
3.724242e+01 1.400000e+01 1.143100e-01
3.724242e+01 1.500000e+01 1.054756e-01
3.724242e+01 1.600000e+01 9.745944e-02
3.724242e+01 1.700000e+01 8.628220e-02
3.724242e+01 1.800000e+01 8.013420e-02
3.724242e+01 1.900000e+01 7.548871e-02
3.724242e+01 2.000000e+01 8.085298e-02
4.026263e+01 0.000000e+00 1.687578e-01
4.026263e+01 1.000000e+00 1.704548e-01
4.026263e+01 2.000000e+00 1.730831e-01
4.026263e+01 3.000000e+00 1.804120e-01
4.026263e+01 4.000000e+00 1.876578e-01
4.026263e+01 5.000000e+00 1.979927e-01
4.026263e+01 6.000000e+00 2.139726e-01
4.026263e+01 7.000000e+00 2.185674e-01
4.026263e+01 8.000000e+00 1.890968e-01
4.026263e+01 9.000000e+00 1.607409e-01
4.026263e+01 1.000000e+01 1.449553e-01
4.026263e+01 1.100000e+01 1.357279e-01
4.026263e+01 1.200000e+01 1.295282e-01
4.026263e+01 1.300000e+01 1.239102e-01
4.026263e+01 1.400000e+01 1.192806e-01
4.026263e+01 1.500000e+01 1.104919e-01
4.026263e+01 1.600000e+01 1.025719e-01
4.026263e+01 1.700000e+01 9.129234e-02
4.026263e+01 1.800000e+01 8.519940e-02
4.026263e+01 1.900000e+01 8.038986e-02
4.026263e+01 2.000000e+01 8.584865e-02
4.328283e+01 0.000000e+00 1.805223e-01
4.328283e+01 1.000000e+00 1.822229e-01
4.328283e+01 2.000000e+00 1.848582e-01
4.328283e+01 3.000000e+00 1.921520e-01
4.328283e+01 4.000000e+00 1.992577e-01
4.328283e+01 5.000000e+00 2.093512e-01
4.328283e+01 6.000000e+00 2.247705e-01
4.328283e+01 7.000000e+00 2.278154e-01
4.328283e+01 8.000000e+00 1.958475e-01
4.328283e+01 9.000000e+00 1.660638e-01
4.328283e+01 1.000000e+01 1.496999e-01
4.328283e+01 1.100000e+01 1.402768e-01
4.328283e+01 1.200000e+01 1.340761e-01
4.328283e+01 1.300000e+01 1.285331e-01
4.328283e+01 1.400000e+01 1.240645e-01
4.328283e+01 1.500000e+01 1.153169e-01
4.328283e+01 1.600000e+01 1.074841e-01
4.328283e+01 1.700000e+01 9.609720e-02
4.328283e+01 1.800000e+01 9.003012e-02
4.328283e+01 1.900000e+01 8.500350e-02
4.328283e+01 2.000000e+01 9.046289e-02
4.630303e+01 0.000000e+00 1.928013e-01
4.630303e+01 1.000000e+00 1.944923e-01
4.630303e+01 2.000000e+00 1.971155e-01
4.630303e+01 3.000000e+00 2.043271e-01
4.630303e+01 4.000000e+00 2.112373e-01
4.630303e+01 5.000000e+00 2.210158e-01
4.630303e+01 6.000000e+00 2.357354e-01
4.630303e+01 7.000000e+00 2.370447e-01
4.630303e+01 8.000000e+00 2.024506e-01
4.630303e+01 9.000000e+00 1.712156e-01
4.630303e+01 1.000000e+01 1.542698e-01
4.630303e+01 1.100000e+01 1.446471e-01
4.630303e+01 1.200000e+01 1.384391e-01
4.630303e+01 1.300000e+01 1.329641e-01
4.630303e+01 1.400000e+01 1.286464e-01
4.630303e+01 1.500000e+01 1.199342e-01
4.630303e+01 1.600000e+01 1.121785e-01
4.630303e+01 1.700000e+01 1.006785e-01
4.630303e+01 1.800000e+01 9.460769e-02
4.630303e+01 1.900000e+01 8.931586e-02
4.630303e+01 2.000000e+01 9.469420e-02
4.932323e+01 0.000000e+00 2.055952e-01
4.932323e+01 1.000000e+00 2.072632e-01
4.932323e+01 2.000000e+00 2.098507e-01
4.932323e+01 3.000000e+00 2.169270e-01
4.932323e+01 4.000000e+00 2.235822e-01
4.932323e+01 5.000000e+00 2.329690e-01
4.932323e+01 6.000000e+00 2.468443e-01
4.932323e+01 7.000000e+00 2.462296e-01
4.932323e+01 8.000000e+00 2.088870e-01
4.932323e+01 9.000000e+00 1.761823e-01
4.932323e+01 1.000000e+01 1.586534e-01
4.932323e+01 1.100000e+01 1.488280e-01
4.932323e+01 1.200000e+01 1.426066e-01
4.932323e+01 1.300000e+01 1.371920e-01
4.932323e+01 1.400000e+01 1.330143e-01
4.932323e+01 1.500000e+01 1.243316e-01
4.932323e+01 1.600000e+01 1.166419e-01
4.932323e+01 1.700000e+01 1.050227e-01
4.932323e+01 1.800000e+01 9.891881e-02
4.932323e+01 1.900000e+01 9.331929e-02
4.932323e+01 2.000000e+01 9.854720e-02
5.234343e+01 0.000000e+00 2.189051e-01
5.234343e+01 1.000000e+00 2.205335e-01
5.234343e+01 2.000000e+00 2.230556e-01
5.234343e+01 3.000000e+00 2.299380e-01
5.234343e+01 4.000000e+00 2.362755e-01
5.234343e+01 5.000000e+00 2.451921e-01
5.234343e+01 6.000000e+00 2.580739e-01
5.234343e+01 7.000000e+00 2.553458e-01
5.234343e+01 8.000000e+00 2.151401e-01
5.234343e+01 9.000000e+00 1.809530e-01
5.234343e+01 1.000000e+01 1.628416e-01
5.234343e+01 1.100000e+01 1.528111e-01
5.234343e+01 1.200000e+01 1.465702e-01
5.234343e+01 1.300000e+01 1.412085e-01
5.234343e+01 1.400000e+01 1.371597e-01
5.234343e+01 1.500000e+01 1.284999e-01
5.234343e+01 1.600000e+01 1.208646e-01
5.234343e+01 1.700000e+01 1.091199e-01
5.234343e+01 1.800000e+01 1.029548e-01
5.234343e+01 1.900000e+01 9.701116e-02
5.234343e+01 2.000000e+01 1.020311e-01
5.536364e+01 0.000000e+00 2.327305e-01
5.536364e+01 1.000000e+00 2.342974e-01
5.536364e+01 2.000000e+00 2.367185e-01
5.536364e+01 3.000000e+00 2.433440e-01
5.536364e+01 4.000000e+00 2.492989e-01
5.536364e+01 5.000000e+00 2.576652e-01
5.536364e+01 6.000000e+00 2.694008e-01
5.536364e+01 7.000000e+00 2.643702e-01
5.536364e+01 8.000000e+00 2.211961e-01
5.536364e+01 9.000000e+00 1.855186e-01
5.536364e+01 1.000000e+01 1.668276e-01
5.536364e+01 1.100000e+01 1.565906e-01
5.536364e+01 1.200000e+01 1.503242e-01
5.536364e+01 1.300000e+01 1.450078e-01
5.536364e+01 1.400000e+01 1.410762e-01
5.536364e+01 1.500000e+01 1.324327e-01
5.536364e+01 1.600000e+01 1.248401e-01
5.536364e+01 1.700000e+01 1.129638e-01
5.536364e+01 1.800000e+01 1.067107e-01
5.536364e+01 1.900000e+01 1.003928e-01
5.536364e+01 2.000000e+01 1.051584e-01
5.838384e+01 0.000000e+00 2.470682e-01
5.838384e+01 1.000000e+00 2.485455e-01
5.838384e+01 2.000000e+00 2.508244e-01
5.838384e+01 3.000000e+00 2.571262e-01
5.838384e+01 4.000000e+00 2.626324e-01
5.838384e+01 5.000000e+00 2.703681e-01
5.838384e+01 6.000000e+00 2.808016e-01
5.838384e+01 7.000000e+00 2.732816e-01
5.838384e+01 8.000000e+00 2.270427e-01
5.838384e+01 9.000000e+00 1.898725e-01
5.838384e+01 1.000000e+01 1.706065e-01
5.838384e+01 1.100000e+01 1.601622e-01
5.838384e+01 1.200000e+01 1.538648e-01
5.838384e+01 1.300000e+01 1.485861e-01
5.838384e+01 1.400000e+01 1.447601e-01
5.838384e+01 1.500000e+01 1.361262e-01
5.838384e+01 1.600000e+01 1.285645e-01
5.838384e+01 1.700000e+01 1.165506e-01
5.838384e+01 1.800000e+01 1.101851e-01
5.838384e+01 1.900000e+01 1.034689e-01
5.838384e+01 2.000000e+01 1.079438e-01
6.140404e+01 0.000000e+00 2.619111e-01
6.140404e+01 1.000000e+00 2.632645e-01
6.140404e+01 2.000000e+00 2.653552e-01
6.140404e+01 3.000000e+00 2.712644e-01
6.140404e+01 4.000000e+00 2.762550e-01
6.140404e+01 5.000000e+00 2.832793e-01
6.140404e+01 6.000000e+00 2.922526e-01
6.140404e+01 7.000000e+00 2.820596e-01
6.140404e+01 8.000000e+00 2.326700e-01
6.140404e+01 9.000000e+00 1.940095e-01
6.140404e+01 1.000000e+01 1.741749e-01
6.140404e+01 1.100000e+01 1.635234e-01
6.140404e+01 1.200000e+01 1.571898e-01
6.140404e+01 1.300000e+01 1.519413e-01
6.140404e+01 1.400000e+01 1.482093e-01
6.140404e+01 1.500000e+01 1.395784e-01
6.140404e+01 1.600000e+01 1.320358e-01
6.140404e+01 1.700000e+01 1.198794e-01
6.140404e+01 1.800000e+01 1.133790e-01
6.140404e+01 1.900000e+01 1.062465e-01
6.140404e+01 2.000000e+01 1.104036e-01
6.442424e+01 0.000000e+00 2.772484e-01
6.442424e+01 1.000000e+00 2.784380e-01
6.442424e+01 2.000000e+00 2.802906e-01
6.442424e+01 3.000000e+00 2.857364e-01
6.442424e+01 4.000000e+00 2.901445e-01
6.442424e+01 5.000000e+00 2.963769e-01
6.442424e+01 6.000000e+00 3.037300e-01
6.442424e+01 7.000000e+00 2.906853e-01
6.442424e+01 8.000000e+00 2.380696e-01
6.442424e+01 9.000000e+00 1.979260e-01
6.442424e+01 1.000000e+01 1.775312e-01
6.442424e+01 1.100000e+01 1.666731e-01
6.442424e+01 1.200000e+01 1.602984e-01
6.442424e+01 1.300000e+01 1.550728e-01
6.442424e+01 1.400000e+01 1.514234e-01
6.442424e+01 1.500000e+01 1.427890e-01
6.442424e+01 1.600000e+01 1.352544e-01
6.442424e+01 1.700000e+01 1.229509e-01
6.442424e+01 1.800000e+01 1.162958e-01
6.442424e+01 1.900000e+01 1.087346e-01
6.442424e+01 2.000000e+01 1.125549e-01
6.744444e+01 0.000000e+00 2.930656e-01
6.744444e+01 1.000000e+00 2.940465e-01
6.744444e+01 2.000000e+00 2.956082e-01
6.744444e+01 3.000000e+00 3.005189e-01
6.744444e+01 4.000000e+00 3.042776e-01
6.744444e+01 5.000000e+00 3.096381e-01
6.744444e+01 6.000000e+00 3.152101e-01
6.744444e+01 7.000000e+00 2.991412e-01
6.744444e+01 8.000000e+00 2.432347e-01
6.744444e+01 9.000000e+00 2.016199e-01
6.744444e+01 1.000000e+01 1.806745e-01
6.744444e+01 1.100000e+01 1.696114e-01
6.744444e+01 1.200000e+01 1.631910e-01
6.744444e+01 1.300000e+01 1.579815e-01
6.744444e+01 1.400000e+01 1.544034e-01
6.744444e+01 1.500000e+01 1.457593e-01
6.744444e+01 1.600000e+01 1.382219e-01
6.744444e+01 1.700000e+01 1.257677e-01
6.744444e+01 1.800000e+01 1.189405e-01
6.744444e+01 1.900000e+01 1.109436e-01
6.744444e+01 2.000000e+01 1.144152e-01
7.046465e+01 0.000000e+00 3.093449e-01
7.046465e+01 1.000000e+00 3.100682e-01
7.046465e+01 2.000000e+00 3.112837e-01
7.046465e+01 3.000000e+00 3.155873e-01
7.046465e+01 4.000000e+00 3.186301e-01
7.046465e+01 5.000000e+00 3.230393e-01
7.046465e+01 6.000000e+00 3.266692e-01
7.046465e+01 7.000000e+00 3.074106e-01
7.046465e+01 8.000000e+00 2.481597e-01
7.046465e+01 9.000000e+00 2.050900e-01
7.046465e+01 1.000000e+01 1.836054e-01
7.046465e+01 1.100000e+01 1.723393e-01
7.046465e+01 1.200000e+01 1.658693e-01
7.046465e+01 1.300000e+01 1.606691e-01
7.046465e+01 1.400000e+01 1.571515e-01
7.046465e+01 1.500000e+01 1.484917e-01
7.046465e+01 1.600000e+01 1.409413e-01
7.046465e+01 1.700000e+01 1.283337e-01
7.046465e+01 1.800000e+01 1.213197e-01
7.046465e+01 1.900000e+01 1.128849e-01
7.046465e+01 2.000000e+01 1.160020e-01
7.348485e+01 0.000000e+00 3.260659e-01
7.348485e+01 1.000000e+00 3.264793e-01
7.348485e+01 2.000000e+00 3.272914e-01
7.348485e+01 3.000000e+00 3.309157e-01
7.348485e+01 4.000000e+00 3.331769e-01
7.348485e+01 5.000000e+00 3.365564e-01
7.348485e+01 6.000000e+00 3.380836e-01
7.348485e+01 7.000000e+00 3.154784e-01
7.348485e+01 8.000000e+00 2.528406e-01
7.348485e+01 9.000000e+00 2.083364e-01
7.348485e+01 1.000000e+01 1.863251e-01
7.348485e+01 1.100000e+01 1.748589e-01
7.348485e+01 1.200000e+01 1.683355e-01
7.348485e+01 1.300000e+01 1.631383e-01
7.348485e+01 1.400000e+01 1.596706e-01
7.348485e+01 1.500000e+01 1.509897e-01
7.348485e+01 1.600000e+01 1.434168e-01
7.348485e+01 1.700000e+01 1.306540e-01
7.348485e+01 1.800000e+01 1.234411e-01
7.348485e+01 1.900000e+01 1.145707e-01
7.348485e+01 2.000000e+01 1.173326e-01
7.650505e+01 0.000000e+00 3.432057e-01
7.650505e+01 1.000000e+00 3.432539e-01
7.650505e+01 2.000000e+00 3.436038e-01
7.650505e+01 3.000000e+00 3.464770e-01
7.650505e+01 4.000000e+00 3.478917e-01
7.650505e+01 5.000000e+00 3.501644e-01
7.650505e+01 6.000000e+00 3.494300e-01
7.650505e+01 7.000000e+00 3.233304e-01
7.650505e+01 8.000000e+00 2.572743e-01
7.650505e+01 9.000000e+00 2.113598e-01
7.650505e+01 1.000000e+01 1.888358e-01
7.650505e+01 1.100000e+01 1.771728e-01
7.650505e+01 1.200000e+01 1.705927e-01
7.650505e+01 1.300000e+01 1.653926e-01
7.650505e+01 1.400000e+01 1.619647e-01
7.650505e+01 1.500000e+01 1.532577e-01
7.650505e+01 1.600000e+01 1.456534e-01
7.650505e+01 1.700000e+01 1.327347e-01
7.650505e+01 1.800000e+01 1.253134e-01
7.650505e+01 1.900000e+01 1.160135e-01
7.650505e+01 2.000000e+01 1.184237e-01
7.952525e+01 0.000000e+00 3.607389e-01
7.952525e+01 1.000000e+00 3.603644e-01
7.952525e+01 2.000000e+00 3.601924e-01
7.952525e+01 3.000000e+00 3.622432e-01
7.952525e+01 4.000000e+00 3.627475e-01
7.952525e+01 5.000000e+00 3.638379e-01
7.952525e+01 6.000000e+00 3.606852e-01
7.952525e+01 7.000000e+00 3.309538e-01
7.952525e+01 8.000000e+00 2.614590e-01
7.952525e+01 9.000000e+00 2.141620e-01
7.952525e+01 1.000000e+01 1.911401e-01
7.952525e+01 1.100000e+01 1.792843e-01
7.952525e+01 1.200000e+01 1.726447e-01
7.952525e+01 1.300000e+01 1.674360e-01
7.952525e+01 1.400000e+01 1.640384e-01
7.952525e+01 1.500000e+01 1.553006e-01
7.952525e+01 1.600000e+01 1.476570e-01
7.952525e+01 1.700000e+01 1.345826e-01
7.952525e+01 1.800000e+01 1.269457e-01
7.952525e+01 1.900000e+01 1.172259e-01
7.952525e+01 2.000000e+01 1.192917e-01
8.254545e+01 0.000000e+00 3.786386e-01
8.254545e+01 1.000000e+00 3.777819e-01
8.254545e+01 2.000000e+00 3.770272e-01
8.254545e+01 3.000000e+00 3.781852e-01
8.254545e+01 4.000000e+00 3.777167e-01
8.254545e+01 5.000000e+00 3.775508e-01
8.254545e+01 6.000000e+00 3.718266e-01
8.254545e+01 7.000000e+00 3.383366e-01
8.254545e+01 8.000000e+00 2.653934e-01
8.254545e+01 9.000000e+00 2.167452e-01
8.254545e+01 1.000000e+01 1.932414e-01
8.254545e+01 1.100000e+01 1.811972e-01
8.254545e+01 1.200000e+01 1.744958e-01
8.254545e+01 1.300000e+01 1.692733e-01
8.254545e+01 1.400000e+01 1.658967e-01
8.254545e+01 1.500000e+01 1.571241e-01
8.254545e+01 1.600000e+01 1.494341e-01
8.254545e+01 1.700000e+01 1.362050e-01
8.254545e+01 1.800000e+01 1.283478e-01
8.254545e+01 1.900000e+01 1.182208e-01
8.254545e+01 2.000000e+01 1.199520e-01
8.556566e+01 0.000000e+00 3.968757e-01
8.556566e+01 1.000000e+00 3.954758e-01
8.556566e+01 2.000000e+00 3.940771e-01
8.556566e+01 3.000000e+00 3.942730e-01
8.556566e+01 4.000000e+00 3.927706e-01
8.556566e+01 5.000000e+00 3.912769e-01
8.556566e+01 6.000000e+00 3.828319e-01
8.556566e+01 7.000000e+00 3.454683e-01
8.556566e+01 8.000000e+00 2.690776e-01
8.556566e+01 9.000000e+00 2.191123e-01
8.556566e+01 1.000000e+01 1.951434e-01
8.556566e+01 1.100000e+01 1.829158e-01
8.556566e+01 1.200000e+01 1.761505e-01
8.556566e+01 1.300000e+01 1.709095e-01
8.556566e+01 1.400000e+01 1.675454e-01
8.556566e+01 1.500000e+01 1.587343e-01
8.556566e+01 1.600000e+01 1.509913e-01
8.556566e+01 1.700000e+01 1.376099e-01
8.556566e+01 1.800000e+01 1.295296e-01
8.556566e+01 1.900000e+01 1.190106e-01
8.556566e+01 2.000000e+01 1.204196e-01
8.858586e+01 0.000000e+00 4.154198e-01
8.858586e+01 1.000000e+00 4.134144e-01
8.858586e+01 2.000000e+00 4.113099e-01
8.858586e+01 3.000000e+00 4.104757e-01
8.858586e+01 4.000000e+00 4.078801e-01
8.858586e+01 5.000000e+00 4.049893e-01
8.858586e+01 6.000000e+00 3.936795e-01
8.858586e+01 7.000000e+00 3.523391e-01
8.858586e+01 8.000000e+00 2.725120e-01
8.858586e+01 9.000000e+00 2.212667e-01
8.858586e+01 1.000000e+01 1.968504e-01
8.858586e+01 1.100000e+01 1.844447e-01
8.858586e+01 1.200000e+01 1.776138e-01
8.858586e+01 1.300000e+01 1.723499e-01
8.858586e+01 1.400000e+01 1.689902e-01
8.858586e+01 1.500000e+01 1.601374e-01
8.858586e+01 1.600000e+01 1.523361e-01
8.858586e+01 1.700000e+01 1.388053e-01
8.858586e+01 1.800000e+01 1.305014e-01
8.858586e+01 1.900000e+01 1.196077e-01
8.858586e+01 2.000000e+01 1.207085e-01
9.160606e+01 0.000000e+00 4.342389e-01
9.160606e+01 1.000000e+00 4.315648e-01
9.160606e+01 2.000000e+00 4.286926e-01
9.160606e+01 3.000000e+00 4.267619e-01
9.160606e+01 4.000000e+00 4.230156e-01
9.160606e+01 5.000000e+00 4.186613e-01
9.160606e+01 6.000000e+00 4.043485e-01
9.160606e+01 7.000000e+00 3.589405e-01
9.160606e+01 8.000000e+00 2.756980e-01
9.160606e+01 9.000000e+00 2.232122e-01
9.160606e+01 1.000000e+01 1.983669e-01
9.160606e+01 1.100000e+01 1.857887e-01
9.160606e+01 1.200000e+01 1.788911e-01
9.160606e+01 1.300000e+01 1.736002e-01
9.160606e+01 1.400000e+01 1.702374e-01
9.160606e+01 1.500000e+01 1.613403e-01
9.160606e+01 1.600000e+01 1.534759e-01
9.160606e+01 1.700000e+01 1.397996e-01
9.160606e+01 1.800000e+01 1.312734e-01
9.160606e+01 1.900000e+01 1.200242e-01
9.160606e+01 2.000000e+01 1.208320e-01
9.462626e+01 0.000000e+00 4.532998e-01
9.462626e+01 1.000000e+00 4.498932e-01
9.462626e+01 2.000000e+00 4.461914e-01
9.462626e+01 3.000000e+00 4.430994e-01
9.462626e+01 4.000000e+00 4.381471e-01
9.462626e+01 5.000000e+00 4.322659e-01
9.462626e+01 6.000000e+00 4.148185e-01
9.462626e+01 7.000000e+00 3.652650e-01
9.462626e+01 8.000000e+00 2.786375e-01
9.462626e+01 9.000000e+00 2.249531e-01
9.462626e+01 1.000000e+01 1.996976e-01
9.462626e+01 1.100000e+01 1.869531e-01
9.462626e+01 1.200000e+01 1.799879e-01
9.462626e+01 1.300000e+01 1.746664e-01
9.462626e+01 1.400000e+01 1.712934e-01
9.462626e+01 1.500000e+01 1.623499e-01
9.462626e+01 1.600000e+01 1.544185e-01
9.462626e+01 1.700000e+01 1.406013e-01
9.462626e+01 1.800000e+01 1.318558e-01
9.462626e+01 1.900000e+01 1.202716e-01
9.462626e+01 2.000000e+01 1.208026e-01
9.764646e+01 0.000000e+00 4.725680e-01
9.764646e+01 1.000000e+00 4.683648e-01
9.764646e+01 2.000000e+00 4.637717e-01
9.764646e+01 3.000000e+00 4.594556e-01
9.764646e+01 4.000000e+00 4.532443e-01
9.764646e+01 5.000000e+00 4.457764e-01
9.764646e+01 6.000000e+00 4.250703e-01
9.764646e+01 7.000000e+00 3.713059e-01
9.764646e+01 8.000000e+00 2.813331e-01
9.764646e+01 9.000000e+00 2.264938e-01
9.764646e+01 1.000000e+01 2.008475e-01
9.764646e+01 1.100000e+01 1.879431e-01
9.764646e+01 1.200000e+01 1.809097e-01
9.764646e+01 1.300000e+01 1.755545e-01
9.764646e+01 1.400000e+01 1.721648e-01
9.764646e+01 1.500000e+01 1.631732e-01
9.764646e+01 1.600000e+01 1.551716e-01
9.764646e+01 1.700000e+01 1.412190e-01
9.764646e+01 1.800000e+01 1.322587e-01
9.764646e+01 1.900000e+01 1.203612e-01
9.764646e+01 2.000000e+01 1.206321e-01
1.006667e+02 0.000000e+00 4.920084e-01
1.006667e+02 1.000000e+00 4.869443e-01
1.006667e+02 2.000000e+00 4.813986e-01
1.006667e+02 3.000000e+00 4.757976e-01
1.006667e+02 4.000000e+00 4.682768e-01
1.006667e+02 5.000000e+00 4.591660e-01
1.006667e+02 6.000000e+00 4.350851e-01
1.006667e+02 7.000000e+00 3.770579e-01
1.006667e+02 8.000000e+00 2.837876e-01
1.006667e+02 9.000000e+00 2.278392e-01
1.006667e+02 1.000000e+01 2.018218e-01
1.006667e+02 1.100000e+01 1.887642e-01
1.006667e+02 1.200000e+01 1.816624e-01
1.006667e+02 1.300000e+01 1.762705e-01
1.006667e+02 1.400000e+01 1.728582e-01
1.006667e+02 1.500000e+01 1.638174e-01
1.006667e+02 1.600000e+01 1.557431e-01
1.006667e+02 1.700000e+01 1.416613e-01
1.006667e+02 1.800000e+01 1.324921e-01
1.006667e+02 1.900000e+01 1.203037e-01
1.006667e+02 2.000000e+01 1.203316e-01
1.036869e+02 0.000000e+00 5.115848e-01
1.036869e+02 1.000000e+00 5.055958e-01
1.036869e+02 2.000000e+00 4.990367e-01
1.036869e+02 3.000000e+00 4.920924e-01
1.036869e+02 4.000000e+00 4.832145e-01
1.036869e+02 5.000000e+00 4.724084e-01
1.036869e+02 6.000000e+00 4.448455e-01
1.036869e+02 7.000000e+00 3.825161e-01
1.036869e+02 8.000000e+00 2.860047e-01
1.036869e+02 9.000000e+00 2.289942e-01
1.036869e+02 1.000000e+01 2.026259e-01
1.036869e+02 1.100000e+01 1.894220e-01
1.036869e+02 1.200000e+01 1.822518e-01
1.036869e+02 1.300000e+01 1.768208e-01
1.036869e+02 1.400000e+01 1.733805e-01
1.036869e+02 1.500000e+01 1.642895e-01
1.036869e+02 1.600000e+01 1.561409e-01
1.036869e+02 1.700000e+01 1.419366e-01
1.036869e+02 1.800000e+01 1.325657e-01
1.036869e+02 1.900000e+01 1.201093e-01
1.036869e+02 2.000000e+01 1.199113e-01
1.067071e+02 0.000000e+00 5.312605e-01
1.067071e+02 1.000000e+00 5.242829e-01
1.067071e+02 2.000000e+00 5.166503e-01
1.067071e+02 3.000000e+00 5.083067e-01
1.067071e+02 4.000000e+00 4.980270e-01
1.067071e+02 5.000000e+00 4.854779e-01
1.067071e+02 6.000000e+00 4.543348e-01
1.067071e+02 7.000000e+00 3.876770e-01
1.067071e+02 8.000000e+00 2.879882e-01
1.067071e+02 9.000000e+00 2.299640e-01
1.067071e+02 1.000000e+01 2.032651e-01
1.067071e+02 1.100000e+01 1.899219e-01
1.067071e+02 1.200000e+01 1.826838e-01
1.067071e+02 1.300000e+01 1.772116e-01
1.067071e+02 1.400000e+01 1.737383e-01
1.067071e+02 1.500000e+01 1.645969e-01
1.067071e+02 1.600000e+01 1.563730e-01
1.067071e+02 1.700000e+01 1.420535e-01
1.067071e+02 1.800000e+01 1.324890e-01
1.067071e+02 1.900000e+01 1.197878e-01
1.067071e+02 2.000000e+01 1.193809e-01
1.097273e+02 0.000000e+00 5.509985e-01
1.097273e+02 1.000000e+00 5.429689e-01
1.097273e+02 2.000000e+00 5.342036e-01
1.097273e+02 3.000000e+00 5.244076e-01
1.097273e+02 4.000000e+00 5.126845e-01
1.097273e+02 5.000000e+00 4.983491e-01
1.097273e+02 6.000000e+00 4.635375e-01
1.097273e+02 7.000000e+00 3.925377e-01
1.097273e+02 8.000000e+00 2.897423e-01
1.097273e+02 9.000000e+00 2.307539e-01
1.097273e+02 1.000000e+01 2.037449e-01
1.097273e+02 1.100000e+01 1.902698e-01
1.097273e+02 1.200000e+01 1.829644e-01
1.097273e+02 1.300000e+01 1.774492e-01
1.097273e+02 1.400000e+01 1.739385e-01
1.097273e+02 1.500000e+01 1.647467e-01
1.097273e+02 1.600000e+01 1.564470e-01
1.097273e+02 1.700000e+01 1.420200e-01
1.097273e+02 1.800000e+01 1.322712e-01
1.097273e+02 1.900000e+01 1.193485e-01
1.097273e+02 2.000000e+01 1.187494e-01
1.127475e+02 0.000000e+00 5.707612e-01
1.127475e+02 1.000000e+00 5.616173e-01
1.127475e+02 2.000000e+00 5.516610e-01
1.127475e+02 3.000000e+00 5.403622e-01
1.127475e+02 4.000000e+00 5.271578e-01
1.127475e+02 5.000000e+00 5.109975e-01
1.127475e+02 6.000000e+00 4.724391e-01
1.127475e+02 7.000000e+00 3.970962e-01
1.127475e+02 8.000000e+00 2.912716e-01
1.127475e+02 9.000000e+00 2.313694e-01
1.127475e+02 1.000000e+01 2.040709e-01
1.127475e+02 1.100000e+01 1.904712e-01
1.127475e+02 1.200000e+01 1.830995e-01
1.127475e+02 1.300000e+01 1.775397e-01
1.127475e+02 1.400000e+01 1.739876e-01
1.127475e+02 1.500000e+01 1.647459e-01
1.127475e+02 1.600000e+01 1.563707e-01
1.127475e+02 1.700000e+01 1.418444e-01
1.127475e+02 1.800000e+01 1.319210e-01
1.127475e+02 1.900000e+01 1.188001e-01
1.127475e+02 2.000000e+01 1.180253e-01
1.157677e+02 0.000000e+00 5.905110e-01
1.157677e+02 1.000000e+00 5.801914e-01
1.157677e+02 2.000000e+00 5.689871e-01
1.157677e+02 3.000000e+00 5.561384e-01
1.157677e+02 4.000000e+00 5.414180e-01
1.157677e+02 5.000000e+00 5.233994e-01
1.157677e+02 6.000000e+00 4.810261e-01
1.157677e+02 7.000000e+00 4.013514e-01
1.157677e+02 8.000000e+00 2.925810e-01
1.157677e+02 9.000000e+00 2.318160e-01
1.157677e+02 1.000000e+01 2.042486e-01
1.157677e+02 1.100000e+01 1.905318e-01
1.157677e+02 1.200000e+01 1.830949e-01
1.157677e+02 1.300000e+01 1.774894e-01
1.157677e+02 1.400000e+01 1.738924e-01
1.157677e+02 1.500000e+01 1.646015e-01
1.157677e+02 1.600000e+01 1.561515e-01
1.157677e+02 1.700000e+01 1.415346e-01
1.157677e+02 1.800000e+01 1.314471e-01
1.157677e+02 1.900000e+01 1.181510e-01
1.157677e+02 2.000000e+01 1.172164e-01
1.187879e+02 0.000000e+00 6.102106e-01
1.187879e+02 1.000000e+00 5.986546e-01
1.187879e+02 2.000000e+00 5.861467e-01
1.187879e+02 3.000000e+00 5.717041e-01
1.187879e+02 4.000000e+00 5.554372e-01
1.187879e+02 5.000000e+00 5.355317e-01
1.187879e+02 6.000000e+00 4.892864e-01
1.187879e+02 7.000000e+00 4.053030e-01
1.187879e+02 8.000000e+00 2.936755e-01
1.187879e+02 9.000000e+00 2.320993e-01
1.187879e+02 1.000000e+01 2.042835e-01
1.187879e+02 1.100000e+01 1.904573e-01
1.187879e+02 1.200000e+01 1.829565e-01
1.187879e+02 1.300000e+01 1.773043e-01
1.187879e+02 1.400000e+01 1.736594e-01
1.187879e+02 1.500000e+01 1.643205e-01
1.187879e+02 1.600000e+01 1.557969e-01
1.187879e+02 1.700000e+01 1.410983e-01
1.187879e+02 1.800000e+01 1.308578e-01
1.187879e+02 1.900000e+01 1.174091e-01
1.187879e+02 2.000000e+01 1.163300e-01
1.218081e+02 0.000000e+00 6.298223e-01
1.218081e+02 1.000000e+00 6.169708e-01
1.218081e+02 2.000000e+00 6.031053e-01
1.218081e+02 3.000000e+00 5.870285e-01
1.218081e+02 4.000000e+00 5.691882e-01
1.218081e+02 5.000000e+00 5.473727e-01
1.218081e+02 6.000000e+00 4.972089e-01
1.218081e+02 7.000000e+00 4.089511e-01
1.218081e+02 8.000000e+00 2.945604e-01
1.218081e+02 9.000000e+00 2.322248e-01
1.218081e+02 1.000000e+01 2.041813e-01
1.218081e+02 1.100000e+01 1.902531e-01
1.218081e+02 1.200000e+01 1.826900e-01
1.218081e+02 1.300000e+01 1.769907e-01
1.218081e+02 1.400000e+01 1.732950e-01
1.218081e+02 1.500000e+01 1.639096e-01
1.218081e+02 1.600000e+01 1.553142e-01
1.218081e+02 1.700000e+01 1.405428e-01
1.218081e+02 1.800000e+01 1.301608e-01
1.218081e+02 1.900000e+01 1.165816e-01
1.218081e+02 2.000000e+01 1.153729e-01
1.248283e+02 0.000000e+00 6.493092e-01
1.248283e+02 1.000000e+00 6.351042e-01
1.248283e+02 2.000000e+00 6.198290e-01
1.248283e+02 3.000000e+00 6.020814e-01
1.248283e+02 4.000000e+00 5.826449e-01
1.248283e+02 5.000000e+00 5.589015e-01
1.248283e+02 6.000000e+00 5.047836e-01
1.248283e+02 7.000000e+00 4.122970e-01
1.248283e+02 8.000000e+00 2.952412e-01
1.248283e+02 9.000000e+00 2.321983e-01
1.248283e+02 1.000000e+01 2.039472e-01
1.248283e+02 1.100000e+01 1.899249e-01
1.248283e+02 1.200000e+01 1.823012e-01
1.248283e+02 1.300000e+01 1.765543e-01
1.248283e+02 1.400000e+01 1.728057e-01
1.248283e+02 1.500000e+01 1.633754e-01
1.248283e+02 1.600000e+01 1.547104e-01
1.248283e+02 1.700000e+01 1.398756e-01
1.248283e+02 1.800000e+01 1.293637e-01
1.248283e+02 1.900000e+01 1.156756e-01
1.248283e+02 2.000000e+01 1.143513e-01
1.278485e+02 0.000000e+00 6.686345e-01
1.278485e+02 1.000000e+00 6.530199e-01
1.278485e+02 2.000000e+00 6.362847e-01
1.278485e+02 3.000000e+00 6.168335e-01
1.278485e+02 4.000000e+00 5.957823e-01
1.278485e+02 5.000000e+00 5.700984e-01
1.278485e+02 6.000000e+00 5.120018e-01
1.278485e+02 7.000000e+00 4.153422e-01
1.278485e+02 8.000000e+00 2.957236e-01
1.278485e+02 9.000000e+00 2.320253e-01
1.278485e+02 1.000000e+01 2.035869e-01
1.278485e+02 1.100000e+01 1.894780e-01
1.278485e+02 1.200000e+01 1.817957e-01
1.278485e+02 1.300000e+01 1.760010e-01
1.278485e+02 1.400000e+01 1.721976e-01
1.278485e+02 1.500000e+01 1.627244e-01
1.278485e+02 1.600000e+01 1.539923e-01
1.278485e+02 1.700000e+01 1.391035e-01
1.278485e+02 1.800000e+01 1.284738e-01
1.278485e+02 1.900000e+01 1.146976e-01
1.278485e+02 2.000000e+01 1.132713e-01
1.308687e+02 0.000000e+00 6.877621e-01
1.308687e+02 1.000000e+00 6.706834e-01
1.308687e+02 2.000000e+00 6.524404e-01
1.308687e+02 3.000000e+00 6.312568e-01
1.308687e+02 4.000000e+00 6.085766e-01
1.308687e+02 5.000000e+00 5.809452e-01
1.308687e+02 6.000000e+00 5.188559e-01
1.308687e+02 7.000000e+00 4.180892e-01
1.308687e+02 8.000000e+00 2.960133e-01
1.308687e+02 9.000000e+00 2.317115e-01
1.308687e+02 1.000000e+01 2.031057e-01
1.308687e+02 1.100000e+01 1.889178e-01
1.308687e+02 1.200000e+01 1.811789e-01
1.308687e+02 1.300000e+01 1.753366e-01
1.308687e+02 1.400000e+01 1.714767e-01
1.308687e+02 1.500000e+01 1.619629e-01
1.308687e+02 1.600000e+01 1.531666e-01
1.308687e+02 1.700000e+01 1.382333e-01
1.308687e+02 1.800000e+01 1.274978e-01
1.308687e+02 1.900000e+01 1.136537e-01
1.308687e+02 2.000000e+01 1.121383e-01
1.338889e+02 0.000000e+00 7.066567e-01
1.338889e+02 1.000000e+00 6.880612e-01
1.338889e+02 2.000000e+00 6.682650e-01
1.338889e+02 3.000000e+00 6.453246e-01
1.338889e+02 4.000000e+00 6.210053e-01
1.338889e+02 5.000000e+00 5.914246e-01
1.338889e+02 6.000000e+00 5.253395e-01
1.338889e+02 7.000000e+00 4.205409e-01
1.338889e+02 8.000000e+00 2.961161e-01
1.338889e+02 9.000000e+00 2.312624e-01
1.338889e+02 1.000000e+01 2.025088e-01
1.338889e+02 1.100000e+01 1.882497e-01
1.338889e+02 1.200000e+01 1.804562e-01
1.338889e+02 1.300000e+01 1.745666e-01
1.338889e+02 1.400000e+01 1.706492e-01
1.338889e+02 1.500000e+01 1.610971e-01
1.338889e+02 1.600000e+01 1.522397e-01
1.338889e+02 1.700000e+01 1.372715e-01
1.338889e+02 1.800000e+01 1.264423e-01
1.338889e+02 1.900000e+01 1.125497e-01
1.338889e+02 2.000000e+01 1.109573e-01
1.369091e+02 0.000000e+00 7.252836e-01
1.369091e+02 1.000000e+00 7.051210e-01
1.369091e+02 2.000000e+00 6.837290e-01
1.369091e+02 3.000000e+00 6.590114e-01
1.369091e+02 4.000000e+00 6.330473e-01
1.369091e+02 5.000000e+00 6.015208e-01
1.369091e+02 6.000000e+00 5.314473e-01
1.369091e+02 7.000000e+00 4.227006e-01
1.369091e+02 8.000000e+00 2.960381e-01
1.369091e+02 9.000000e+00 2.306835e-01
1.369091e+02 1.000000e+01 2.018015e-01
1.369091e+02 1.100000e+01 1.874786e-01
1.369091e+02 1.200000e+01 1.796330e-01
1.369091e+02 1.300000e+01 1.736966e-01
1.369091e+02 1.400000e+01 1.697206e-01
1.369091e+02 1.500000e+01 1.601328e-01
1.369091e+02 1.600000e+01 1.512179e-01
1.369091e+02 1.700000e+01 1.362243e-01
1.369091e+02 1.800000e+01 1.253136e-01
1.369091e+02 1.900000e+01 1.113910e-01
1.369091e+02 2.000000e+01 1.097332e-01
1.399293e+02 0.000000e+00 7.436092e-01
1.399293e+02 1.000000e+00 7.218315e-01
1.399293e+02 2.000000e+00 6.988039e-01
1.399293e+02 3.000000e+00 6.722933e-01
1.399293e+02 4.000000e+00 6.446829e-01
1.399293e+02 5.000000e+00 6.112195e-01
1.399293e+02 6.000000e+00 5.371752e-01
1.399293e+02 7.000000e+00 4.245725e-01
1.399293e+02 8.000000e+00 2.957852e-01
1.399293e+02 9.000000e+00 2.299804e-01
1.399293e+02 1.000000e+01 2.009890e-01
1.399293e+02 1.100000e+01 1.866098e-01
1.399293e+02 1.200000e+01 1.787144e-01
1.399293e+02 1.300000e+01 1.727318e-01
1.399293e+02 1.400000e+01 1.686966e-01
1.399293e+02 1.500000e+01 1.590761e-01
1.399293e+02 1.600000e+01 1.501073e-01
1.399293e+02 1.700000e+01 1.350978e-01
1.399293e+02 1.800000e+01 1.241174e-01
1.399293e+02 1.900000e+01 1.101827e-01
1.399293e+02 2.000000e+01 1.084702e-01
1.429495e+02 0.000000e+00 7.616011e-01
1.429495e+02 1.000000e+00 7.381627e-01
1.429495e+02 2.000000e+00 7.134630e-01
1.429495e+02 3.000000e+00 6.851480e-01
1.429495e+02 4.000000e+00 6.558942e-01
1.429495e+02 5.000000e+00 6.205076e-01
1.429495e+02 6.000000e+00 5.425201e-01
1.429495e+02 7.000000e+00 4.261609e-01
1.429495e+02 8.000000e+00 2.953635e-01
1.429495e+02 9.000000e+00 2.291584e-01
1.429495e+02 1.000000e+01 2.000763e-01
1.429495e+02 1.100000e+01 1.856482e-01
1.429495e+02 1.200000e+01 1.777054e-01
1.429495e+02 1.300000e+01 1.716775e-01
1.429495e+02 1.400000e+01 1.675828e-01
1.429495e+02 1.500000e+01 1.579323e-01
1.429495e+02 1.600000e+01 1.489135e-01
1.429495e+02 1.700000e+01 1.338976e-01
1.429495e+02 1.800000e+01 1.228594e-01
1.429495e+02 1.900000e+01 1.089295e-01
1.429495e+02 2.000000e+01 1.071726e-01
1.459697e+02 0.000000e+00 7.792278e-01
1.459697e+02 1.000000e+00 7.540861e-01
1.459697e+02 2.000000e+00 7.276810e-01
1.459697e+02 3.000000e+00 6.975548e-01
1.459697e+02 4.000000e+00 6.666645e-01
1.459697e+02 5.000000e+00 6.293734e-01
1.459697e+02 6.000000e+00 5.474800e-01
1.459697e+02 7.000000e+00 4.274707e-01
1.459697e+02 8.000000e+00 2.947789e-01
1.459697e+02 9.000000e+00 2.282230e-01
1.459697e+02 1.000000e+01 1.990683e-01
1.459697e+02 1.100000e+01 1.845985e-01
1.459697e+02 1.200000e+01 1.766109e-01
1.459697e+02 1.300000e+01 1.705387e-01
1.459697e+02 1.400000e+01 1.663844e-01
1.459697e+02 1.500000e+01 1.567070e-01
1.459697e+02 1.600000e+01 1.476424e-01
1.459697e+02 1.700000e+01 1.326292e-01
1.459697e+02 1.800000e+01 1.215449e-01
1.459697e+02 1.900000e+01 1.076359e-01
1.459697e+02 2.000000e+01 1.058441e-01
1.489899e+02 0.000000e+00 7.964594e-01
1.489899e+02 1.000000e+00 7.695746e-01
1.489899e+02 2.000000e+00 7.414346e-01
1.489899e+02 3.000000e+00 7.094946e-01
1.489899e+02 4.000000e+00 6.769791e-01
1.489899e+02 5.000000e+00 6.378070e-01
1.489899e+02 6.000000e+00 5.520541e-01
1.489899e+02 7.000000e+00 4.285071e-01
1.489899e+02 8.000000e+00 2.940376e-01
1.489899e+02 9.000000e+00 2.271792e-01
1.489899e+02 1.000000e+01 1.979699e-01
1.489899e+02 1.100000e+01 1.834656e-01
1.489899e+02 1.200000e+01 1.754358e-01
1.489899e+02 1.300000e+01 1.693203e-01
1.489899e+02 1.400000e+01 1.651066e-01
1.489899e+02 1.500000e+01 1.554054e-01
1.489899e+02 1.600000e+01 1.462991e-01
1.489899e+02 1.700000e+01 1.312979e-01
1.489899e+02 1.800000e+01 1.201788e-01
1.489899e+02 1.900000e+01 1.063059e-01
1.489899e+02 2.000000e+01 1.044882e-01
1.520101e+02 0.000000e+00 8.132673e-01
1.520101e+02 1.000000e+00 7.846028e-01
1.520101e+02 2.000000e+00 7.547019e-01
1.520101e+02 3.000000e+00 7.209503e-01
1.520101e+02 4.000000e+00 6.868246e-01
1.520101e+02 5.000000e+00 6.457994e-01
1.520101e+02 6.000000e+00 5.562423e-01
1.520101e+02 7.000000e+00 4.292759e-01
1.520101e+02 8.000000e+00 2.931457e-01
1.520101e+02 9.000000e+00 2.260324e-01
1.520101e+02 1.000000e+01 1.967857e-01
1.520101e+02 1.100000e+01 1.822540e-01
1.520101e+02 1.200000e+01 1.741846e-01
1.520101e+02 1.300000e+01 1.680272e-01
1.520101e+02 1.400000e+01 1.637543e-01
1.520101e+02 1.500000e+01 1.540325e-01
1.520101e+02 1.600000e+01 1.448889e-01
1.520101e+02 1.700000e+01 1.299086e-01
1.520101e+02 1.800000e+01 1.187659e-01
1.520101e+02 1.900000e+01 1.049435e-01
1.520101e+02 2.000000e+01 1.031083e-01
1.550303e+02 0.000000e+00 8.296243e-01
1.550303e+02 1.000000e+00 7.991470e-01
1.550303e+02 2.000000e+00 7.674631e-01
1.550303e+02 3.000000e+00 7.319064e-01
1.550303e+02 4.000000e+00 6.961896e-01
1.550303e+02 5.000000e+00 6.533435e-01
1.550303e+02 6.000000e+00 5.600456e-01
1.550303e+02 7.000000e+00 4.297828e-01
1.550303e+02 8.000000e+00 2.921091e-01
1.550303e+02 9.000000e+00 2.247875e-01
1.550303e+02 1.000000e+01 1.955205e-01
1.550303e+02 1.100000e+01 1.809681e-01
1.550303e+02 1.200000e+01 1.728619e-01
1.550303e+02 1.300000e+01 1.666639e-01
1.550303e+02 1.400000e+01 1.623323e-01
1.550303e+02 1.500000e+01 1.525933e-01
1.550303e+02 1.600000e+01 1.434168e-01
1.550303e+02 1.700000e+01 1.284663e-01
1.550303e+02 1.800000e+01 1.173107e-01
1.550303e+02 1.900000e+01 1.035523e-01
1.550303e+02 2.000000e+01 1.017074e-01
1.580505e+02 0.000000e+00 8.455052e-01
1.580505e+02 1.000000e+00 8.131853e-01
1.580505e+02 2.000000e+00 7.797003e-01
1.580505e+02 3.000000e+00 7.423492e-01
1.580505e+02 4.000000e+00 7.050640e-01
1.580505e+02 5.000000e+00 6.604334e-01
1.580505e+02 6.000000e+00 5.634661e-01
1.580505e+02 7.000000e+00 4.300343e-01
1.580505e+02 8.000000e+00 2.909338e-01
1.580505e+02 9.000000e+00 2.234496e-01
1.580505e+02 1.000000e+01 1.941787e-01
1.580505e+02 1.100000e+01 1.796125e-01
1.580505e+02 1.200000e+01 1.714721e-01
1.580505e+02 1.300000e+01 1.652348e-01
1.580505e+02 1.400000e+01 1.608454e-01
1.580505e+02 1.500000e+01 1.510925e-01
1.580505e+02 1.600000e+01 1.418875e-01
1.580505e+02 1.700000e+01 1.269753e-01
1.580505e+02 1.800000e+01 1.158173e-01
1.580505e+02 1.900000e+01 1.021357e-01
1.580505e+02 2.000000e+01 1.002883e-01
1.610707e+02 0.000000e+00 8.608860e-01
1.610707e+02 1.000000e+00 8.266975e-01
1.610707e+02 2.000000e+00 7.913975e-01
1.610707e+02 3.000000e+00 7.522672e-01
1.610707e+02 4.000000e+00 7.134398e-01
1.610707e+02 5.000000e+00 6.670646e-01
1.610707e+02 6.000000e+00 5.665065e-01
1.610707e+02 7.000000e+00 4.300368e-01
1.610707e+02 8.000000e+00 2.896259e-01
1.610707e+02 9.000000e+00 2.220235e-01
1.610707e+02 1.000000e+01 1.927646e-01
1.610707e+02 1.100000e+01 1.781912e-01
1.610707e+02 1.200000e+01 1.700194e-01
1.610707e+02 1.300000e+01 1.637445e-01
1.610707e+02 1.400000e+01 1.592980e-01
1.610707e+02 1.500000e+01 1.495346e-01
1.610707e+02 1.600000e+01 1.403056e-01
1.610707e+02 1.700000e+01 1.254400e-01
1.610707e+02 1.800000e+01 1.142898e-01
1.610707e+02 1.900000e+01 1.006969e-01
1.610707e+02 2.000000e+01 9.885361e-02
1.640909e+02 0.000000e+00 8.757449e-01
1.640909e+02 1.000000e+00 8.396655e-01
1.640909e+02 2.000000e+00 8.025407e-01
1.640909e+02 3.000000e+00 7.616502e-01
1.640909e+02 4.000000e+00 7.213103e-01
1.640909e+02 5.000000e+00 6.732340e-01
1.640909e+02 6.000000e+00 5.691703e-01
1.640909e+02 7.000000e+00 4.297969e-01
1.640909e+02 8.000000e+00 2.881912e-01
1.640909e+02 9.000000e+00 2.205139e-01
1.640909e+02 1.000000e+01 1.912827e-01
1.640909e+02 1.100000e+01 1.767084e-01
1.640909e+02 1.200000e+01 1.685079e-01
1.640909e+02 1.300000e+01 1.621969e-01
1.640909e+02 1.400000e+01 1.576944e-01
1.640909e+02 1.500000e+01 1.479238e-01
1.640909e+02 1.600000e+01 1.386755e-01
1.640909e+02 1.700000e+01 1.238646e-01
1.640909e+02 1.800000e+01 1.127318e-01
1.640909e+02 1.900000e+01 9.923872e-02
1.640909e+02 2.000000e+01 9.740585e-02
1.671111e+02 0.000000e+00 8.900617e-01
1.671111e+02 1.000000e+00 8.520733e-01
1.671111e+02 2.000000e+00 8.131179e-01
1.671111e+02 3.000000e+00 7.704903e-01
1.671111e+02 4.000000e+00 7.286704e-01
1.671111e+02 5.000000e+00 6.789397e-01
1.671111e+02 6.000000e+00 5.714621e-01
1.671111e+02 7.000000e+00 4.293218e-01
1.671111e+02 8.000000e+00 2.866355e-01
1.671111e+02 9.000000e+00 2.189256e-01
1.671111e+02 1.000000e+01 1.897370e-01
1.671111e+02 1.100000e+01 1.751680e-01
1.671111e+02 1.200000e+01 1.669416e-01
1.671111e+02 1.300000e+01 1.605962e-01
1.671111e+02 1.400000e+01 1.560389e-01
1.671111e+02 1.500000e+01 1.462645e-01
1.671111e+02 1.600000e+01 1.370013e-01
1.671111e+02 1.700000e+01 1.222530e-01
1.671111e+02 1.800000e+01 1.111470e-01
1.671111e+02 1.900000e+01 9.776402e-02
1.671111e+02 2.000000e+01 9.594726e-02
1.701313e+02 0.000000e+00 9.038181e-01
1.701313e+02 1.000000e+00 8.639064e-01
1.701313e+02 2.000000e+00 8.231190e-01
1.701313e+02 3.000000e+00 7.787811e-01
1.701313e+02 4.000000e+00 7.355169e-01
1.701313e+02 5.000000e+00 6.841814e-01
1.701313e+02 6.000000e+00 5.733868e-01
1.701313e+02 7.000000e+00 4.286184e-01
1.701313e+02 8.000000e+00 2.849646e-01
1.701313e+02 9.000000e+00 2.172631e-01
1.701313e+02 1.000000e+01 1.881315e-01
1.701313e+02 1.100000e+01 1.735740e-01
1.701313e+02 1.200000e+01 1.653244e-01
1.701313e+02 1.300000e+01 1.589463e-01
1.701313e+02 1.400000e+01 1.543354e-01
1.701313e+02 1.500000e+01 1.445607e-01
1.701313e+02 1.600000e+01 1.352871e-01
1.701313e+02 1.700000e+01 1.206088e-01
1.701313e+02 1.800000e+01 1.095385e-01
1.701313e+02 1.900000e+01 9.627535e-02
1.701313e+02 2.000000e+01 9.447994e-02
1.731515e+02 0.000000e+00 9.169979e-01
1.731515e+02 1.000000e+00 8.751527e-01
1.731515e+02 2.000000e+00 8.325359e-01
1.731515e+02 3.000000e+00 7.865182e-01
1.731515e+02 4.000000e+00 7.418477e-01
1.731515e+02 5.000000e+00 6.889596e-01
1.731515e+02 6.000000e+00 5.749503e-01
1.731515e+02 7.000000e+00 4.276940e-01
1.731515e+02 8.000000e+00 2.831841e-01
1.731515e+02 9.000000e+00 2.155309e-01
1.731515e+02 1.000000e+01 1.864703e-01
1.731515e+02 1.100000e+01 1.719301e-01
1.731515e+02 1.200000e+01 1.636600e-01
1.731515e+02 1.300000e+01 1.572509e-01
1.731515e+02 1.400000e+01 1.525878e-01
1.731515e+02 1.500000e+01 1.428161e-01
1.731515e+02 1.600000e+01 1.335366e-01
1.731515e+02 1.700000e+01 1.189356e-01
1.731515e+02 1.800000e+01 1.079096e-01
1.731515e+02 1.900000e+01 9.477512e-02
1.731515e+02 2.000000e+01 9.300585e-02
1.761717e+02 0.000000e+00 9.295867e-01
1.761717e+02 1.000000e+00 8.858021e-01
1.761717e+02 2.000000e+00 8.413625e-01
1.761717e+02 3.000000e+00 7.936987e-01
1.761717e+02 4.000000e+00 7.476626e-01
1.761717e+02 5.000000e+00 6.932763e-01
1.761717e+02 6.000000e+00 5.761589e-01
1.761717e+02 7.000000e+00 4.265559e-01
1.761717e+02 8.000000e+00 2.812997e-01
1.761717e+02 9.000000e+00 2.137331e-01
1.761717e+02 1.000000e+01 1.847570e-01
1.761717e+02 1.100000e+01 1.702399e-01
1.761717e+02 1.200000e+01 1.619519e-01
1.761717e+02 1.300000e+01 1.555137e-01
1.761717e+02 1.400000e+01 1.507998e-01
1.761717e+02 1.500000e+01 1.410345e-01
1.761717e+02 1.600000e+01 1.317535e-01
1.761717e+02 1.700000e+01 1.172368e-01
1.761717e+02 1.800000e+01 1.062631e-01
1.761717e+02 1.900000e+01 9.326556e-02
1.761717e+02 2.000000e+01 9.152681e-02
1.791919e+02 0.000000e+00 9.415722e-01
1.791919e+02 1.000000e+00 8.958462e-01
1.791919e+02 2.000000e+00 8.495947e-01
1.791919e+02 3.000000e+00 8.003214e-01
1.791919e+02 4.000000e+00 7.529625e-01
1.791919e+02 5.000000e+00 6.971345e-01
1.791919e+02 6.000000e+00 5.770195e-01
1.791919e+02 7.000000e+00 4.252117e-01
1.791919e+02 8.000000e+00 2.793168e-01
1.791919e+02 9.000000e+00 2.118742e-01
1.791919e+02 1.000000e+01 1.829954e-01
1.791919e+02 1.100000e+01 1.685069e-01
1.791919e+02 1.200000e+01 1.602037e-01
1.791919e+02 1.300000e+01 1.537381e-01
1.791919e+02 1.400000e+01 1.489751e-01
1.791919e+02 1.500000e+01 1.392194e-01
1.791919e+02 1.600000e+01 1.299412e-01
1.791919e+02 1.700000e+01 1.155154e-01
1.791919e+02 1.800000e+01 1.046018e-01
1.791919e+02 1.900000e+01 9.174875e-02
1.791919e+02 2.000000e+01 9.004450e-02
1.822121e+02 0.000000e+00 9.529440e-01
1.822121e+02 1.000000e+00 9.052788e-01
1.822121e+02 2.000000e+00 8.572299e-01
1.822121e+02 3.000000e+00 8.063869e-01
1.822121e+02 4.000000e+00 7.577499e-01
1.822121e+02 5.000000e+00 7.005383e-01
1.822121e+02 6.000000e+00 5.775396e-01
1.822121e+02 7.000000e+00 4.236688e-01
1.822121e+02 8.000000e+00 2.772409e-01
1.822121e+02 9.000000e+00 2.099581e-01
1.822121e+02 1.000000e+01 1.811892e-01
1.822121e+02 1.100000e+01 1.667345e-01
1.822121e+02 1.200000e+01 1.584188e-01
1.822121e+02 1.300000e+01 1.519276e-01
1.822121e+02 1.400000e+01 1.471170e-01
1.822121e+02 1.500000e+01 1.373742e-01
1.822121e+02 1.600000e+01 1.281031e-01
1.822121e+02 1.700000e+01 1.137746e-01
1.822121e+02 1.800000e+01 1.029282e-01
1.822121e+02 1.900000e+01 9.022664e-02
1.822121e+02 2.000000e+01 8.856047e-02
1.852323e+02 0.000000e+00 9.636936e-01
1.852323e+02 1.000000e+00 9.140955e-01
1.852323e+02 2.000000e+00 8.642677e-01
1.852323e+02 3.000000e+00 8.118972e-01
1.852323e+02 4.000000e+00 7.620283e-01
1.852323e+02 5.000000e+00 7.034927e-01
1.852323e+02 6.000000e+00 5.777271e-01
1.852323e+02 7.000000e+00 4.219349e-01
1.852323e+02 8.000000e+00 2.750772e-01
1.852323e+02 9.000000e+00 2.079888e-01
1.852323e+02 1.000000e+01 1.793416e-01
1.852323e+02 1.100000e+01 1.649260e-01
1.852323e+02 1.200000e+01 1.566002e-01
1.852323e+02 1.300000e+01 1.500854e-01
1.852323e+02 1.400000e+01 1.452288e-01
1.852323e+02 1.500000e+01 1.355021e-01
1.852323e+02 1.600000e+01 1.262422e-01
1.852323e+02 1.700000e+01 1.120170e-01
1.852323e+02 1.800000e+01 1.012449e-01
1.852323e+02 1.900000e+01 8.870104e-02
1.852323e+02 2.000000e+01 8.707619e-02
1.882525e+02 0.000000e+00 9.738147e-01
1.882525e+02 1.000000e+00 9.222940e-01
1.882525e+02 2.000000e+00 8.707090e-01
1.882525e+02 3.000000e+00 8.168555e-01
1.882525e+02 4.000000e+00 7.658026e-01
1.882525e+02 5.000000e+00 7.060038e-01
1.882525e+02 6.000000e+00 5.775904e-01
1.882525e+02 7.000000e+00 4.200175e-01
1.882525e+02 8.000000e+00 2.728309e-01
1.882525e+02 9.000000e+00 2.059703e-01
1.882525e+02 1.000000e+01 1.774561e-01
1.882525e+02 1.100000e+01 1.630844e-01
1.882525e+02 1.200000e+01 1.547512e-01
1.882525e+02 1.300000e+01 1.482145e-01
1.882525e+02 1.400000e+01 1.433138e-01
1.882525e+02 1.500000e+01 1.336062e-01
1.882525e+02 1.600000e+01 1.243617e-01
1.882525e+02 1.700000e+01 1.102455e-01
1.882525e+02 1.800000e+01 9.955405e-02
1.882525e+02 1.900000e+01 8.717364e-02
1.882525e+02 2.000000e+01 8.559297e-02
1.912727e+02 0.000000e+00 9.833026e-01
1.912727e+02 1.000000e+00 9.298734e-01
1.912727e+02 2.000000e+00 8.765567e-01
1.912727e+02 3.000000e+00 8.212669e-01
1.912727e+02 4.000000e+00 7.690789e-01
1.912727e+02 5.000000e+00 7.080785e-01
1.912727e+02 6.000000e+00 5.771381e-01
1.912727e+02 7.000000e+00 4.179242e-01
1.912727e+02 8.000000e+00 2.705072e-01
1.912727e+02 9.000000e+00 2.039062e-01
1.912727e+02 1.000000e+01 1.755360e-01
1.912727e+02 1.100000e+01 1.612129e-01
1.912727e+02 1.200000e+01 1.528748e-01
1.912727e+02 1.300000e+01 1.463181e-01
1.912727e+02 1.400000e+01 1.413749e-01
1.912727e+02 1.500000e+01 1.316895e-01
1.912727e+02 1.600000e+01 1.224643e-01
1.912727e+02 1.700000e+01 1.084626e-01
1.912727e+02 1.800000e+01 9.785780e-02
1.912727e+02 1.900000e+01 8.564601e-02
1.912727e+02 2.000000e+01 8.411207e-02
1.942929e+02 0.000000e+00 9.921549e-01
1.942929e+02 1.000000e+00 9.368349e-01
1.942929e+02 2.000000e+00 8.818151e-01
1.942929e+02 3.000000e+00 8.251373e-01
1.942929e+02 4.000000e+00 7.718642e-01
1.942929e+02 5.000000e+00 7.097243e-01
1.942929e+02 6.000000e+00 5.763793e-01
1.942929e+02 7.000000e+00 4.156628e-01
1.942929e+02 8.000000e+00 2.681109e-01
1.942929e+02 9.000000e+00 2.018003e-01
1.942929e+02 1.000000e+01 1.735843e-01
1.942929e+02 1.100000e+01 1.593145e-01
1.942929e+02 1.200000e+01 1.509737e-01
1.942929e+02 1.300000e+01 1.443989e-01
1.942929e+02 1.400000e+01 1.394150e-01
1.942929e+02 1.500000e+01 1.297548e-01
1.942929e+02 1.600000e+01 1.205527e-01
1.942929e+02 1.700000e+01 1.066705e-01
1.942929e+02 1.800000e+01 9.615814e-02
1.942929e+02 1.900000e+01 8.411961e-02
1.942929e+02 2.000000e+01 8.263464e-02
1.973131e+02 0.000000e+00 1.000371e+00
1.973131e+02 1.000000e+00 9.431814e-01
1.973131e+02 2.000000e+00 8.864898e-01
1.973131e+02 3.000000e+00 8.284740e-01
1.973131e+02 4.000000e+00 7.741665e-01
1.973131e+02 5.000000e+00 7.109498e-01
1.973131e+02 6.000000e+00 5.753232e-01
1.973131e+02 7.000000e+00 4.132406e-01
1.973131e+02 8.000000e+00 2.656470e-01
1.973131e+02 9.000000e+00 1.996560e-01
1.973131e+02 1.000000e+01 1.716041e-01
1.973131e+02 1.100000e+01 1.573918e-01
1.973131e+02 1.200000e+01 1.490509e-01
1.973131e+02 1.300000e+01 1.424597e-01
1.973131e+02 1.400000e+01 1.374369e-01
1.973131e+02 1.500000e+01 1.278048e-01
1.973131e+02 1.600000e+01 1.186295e-01
1.973131e+02 1.700000e+01 1.048717e-01
1.973131e+02 1.800000e+01 9.445693e-02
1.973131e+02 1.900000e+01 8.259579e-02
1.973131e+02 2.000000e+01 8.116174e-02
2.003333e+02 0.000000e+00 1.007951e+00
2.003333e+02 1.000000e+00 9.489171e-01
2.003333e+02 2.000000e+00 8.905881e-01
2.003333e+02 3.000000e+00 8.312855e-01
2.003333e+02 4.000000e+00 7.759947e-01
2.003333e+02 5.000000e+00 7.117639e-01
2.003333e+02 6.000000e+00 5.739795e-01
2.003333e+02 7.000000e+00 4.106654e-01
2.003333e+02 8.000000e+00 2.631201e-01
2.003333e+02 9.000000e+00 1.974767e-01
2.003333e+02 1.000000e+01 1.695984e-01
2.003333e+02 1.100000e+01 1.554477e-01
2.003333e+02 1.200000e+01 1.471089e-01
2.003333e+02 1.300000e+01 1.405032e-01
2.003333e+02 1.400000e+01 1.354433e-01
2.003333e+02 1.500000e+01 1.258421e-01
2.003333e+02 1.600000e+01 1.166972e-01
2.003333e+02 1.700000e+01 1.030681e-01
2.003333e+02 1.800000e+01 9.275593e-02
2.003333e+02 1.900000e+01 8.107583e-02
2.003333e+02 2.000000e+01 7.969434e-02
2.033535e+02 0.000000e+00 1.014898e+00
2.033535e+02 1.000000e+00 9.540479e-01
2.033535e+02 2.000000e+00 8.941182e-01
2.033535e+02 3.000000e+00 8.335811e-01
2.033535e+02 4.000000e+00 7.773585e-01
2.033535e+02 5.000000e+00 7.121764e-01
2.033535e+02 6.000000e+00 5.723578e-01
2.033535e+02 7.000000e+00 4.079447e-01
2.033535e+02 8.000000e+00 2.605350e-01
2.033535e+02 9.000000e+00 1.952659e-01
2.033535e+02 1.000000e+01 1.675698e-01
2.033535e+02 1.100000e+01 1.534848e-01
2.033535e+02 1.200000e+01 1.451504e-01
2.033535e+02 1.300000e+01 1.385318e-01
2.033535e+02 1.400000e+01 1.334367e-01
2.033535e+02 1.500000e+01 1.238690e-01
2.033535e+02 1.600000e+01 1.147580e-01
2.033535e+02 1.700000e+01 1.012619e-01
2.033535e+02 1.800000e+01 9.105676e-02
2.033535e+02 1.900000e+01 7.956089e-02
2.033535e+02 2.000000e+01 7.823337e-02
2.063737e+02 0.000000e+00 1.021217e+00
2.063737e+02 1.000000e+00 9.585810e-01
2.063737e+02 2.000000e+00 8.970897e-01
2.063737e+02 3.000000e+00 8.353713e-01
2.063737e+02 4.000000e+00 7.782685e-01
2.063737e+02 5.000000e+00 7.121975e-01
2.063737e+02 6.000000e+00 5.704681e-01
2.063737e+02 7.000000e+00 4.050857e-01
2.063737e+02 8.000000e+00 2.578961e-01
2.063737e+02 9.000000e+00 1.930266e-01
2.063737e+02 1.000000e+01 1.655212e-01
2.063737e+02 1.100000e+01 1.515056e-01
2.063737e+02 1.200000e+01 1.431777e-01
2.063737e+02 1.300000e+01 1.365481e-01
2.063737e+02 1.400000e+01 1.314195e-01
2.063737e+02 1.500000e+01 1.218879e-01
2.063737e+02 1.600000e+01 1.128141e-01
2.063737e+02 1.700000e+01 9.945489e-02
2.063737e+02 1.800000e+01 8.936096e-02
2.063737e+02 1.900000e+01 7.805207e-02
2.063737e+02 2.000000e+01 7.677965e-02
2.093939e+02 0.000000e+00 1.026912e+00
2.093939e+02 1.000000e+00 9.625252e-01
2.093939e+02 2.000000e+00 8.995131e-01
2.093939e+02 3.000000e+00 8.366670e-01
2.093939e+02 4.000000e+00 7.787358e-01
2.093939e+02 5.000000e+00 7.118379e-01
2.093939e+02 6.000000e+00 5.683205e-01
2.093939e+02 7.000000e+00 4.020960e-01
2.093939e+02 8.000000e+00 2.552078e-01
2.093939e+02 9.000000e+00 1.907621e-01
2.093939e+02 1.000000e+01 1.634552e-01
2.093939e+02 1.100000e+01 1.495125e-01
2.093939e+02 1.200000e+01 1.411932e-01
2.093939e+02 1.300000e+01 1.345543e-01
2.093939e+02 1.400000e+01 1.293941e-01
2.093939e+02 1.500000e+01 1.199011e-01
2.093939e+02 1.600000e+01 1.108676e-01
2.093939e+02 1.700000e+01 9.764885e-02
2.093939e+02 1.800000e+01 8.766994e-02
2.093939e+02 1.900000e+01 7.655037e-02
2.093939e+02 2.000000e+01 7.533396e-02
2.124141e+02 0.000000e+00 1.031993e+00
2.124141e+02 1.000000e+00 9.658900e-01
2.124141e+02 2.000000e+00 9.014001e-01
2.124141e+02 3.000000e+00 8.374804e-01
2.124141e+02 4.000000e+00 7.787721e-01
2.124141e+02 5.000000e+00 7.111086e-01
2.124141e+02 6.000000e+00 5.659250e-01
2.124141e+02 7.000000e+00 3.989827e-01
2.124141e+02 8.000000e+00 2.524743e-01
2.124141e+02 9.000000e+00 1.884752e-01
2.124141e+02 1.000000e+01 1.613743e-01
2.124141e+02 1.100000e+01 1.475079e-01
2.124141e+02 1.200000e+01 1.391992e-01
2.124141e+02 1.300000e+01 1.325527e-01
2.124141e+02 1.400000e+01 1.273626e-01
2.124141e+02 1.500000e+01 1.179106e-01
2.124141e+02 1.600000e+01 1.089204e-01
2.124141e+02 1.700000e+01 9.584546e-02
2.124141e+02 1.800000e+01 8.598503e-02
2.124141e+02 1.900000e+01 7.505674e-02
2.124141e+02 2.000000e+01 7.389702e-02
2.154343e+02 0.000000e+00 1.036466e+00
2.154343e+02 1.000000e+00 9.686865e-01
2.154343e+02 2.000000e+00 9.027630e-01
2.154343e+02 3.000000e+00 8.378239e-01
2.154343e+02 4.000000e+00 7.783896e-01
2.154343e+02 5.000000e+00 7.100212e-01
2.154343e+02 6.000000e+00 5.632919e-01
2.154343e+02 7.000000e+00 3.957532e-01
2.154343e+02 8.000000e+00 2.496999e-01
2.154343e+02 9.000000e+00 1.861690e-01
2.154343e+02 1.000000e+01 1.592809e-01
2.154343e+02 1.100000e+01 1.454940e-01
2.154343e+02 1.200000e+01 1.371979e-01
2.154343e+02 1.300000e+01 1.305454e-01
2.154343e+02 1.400000e+01 1.253272e-01
2.154343e+02 1.500000e+01 1.159185e-01
2.154343e+02 1.600000e+01 1.069745e-01
2.154343e+02 1.700000e+01 9.404628e-02
2.154343e+02 1.800000e+01 8.430747e-02
2.154343e+02 1.900000e+01 7.357205e-02
2.154343e+02 2.000000e+01 7.246948e-02
2.184545e+02 0.000000e+00 1.040343e+00
2.184545e+02 1.000000e+00 9.709266e-01
2.184545e+02 2.000000e+00 9.036151e-01
2.184545e+02 3.000000e+00 8.377108e-01
2.184545e+02 4.000000e+00 7.776010e-01
2.184545e+02 5.000000e+00 7.085874e-01
2.184545e+02 6.000000e+00 5.604314e-01
2.184545e+02 7.000000e+00 3.924144e-01
2.184545e+02 8.000000e+00 2.468886e-01
2.184545e+02 9.000000e+00 1.838461e-01
2.184545e+02 1.000000e+01 1.571774e-01
2.184545e+02 1.100000e+01 1.434729e-01
2.184545e+02 1.200000e+01 1.351913e-01
2.184545e+02 1.300000e+01 1.285343e-01
2.184545e+02 1.400000e+01 1.232898e-01
2.184545e+02 1.500000e+01 1.139265e-01
2.184545e+02 1.600000e+01 1.050315e-01
2.184545e+02 1.700000e+01 9.225279e-02
2.184545e+02 1.800000e+01 8.263842e-02
2.184545e+02 1.900000e+01 7.209709e-02
2.184545e+02 2.000000e+01 7.105195e-02
2.214747e+02 0.000000e+00 1.043633e+00
2.214747e+02 1.000000e+00 9.726229e-01
2.214747e+02 2.000000e+00 9.039702e-01
2.214747e+02 3.000000e+00 8.371547e-01
2.214747e+02 4.000000e+00 7.764195e-01
2.214747e+02 5.000000e+00 7.068194e-01
2.214747e+02 6.000000e+00 5.573538e-01
2.214747e+02 7.000000e+00 3.889733e-01
2.214747e+02 8.000000e+00 2.440442e-01
2.214747e+02 9.000000e+00 1.815093e-01
2.214747e+02 1.000000e+01 1.550659e-01
2.214747e+02 1.100000e+01 1.414467e-01
2.214747e+02 1.200000e+01 1.331814e-01
2.214747e+02 1.300000e+01 1.265216e-01
2.214747e+02 1.400000e+01 1.212525e-01
2.214747e+02 1.500000e+01 1.119366e-01
2.214747e+02 1.600000e+01 1.030931e-01
2.214747e+02 1.700000e+01 9.046637e-02
2.214747e+02 1.800000e+01 8.097895e-02
2.214747e+02 1.900000e+01 7.063262e-02
2.214747e+02 2.000000e+01 6.964499e-02
2.244949e+02 0.000000e+00 1.046349e+00
2.244949e+02 1.000000e+00 9.737893e-01
2.244949e+02 2.000000e+00 9.038428e-01
2.244949e+02 3.000000e+00 8.361699e-01
2.244949e+02 4.000000e+00 7.748583e-01
2.244949e+02 5.000000e+00 7.047293e-01
2.244949e+02 6.000000e+00 5.540694e-01
2.244949e+02 7.000000e+00 3.854367e-01
2.244949e+02 8.000000e+00 2.411706e-01
2.244949e+02 9.000000e+00 1.791612e-01
2.244949e+02 1.000000e+01 1.529488e-01
2.244949e+02 1.100000e+01 1.394175e-01
2.244949e+02 1.200000e+01 1.311702e-01
2.244949e+02 1.300000e+01 1.245090e-01
2.244949e+02 1.400000e+01 1.192169e-01
2.244949e+02 1.500000e+01 1.099505e-01
2.244949e+02 1.600000e+01 1.011609e-01
2.244949e+02 1.700000e+01 8.868832e-02
2.244949e+02 1.800000e+01 7.933006e-02
2.244949e+02 1.900000e+01 6.917931e-02
2.244949e+02 2.000000e+01 6.824910e-02
2.275152e+02 0.000000e+00 1.048505e+00
2.275152e+02 1.000000e+00 9.744401e-01
2.275152e+02 2.000000e+00 9.032479e-01
2.275152e+02 3.000000e+00 8.347706e-01
2.275152e+02 4.000000e+00 7.729311e-01
2.275152e+02 5.000000e+00 7.023296e-01
2.275152e+02 6.000000e+00 5.505882e-01
2.275152e+02 7.000000e+00 3.818115e-01
2.275152e+02 8.000000e+00 2.382715e-01
2.275152e+02 9.000000e+00 1.768042e-01
2.275152e+02 1.000000e+01 1.508280e-01
2.275152e+02 1.100000e+01 1.373870e-01
2.275152e+02 1.200000e+01 1.291593e-01
2.275152e+02 1.300000e+01 1.224983e-01
2.275152e+02 1.400000e+01 1.171849e-01
2.275152e+02 1.500000e+01 1.079698e-01
2.275152e+02 1.600000e+01 9.923634e-02
2.275152e+02 1.700000e+01 8.691985e-02
2.275152e+02 1.800000e+01 7.769268e-02
2.275152e+02 1.900000e+01 6.773782e-02
2.275152e+02 2.000000e+01 6.686476e-02
2.305354e+02 0.000000e+00 1.050113e+00
2.305354e+02 1.000000e+00 9.745901e-01
2.305354e+02 2.000000e+00 9.022009e-01
2.305354e+02 3.000000e+00 8.329719e-01
2.305354e+02 4.000000e+00 7.706519e-01
2.305354e+02 5.000000e+00 6.996328e-01
2.305354e+02 6.000000e+00 5.469206e-01
2.305354e+02 7.000000e+00 3.781041e-01
2.305354e+02 8.000000e+00 2.353504e-01
2.305354e+02 9.000000e+00 1.744409e-01
2.305354e+02 1.000000e+01 1.487055e-01
2.305354e+02 1.100000e+01 1.353571e-01
2.305354e+02 1.200000e+01 1.271507e-01
2.305354e+02 1.300000e+01 1.204911e-01
2.305354e+02 1.400000e+01 1.151581e-01
2.305354e+02 1.500000e+01 1.059959e-01
2.305354e+02 1.600000e+01 9.732080e-02
2.305354e+02 1.700000e+01 8.516209e-02
2.305354e+02 1.800000e+01 7.606767e-02
2.305354e+02 1.900000e+01 6.630871e-02
2.305354e+02 2.000000e+01 6.549239e-02
2.335556e+02 0.000000e+00 1.051189e+00
2.335556e+02 1.000000e+00 9.742551e-01
2.335556e+02 2.000000e+00 9.007176e-01
2.335556e+02 3.000000e+00 8.307886e-01
2.335556e+02 4.000000e+00 7.680347e-01
2.335556e+02 5.000000e+00 6.966516e-01
2.335556e+02 6.000000e+00 5.430766e-01
2.335556e+02 7.000000e+00 3.743211e-01
2.335556e+02 8.000000e+00 2.324108e-01
2.335556e+02 9.000000e+00 1.720735e-01
2.335556e+02 1.000000e+01 1.465833e-01
2.335556e+02 1.100000e+01 1.333296e-01
2.335556e+02 1.200000e+01 1.251458e-01
2.335556e+02 1.300000e+01 1.184892e-01
2.335556e+02 1.400000e+01 1.131380e-01
2.335556e+02 1.500000e+01 1.040304e-01
2.335556e+02 1.600000e+01 9.541559e-02
2.335556e+02 1.700000e+01 8.341610e-02
2.335556e+02 1.800000e+01 7.445583e-02
2.335556e+02 1.900000e+01 6.489254e-02
2.335556e+02 2.000000e+01 6.413239e-02
2.365758e+02 0.000000e+00 1.051749e+00
2.365758e+02 1.000000e+00 9.734509e-01
2.365758e+02 2.000000e+00 8.988141e-01
2.365758e+02 3.000000e+00 8.282361e-01
2.365758e+02 4.000000e+00 7.650935e-01
2.365758e+02 5.000000e+00 6.933987e-01
2.365758e+02 6.000000e+00 5.390662e-01
2.365758e+02 7.000000e+00 3.704687e-01
2.365758e+02 8.000000e+00 2.294560e-01
2.365758e+02 9.000000e+00 1.697043e-01
2.365758e+02 1.000000e+01 1.444632e-01
2.365758e+02 1.100000e+01 1.313061e-01
2.365758e+02 1.200000e+01 1.231464e-01
2.365758e+02 1.300000e+01 1.164939e-01
2.365758e+02 1.400000e+01 1.111262e-01
2.365758e+02 1.500000e+01 1.020746e-01
2.365758e+02 1.600000e+01 9.352194e-02
2.365758e+02 1.700000e+01 8.168289e-02
2.365758e+02 1.800000e+01 7.285791e-02
2.365758e+02 1.900000e+01 6.348979e-02
2.365758e+02 2.000000e+01 6.278512e-02
2.395960e+02 0.000000e+00 1.051807e+00
2.395960e+02 1.000000e+00 9.721939e-01
2.395960e+02 2.000000e+00 8.965067e-01
2.395960e+02 3.000000e+00 8.253297e-01
2.395960e+02 4.000000e+00 7.618427e-01
2.395960e+02 5.000000e+00 6.898867e-01
2.395960e+02 6.000000e+00 5.348992e-01
2.395960e+02 7.000000e+00 3.665532e-01
2.395960e+02 8.000000e+00 2.264892e-01
2.395960e+02 9.000000e+00 1.673353e-01
2.395960e+02 1.000000e+01 1.423469e-01
2.395960e+02 1.100000e+01 1.292881e-01
2.395960e+02 1.200000e+01 1.211539e-01
2.395960e+02 1.300000e+01 1.145068e-01
2.395960e+02 1.400000e+01 1.091240e-01
2.395960e+02 1.500000e+01 1.001299e-01
2.395960e+02 1.600000e+01 9.164099e-02
2.395960e+02 1.700000e+01 7.996337e-02
2.395960e+02 1.800000e+01 7.127459e-02
2.395960e+02 1.900000e+01 6.210093e-02
2.395960e+02 2.000000e+01 6.145091e-02
2.426162e+02 0.000000e+00 1.051381e+00
2.426162e+02 1.000000e+00 9.705009e-01
2.426162e+02 2.000000e+00 8.938118e-01
2.426162e+02 3.000000e+00 8.220848e-01
2.426162e+02 4.000000e+00 7.582965e-01
2.426162e+02 5.000000e+00 6.861284e-01
2.426162e+02 6.000000e+00 5.305854e-01
2.426162e+02 7.000000e+00 3.625806e-01
2.426162e+02 8.000000e+00 2.235137e-01
2.426162e+02 9.000000e+00 1.649687e-01
2.426162e+02 1.000000e+01 1.402362e-01
2.426162e+02 1.100000e+01 1.272773e-01
2.426162e+02 1.200000e+01 1.191698e-01
2.426162e+02 1.300000e+01 1.125293e-01
2.426162e+02 1.400000e+01 1.071329e-01
2.426162e+02 1.500000e+01 9.819737e-02
2.426162e+02 1.600000e+01 8.977383e-02
2.426162e+02 1.700000e+01 7.825840e-02
2.426162e+02 1.800000e+01 6.970650e-02
2.426162e+02 1.900000e+01 6.072636e-02
2.426162e+02 2.000000e+01 6.013005e-02
2.456364e+02 0.000000e+00 1.050486e+00
2.456364e+02 1.000000e+00 9.683889e-01
2.456364e+02 2.000000e+00 8.907461e-01
2.456364e+02 3.000000e+00 8.185170e-01
2.456364e+02 4.000000e+00 7.544690e-01
2.456364e+02 5.000000e+00 6.821363e-01
2.456364e+02 6.000000e+00 5.261345e-01
2.456364e+02 7.000000e+00 3.585567e-01
2.456364e+02 8.000000e+00 2.205324e-01
2.456364e+02 9.000000e+00 1.626065e-01
2.456364e+02 1.000000e+01 1.381326e-01
2.456364e+02 1.100000e+01 1.252751e-01
2.456364e+02 1.200000e+01 1.171954e-01
2.456364e+02 1.300000e+01 1.105626e-01
2.456364e+02 1.400000e+01 1.051539e-01
2.456364e+02 1.500000e+01 9.627828e-02
2.456364e+02 1.600000e+01 8.792147e-02
2.456364e+02 1.700000e+01 7.656878e-02
2.456364e+02 1.800000e+01 6.815423e-02
2.456364e+02 1.900000e+01 5.936648e-02
2.456364e+02 2.000000e+01 5.882281e-02
2.486566e+02 0.000000e+00 1.049142e+00
2.486566e+02 1.000000e+00 9.658749e-01
2.486566e+02 2.000000e+00 8.873262e-01
2.486566e+02 3.000000e+00 8.146416e-01
2.486566e+02 4.000000e+00 7.503746e-01
2.486566e+02 5.000000e+00 6.779231e-01
2.486566e+02 6.000000e+00 5.215559e-01
2.486566e+02 7.000000e+00 3.544874e-01
2.486566e+02 8.000000e+00 2.175481e-01
2.486566e+02 9.000000e+00 1.602505e-01
2.486566e+02 1.000000e+01 1.360377e-01
2.486566e+02 1.100000e+01 1.232828e-01
2.486566e+02 1.200000e+01 1.152321e-01
2.486566e+02 1.300000e+01 1.086081e-01
2.486566e+02 1.400000e+01 1.031884e-01
2.486566e+02 1.500000e+01 9.437368e-02
2.486566e+02 1.600000e+01 8.608487e-02
2.486566e+02 1.700000e+01 7.489527e-02
2.486566e+02 1.800000e+01 6.661832e-02
2.486566e+02 1.900000e+01 5.802162e-02
2.486566e+02 2.000000e+01 5.752944e-02
2.516768e+02 0.000000e+00 1.047364e+00
2.516768e+02 1.000000e+00 9.629763e-01
2.516768e+02 2.000000e+00 8.835688e-01
2.516768e+02 3.000000e+00 8.104742e-01
2.516768e+02 4.000000e+00 7.460272e-01
2.516768e+02 5.000000e+00 6.735013e-01
2.516768e+02 6.000000e+00 5.168590e-01
2.516768e+02 7.000000e+00 3.503782e-01
2.516768e+02 8.000000e+00 2.145638e-01
2.516768e+02 9.000000e+00 1.579026e-01
2.516768e+02 1.000000e+01 1.339529e-01
2.516768e+02 1.100000e+01 1.213018e-01
2.516768e+02 1.200000e+01 1.132811e-01
2.516768e+02 1.300000e+01 1.066669e-01
2.516768e+02 1.400000e+01 1.012375e-01
2.516768e+02 1.500000e+01 9.248461e-02
2.516768e+02 1.600000e+01 8.426491e-02
2.516768e+02 1.700000e+01 7.323856e-02
2.516768e+02 1.800000e+01 6.509925e-02
2.516768e+02 1.900000e+01 5.669211e-02
2.516768e+02 2.000000e+01 5.625017e-02
2.546970e+02 0.000000e+00 1.045171e+00
2.546970e+02 1.000000e+00 9.597103e-01
2.546970e+02 2.000000e+00 8.794905e-01
2.546970e+02 3.000000e+00 8.060301e-01
2.546970e+02 4.000000e+00 7.414411e-01
2.546970e+02 5.000000e+00 6.688831e-01
2.546970e+02 6.000000e+00 5.120529e-01
2.546970e+02 7.000000e+00 3.462346e-01
2.546970e+02 8.000000e+00 2.115821e-01
2.546970e+02 9.000000e+00 1.555645e-01
2.546970e+02 1.000000e+01 1.318797e-01
2.546970e+02 1.100000e+01 1.193333e-01
2.546970e+02 1.200000e+01 1.113435e-01
2.546970e+02 1.300000e+01 1.047401e-01
2.546970e+02 1.400000e+01 9.930230e-02
2.546970e+02 1.500000e+01 9.061201e-02
2.546970e+02 1.600000e+01 8.246242e-02
2.546970e+02 1.700000e+01 7.159928e-02
2.546970e+02 1.800000e+01 6.359749e-02
2.546970e+02 1.900000e+01 5.537822e-02
2.546970e+02 2.000000e+01 5.498519e-02
2.577172e+02 0.000000e+00 1.042581e+00
2.577172e+02 1.000000e+00 9.560945e-01
2.577172e+02 2.000000e+00 8.751080e-01
2.577172e+02 3.000000e+00 8.013246e-01
2.577172e+02 4.000000e+00 7.366300e-01
2.577172e+02 5.000000e+00 6.640808e-01
2.577172e+02 6.000000e+00 5.071467e-01
2.577172e+02 7.000000e+00 3.420619e-01
2.577172e+02 8.000000e+00 2.086056e-01
2.577172e+02 9.000000e+00 1.532379e-01
2.577172e+02 1.000000e+01 1.298194e-01
2.577172e+02 1.100000e+01 1.173785e-01
2.577172e+02 1.200000e+01 1.094205e-01
2.577172e+02 1.300000e+01 1.028288e-01
2.577172e+02 1.400000e+01 9.738372e-02
2.577172e+02 1.500000e+01 8.875681e-02
2.577172e+02 1.600000e+01 8.067818e-02
2.577172e+02 1.700000e+01 6.997803e-02
2.577172e+02 1.800000e+01 6.211345e-02
2.577172e+02 1.900000e+01 5.408023e-02
2.577172e+02 2.000000e+01 5.373468e-02
2.607374e+02 0.000000e+00 1.039611e+00
2.607374e+02 1.000000e+00 9.521462e-01
2.607374e+02 2.000000e+00 8.704378e-01
2.607374e+02 3.000000e+00 7.963729e-01
2.607374e+02 4.000000e+00 7.316078e-01
2.607374e+02 5.000000e+00 6.591065e-01
2.607374e+02 6.000000e+00 5.021490e-01
2.607374e+02 7.000000e+00 3.378652e-01
2.607374e+02 8.000000e+00 2.056368e-01
2.607374e+02 9.000000e+00 1.509244e-01
2.607374e+02 1.000000e+01 1.277733e-01
2.607374e+02 1.100000e+01 1.154387e-01
2.607374e+02 1.200000e+01 1.075132e-01
2.607374e+02 1.300000e+01 1.009340e-01
2.607374e+02 1.400000e+01 9.548275e-02
2.607374e+02 1.500000e+01 8.691985e-02
2.607374e+02 1.600000e+01 7.891291e-02
2.607374e+02 1.700000e+01 6.837535e-02
2.607374e+02 1.800000e+01 6.064750e-02
2.607374e+02 1.900000e+01 5.279837e-02
2.607374e+02 2.000000e+01 5.249880e-02
2.637576e+02 0.000000e+00 1.036280e+00
2.637576e+02 1.000000e+00 9.478827e-01
2.637576e+02 2.000000e+00 8.654962e-01
2.637576e+02 3.000000e+00 7.911898e-01
2.637576e+02 4.000000e+00 7.263881e-01
2.637576e+02 5.000000e+00 6.539721e-01
2.637576e+02 6.000000e+00 4.970687e-01
2.637576e+02 7.000000e+00 3.336495e-01
2.637576e+02 8.000000e+00 2.026782e-01
2.637576e+02 9.000000e+00 1.486255e-01
2.637576e+02 1.000000e+01 1.257426e-01
2.637576e+02 1.100000e+01 1.135148e-01
2.637576e+02 1.200000e+01 1.056226e-01
2.637576e+02 1.300000e+01 9.905663e-02
2.637576e+02 1.400000e+01 9.360030e-02
2.637576e+02 1.500000e+01 8.510193e-02
2.637576e+02 1.600000e+01 7.716728e-02
2.637576e+02 1.700000e+01 6.679176e-02
2.637576e+02 1.800000e+01 5.920000e-02
2.637576e+02 1.900000e+01 5.153284e-02
2.637576e+02 2.000000e+01 5.127770e-02
2.667778e+02 0.000000e+00 1.032605e+00
2.667778e+02 1.000000e+00 9.433212e-01
2.667778e+02 2.000000e+00 8.602995e-01
2.667778e+02 3.000000e+00 7.857903e-01
2.667778e+02 4.000000e+00 7.209841e-01
2.667778e+02 5.000000e+00 6.486893e-01
2.667778e+02 6.000000e+00 4.919141e-01
2.667778e+02 7.000000e+00 3.294197e-01
2.667778e+02 8.000000e+00 1.997320e-01
2.667778e+02 9.000000e+00 1.463427e-01
2.667778e+02 1.000000e+01 1.237286e-01
2.667778e+02 1.100000e+01 1.116078e-01
2.667778e+02 1.200000e+01 1.037496e-01
2.667778e+02 1.300000e+01 9.719764e-02
2.667778e+02 1.400000e+01 9.173721e-02
2.667778e+02 1.500000e+01 8.330378e-02
2.667778e+02 1.600000e+01 7.544191e-02
2.667778e+02 1.700000e+01 6.522772e-02
2.667778e+02 1.800000e+01 5.777126e-02
2.667778e+02 1.900000e+01 5.028383e-02
2.667778e+02 2.000000e+01 5.007150e-02
2.697980e+02 0.000000e+00 1.028605e+00
2.697980e+02 1.000000e+00 9.384789e-01
2.697980e+02 2.000000e+00 8.548637e-01
2.697980e+02 3.000000e+00 7.801890e-01
2.697980e+02 4.000000e+00 7.154093e-01
2.697980e+02 5.000000e+00 6.432697e-01
2.697980e+02 6.000000e+00 4.866934e-01
2.697980e+02 7.000000e+00 3.251804e-01
2.697980e+02 8.000000e+00 1.968005e-01
2.697980e+02 9.000000e+00 1.440775e-01
2.697980e+02 1.000000e+01 1.217322e-01
2.697980e+02 1.100000e+01 1.097189e-01
2.697980e+02 1.200000e+01 1.018951e-01
2.697980e+02 1.300000e+01 9.535786e-02
2.697980e+02 1.400000e+01 8.989427e-02
2.697980e+02 1.500000e+01 8.152611e-02
2.697980e+02 1.600000e+01 7.373740e-02
2.697980e+02 1.700000e+01 6.368365e-02
2.697980e+02 1.800000e+01 5.636155e-02
2.697980e+02 1.900000e+01 4.905152e-02
2.697980e+02 2.000000e+01 4.888032e-02
2.728182e+02 0.000000e+00 1.024297e+00
2.728182e+02 1.000000e+00 9.333729e-01
2.728182e+02 2.000000e+00 8.492046e-01
2.728182e+02 3.000000e+00 7.744001e-01
2.728182e+02 4.000000e+00 7.096766e-01
2.728182e+02 5.000000e+00 6.377246e-01
2.728182e+02 6.000000e+00 4.814148e-01
2.728182e+02 7.000000e+00 3.209363e-01
2.728182e+02 8.000000e+00 1.938858e-01
2.728182e+02 9.000000e+00 1.418310e-01
2.728182e+02 1.000000e+01 1.197545e-01
2.728182e+02 1.100000e+01 1.078489e-01
2.728182e+02 1.200000e+01 1.000601e-01
2.728182e+02 1.300000e+01 9.353809e-02
2.728182e+02 1.400000e+01 8.807223e-02
2.728182e+02 1.500000e+01 7.976957e-02
2.728182e+02 1.600000e+01 7.205426e-02
2.728182e+02 1.700000e+01 6.215995e-02
2.728182e+02 1.800000e+01 5.497115e-02
2.728182e+02 1.900000e+01 4.783604e-02
2.728182e+02 2.000000e+01 4.770425e-02
2.758384e+02 0.000000e+00 1.019700e+00
2.758384e+02 1.000000e+00 9.280198e-01
2.758384e+02 2.000000e+00 8.433380e-01
2.758384e+02 3.000000e+00 7.684381e-01
2.758384e+02 4.000000e+00 7.037987e-01
2.758384e+02 5.000000e+00 6.320652e-01
2.758384e+02 6.000000e+00 4.760861e-01
2.758384e+02 7.000000e+00 3.166918e-01
2.758384e+02 8.000000e+00 1.909899e-01
2.758384e+02 9.000000e+00 1.396047e-01
2.758384e+02 1.000000e+01 1.177966e-01
2.758384e+02 1.100000e+01 1.059986e-01
2.758384e+02 1.200000e+01 9.824521e-02
2.758384e+02 1.300000e+01 9.173908e-02
2.758384e+02 1.400000e+01 8.627178e-02
2.758384e+02 1.500000e+01 7.803476e-02
2.758384e+02 1.600000e+01 7.039299e-02
2.758384e+02 1.700000e+01 6.065697e-02
2.758384e+02 1.800000e+01 5.360026e-02
2.758384e+02 1.900000e+01 4.663754e-02
2.758384e+02 2.000000e+01 4.654339e-02
2.788586e+02 0.000000e+00 1.014831e+00
2.788586e+02 1.000000e+00 9.224363e-01
2.788586e+02 2.000000e+00 8.372792e-01
2.788586e+02 3.000000e+00 7.623166e-01
2.788586e+02 4.000000e+00 6.977883e-01
2.788586e+02 5.000000e+00 6.263022e-01
2.788586e+02 6.000000e+00 4.707149e-01
2.788586e+02 7.000000e+00 3.124510e-01
2.788586e+02 8.000000e+00 1.881149e-01
2.788586e+02 9.000000e+00 1.373997e-01
2.788586e+02 1.000000e+01 1.158595e-01
2.788586e+02 1.100000e+01 1.041690e-01
2.788586e+02 1.200000e+01 9.645133e-02
2.788586e+02 1.300000e+01 8.996154e-02
2.788586e+02 1.400000e+01 8.449358e-02
2.788586e+02 1.500000e+01 7.632225e-02
2.788586e+02 1.600000e+01 6.875406e-02
2.788586e+02 1.700000e+01 5.917503e-02
2.788586e+02 1.800000e+01 5.224910e-02
2.788586e+02 1.900000e+01 4.545611e-02
2.788586e+02 2.000000e+01 4.539779e-02
2.818788e+02 0.000000e+00 1.009707e+00
2.818788e+02 1.000000e+00 9.166387e-01
2.818788e+02 2.000000e+00 8.310434e-01
2.818788e+02 3.000000e+00 7.560495e-01
2.818788e+02 4.000000e+00 6.916576e-01
2.818788e+02 5.000000e+00 6.204465e-01
2.818788e+02 6.000000e+00 4.653087e-01
2.818788e+02 7.000000e+00 3.082181e-01
2.818788e+02 8.000000e+00 1.852626e-01
2.818788e+02 9.000000e+00 1.352172e-01
2.818788e+02 1.000000e+01 1.139439e-01
2.818788e+02 1.100000e+01 1.023607e-01
2.818788e+02 1.200000e+01 9.467915e-02
2.818788e+02 1.300000e+01 8.820614e-02
2.818788e+02 1.400000e+01 8.273824e-02
2.818788e+02 1.500000e+01 7.463255e-02
2.818788e+02 1.600000e+01 6.713787e-02
2.818788e+02 1.700000e+01 5.771443e-02
2.818788e+02 1.800000e+01 5.091785e-02
2.818788e+02 1.900000e+01 4.429186e-02
2.818788e+02 2.000000e+01 4.426754e-02
2.848990e+02 0.000000e+00 1.004346e+00
2.848990e+02 1.000000e+00 9.106434e-01
2.848990e+02 2.000000e+00 8.246453e-01
2.848990e+02 3.000000e+00 7.496502e-01
2.848990e+02 4.000000e+00 6.854187e-01
2.848990e+02 5.000000e+00 6.145084e-01
2.848990e+02 6.000000e+00 4.598749e-01
2.848990e+02 7.000000e+00 3.039972e-01
2.848990e+02 8.000000e+00 1.824347e-01
2.848990e+02 9.000000e+00 1.330582e-01
2.848990e+02 1.000000e+01 1.120508e-01
2.848990e+02 1.100000e+01 1.005747e-01
2.848990e+02 1.200000e+01 9.292935e-02
2.848990e+02 1.300000e+01 8.647349e-02
2.848990e+02 1.400000e+01 8.100632e-02
2.848990e+02 1.500000e+01 7.296616e-02
2.848990e+02 1.600000e+01 6.554482e-02
2.848990e+02 1.700000e+01 5.627543e-02
2.848990e+02 1.800000e+01 4.960667e-02
2.848990e+02 1.900000e+01 4.314487e-02
2.848990e+02 2.000000e+01 4.315268e-02
2.879192e+02 0.000000e+00 9.987646e-01
2.879192e+02 1.000000e+00 9.044660e-01
2.879192e+02 2.000000e+00 8.180998e-01
2.879192e+02 3.000000e+00 7.431317e-01
2.879192e+02 4.000000e+00 6.790833e-01
2.879192e+02 5.000000e+00 6.084982e-01
2.879192e+02 6.000000e+00 4.544203e-01
2.879192e+02 7.000000e+00 2.997920e-01
2.879192e+02 8.000000e+00 1.796331e-01
2.879192e+02 9.000000e+00 1.309239e-01
2.879192e+02 1.000000e+01 1.101810e-01
2.879192e+02 1.100000e+01 9.881142e-02
2.879192e+02 1.200000e+01 9.120256e-02
2.879192e+02 1.300000e+01 8.476420e-02
2.879192e+02 1.400000e+01 7.929836e-02
2.879192e+02 1.500000e+01 7.132351e-02
2.879192e+02 1.600000e+01 6.397526e-02
2.879192e+02 1.700000e+01 5.485827e-02
2.879192e+02 1.800000e+01 4.831569e-02
2.879192e+02 1.900000e+01 4.201521e-02
2.879192e+02 2.000000e+01 4.205325e-02
2.909394e+02 0.000000e+00 9.929803e-01
2.909394e+02 1.000000e+00 8.981223e-01
2.909394e+02 2.000000e+00 8.114209e-01
2.909394e+02 3.000000e+00 7.365070e-01
2.909394e+02 4.000000e+00 6.726630e-01
2.909394e+02 5.000000e+00 6.024259e-01
2.909394e+02 6.000000e+00 4.489520e-01
2.909394e+02 7.000000e+00 2.956062e-01
2.909394e+02 8.000000e+00 1.768593e-01
2.909394e+02 9.000000e+00 1.288152e-01
2.909394e+02 1.000000e+01 1.083352e-01
2.909394e+02 1.100000e+01 9.707171e-02
2.909394e+02 1.200000e+01 8.949938e-02
2.909394e+02 1.300000e+01 8.307880e-02
2.909394e+02 1.400000e+01 7.761486e-02
2.909394e+02 1.500000e+01 6.970503e-02
2.909394e+02 1.600000e+01 6.242949e-02
2.909394e+02 1.700000e+01 5.346316e-02
2.909394e+02 1.800000e+01 4.704503e-02
2.909394e+02 1.900000e+01 4.090292e-02
2.909394e+02 2.000000e+01 4.096929e-02
2.939596e+02 0.000000e+00 9.870093e-01
2.939596e+02 1.000000e+00 8.916277e-01
2.939596e+02 2.000000e+00 8.046229e-01
2.939596e+02 3.000000e+00 7.297885e-01
2.939596e+02 4.000000e+00 6.661691e-01
2.939596e+02 5.000000e+00 5.963011e-01
2.939596e+02 6.000000e+00 4.434764e-01
2.939596e+02 7.000000e+00 2.914435e-01
2.939596e+02 8.000000e+00 1.741150e-01
2.939596e+02 9.000000e+00 1.267331e-01
2.939596e+02 1.000000e+01 1.065143e-01
2.939596e+02 1.100000e+01 9.535615e-02
2.939596e+02 1.200000e+01 8.782038e-02
2.939596e+02 1.300000e+01 8.141780e-02
2.939596e+02 1.400000e+01 7.595626e-02
2.939596e+02 1.500000e+01 6.811109e-02
2.939596e+02 1.600000e+01 6.090781e-02
2.939596e+02 1.700000e+01 5.209028e-02
2.939596e+02 1.800000e+01 4.579479e-02
2.939596e+02 1.900000e+01 3.980806e-02
2.939596e+02 2.000000e+01 3.990083e-02
2.969798e+02 0.000000e+00 9.808681e-01
2.969798e+02 1.000000e+00 8.849971e-01
2.969798e+02 2.000000e+00 7.977193e-01
2.969798e+02 3.000000e+00 7.229887e-01
2.969798e+02 4.000000e+00 6.596125e-01
2.969798e+02 5.000000e+00 5.901334e-01
2.969798e+02 6.000000e+00 4.380002e-01
2.969798e+02 7.000000e+00 2.873072e-01
2.969798e+02 8.000000e+00 1.714016e-01
2.969798e+02 9.000000e+00 1.246785e-01
2.969798e+02 1.000000e+01 1.047188e-01
2.969798e+02 1.100000e+01 9.366531e-02
2.969798e+02 1.200000e+01 8.616609e-02
2.969798e+02 1.300000e+01 7.978168e-02
2.969798e+02 1.400000e+01 7.432299e-02
2.969798e+02 1.500000e+01 6.654203e-02
2.969798e+02 1.600000e+01 5.941049e-02
2.969798e+02 1.700000e+01 5.073981e-02
2.969798e+02 1.800000e+01 4.456506e-02
2.969798e+02 1.900000e+01 3.873065e-02
2.969798e+02 2.000000e+01 3.884789e-02
3.000000e+02 0.000000e+00 9.745728e-01
3.000000e+02 1.000000e+00 8.782453e-01
3.000000e+02 2.000000e+00 7.907236e-01
3.000000e+02 3.000000e+00 7.161195e-01
3.000000e+02 4.000000e+00 6.530040e-01
3.000000e+02 5.000000e+00 5.839321e-01
3.000000e+02 6.000000e+00 4.325295e-01
3.000000e+02 7.000000e+00 2.832007e-01
3.000000e+02 8.000000e+00 1.687205e-01
3.000000e+02 9.000000e+00 1.226521e-01
3.000000e+02 1.000000e+01 1.029494e-01
3.000000e+02 1.100000e+01 9.199975e-02
3.000000e+02 1.200000e+01 8.453699e-02
3.000000e+02 1.300000e+01 7.817088e-02
3.000000e+02 1.400000e+01 7.271544e-02
3.000000e+02 1.500000e+01 6.499818e-02
3.000000e+02 1.600000e+01 5.793774e-02
3.000000e+02 1.700000e+01 4.941188e-02
3.000000e+02 1.800000e+01 4.335590e-02
3.000000e+02 1.900000e+01 3.767072e-02
3.000000e+02 2.000000e+01 3.781048e-02
