# Ea rad s(Ea,rad)
1.000000e+00 0.000000e+00 9.557632e-03
1.000000e+00 1.000000e+00 9.669832e-03
1.000000e+00 2.000000e+00 9.860322e-03
1.000000e+00 3.000000e+00 1.061766e-02
1.000000e+00 4.000000e+00 1.147981e-02
1.000000e+00 5.000000e+00 1.282063e-02
1.000000e+00 6.000000e+00 1.512382e-02
1.000000e+00 7.000000e+00 1.704066e-02
1.000000e+00 8.000000e+00 1.575891e-02
1.000000e+00 9.000000e+00 1.368233e-02
1.000000e+00 1.000000e+01 1.225149e-02
1.000000e+00 1.100000e+01 1.117133e-02
1.000000e+00 1.200000e+01 1.021073e-02
1.000000e+00 1.300000e+01 9.220462e-03
1.000000e+00 1.400000e+01 8.226645e-03
1.000000e+00 1.500000e+01 6.889605e-03
1.000000e+00 1.600000e+01 5.594419e-03
1.000000e+00 1.700000e+01 4.192913e-03
1.000000e+00 1.800000e+01 3.132306e-03
1.000000e+00 1.900000e+01 2.321528e-03
1.000000e+00 2.000000e+01 1.980299e-03
4.020202e+00 0.000000e+00 1.027047e-02
4.020202e+00 1.000000e+00 1.045080e-02
4.020202e+00 2.000000e+00 1.070841e-02
4.020202e+00 3.000000e+00 1.153920e-02
4.020202e+00 4.000000e+00 1.245015e-02
4.020202e+00 5.000000e+00 1.383075e-02
4.020202e+00 6.000000e+00 1.612767e-02
4.020202e+00 7.000000e+00 1.797616e-02
4.020202e+00 8.000000e+00 1.651655e-02
4.020202e+00 9.000000e+00 1.431020e-02
4.020202e+00 1.000000e+01 1.281977e-02
4.020202e+00 1.100000e+01 1.171530e-02
4.020202e+00 1.200000e+01 1.074799e-02
4.020202e+00 1.300000e+01 9.755943e-03
4.020202e+00 1.400000e+01 8.767273e-03
4.020202e+00 1.500000e+01 7.417048e-03
4.020202e+00 1.600000e+01 6.112394e-03
4.020202e+00 1.700000e+01 4.679814e-03
4.020202e+00 1.800000e+01 3.611490e-03
4.020202e+00 1.900000e+01 2.802748e-03
4.020202e+00 2.000000e+01 2.537096e-03
7.040404e+00 0.000000e+00 1.122724e-02
7.040404e+00 1.000000e+00 1.136976e-02
7.040404e+00 2.000000e+00 1.160896e-02
7.040404e+00 3.000000e+00 1.245746e-02
7.040404e+00 4.000000e+00 1.339817e-02
7.040404e+00 5.000000e+00 1.482588e-02
7.040404e+00 6.000000e+00 1.718308e-02
7.040404e+00 7.000000e+00 1.897848e-02
7.040404e+00 8.000000e+00 1.733528e-02
7.040404e+00 9.000000e+00 1.499490e-02
7.040404e+00 1.000000e+01 1.344370e-02
7.040404e+00 1.100000e+01 1.231646e-02
7.040404e+00 1.200000e+01 1.134607e-02
7.040404e+00 1.300000e+01 1.035704e-02
7.040404e+00 1.400000e+01 9.379848e-03
7.040404e+00 1.500000e+01 8.021872e-03
7.040404e+00 1.600000e+01 6.714375e-03
7.040404e+00 1.700000e+01 5.254573e-03
7.040404e+00 1.800000e+01 4.188005e-03
7.040404e+00 1.900000e+01 3.394749e-03
7.040404e+00 2.000000e+01 3.237162e-03
1.006061e+01 0.000000e+00 1.215076e-02
1.006061e+01 1.000000e+00 1.231162e-02
1.006061e+01 2.000000e+00 1.257963e-02
1.006061e+01 3.000000e+00 1.347355e-02
1.006061e+01 4.000000e+00 1.444925e-02
1.006061e+01 5.000000e+00 1.591311e-02
1.006061e+01 6.000000e+00 1.829763e-02
1.006061e+01 7.000000e+00 2.004065e-02
1.006061e+01 8.000000e+00 1.821209e-02
1.006061e+01 9.000000e+00 1.573232e-02
1.006061e+01 1.000000e+01 1.411827e-02
1.006061e+01 1.100000e+01 1.296889e-02
1.006061e+01 1.200000e+01 1.199797e-02
1.006061e+01 1.300000e+01 1.101549e-02
1.006061e+01 1.400000e+01 1.005464e-02
1.006061e+01 1.500000e+01 8.693017e-03
1.006061e+01 1.600000e+01 7.387946e-03
1.006061e+01 1.700000e+01 5.904189e-03
1.006061e+01 1.800000e+01 4.847413e-03
1.006061e+01 1.900000e+01 4.079241e-03
1.006061e+01 2.000000e+01 4.050048e-03
1.308081e+01 0.000000e+00 1.318093e-02
1.308081e+01 1.000000e+00 1.336204e-02
1.308081e+01 2.000000e+00 1.364559e-02
1.308081e+01 3.000000e+00 1.456651e-02
1.308081e+01 4.000000e+00 1.556297e-02
1.308081e+01 5.000000e+00 1.705335e-02
1.308081e+01 6.000000e+00 1.946894e-02
1.308081e+01 7.000000e+00 2.116012e-02
1.308081e+01 8.000000e+00 1.913774e-02
1.308081e+01 9.000000e+00 1.651193e-02
1.308081e+01 1.000000e+01 1.483250e-02
1.308081e+01 1.100000e+01 1.366106e-02
1.308081e+01 1.200000e+01 1.269132e-02
1.308081e+01 1.300000e+01 1.171804e-02
1.308081e+01 1.400000e+01 1.077729e-02
1.308081e+01 1.500000e+01 9.415302e-03
1.308081e+01 1.600000e+01 8.116993e-03
1.308081e+01 1.700000e+01 6.612297e-03
1.308081e+01 1.800000e+01 5.571731e-03
1.308081e+01 1.900000e+01 4.834051e-03
1.308081e+01 2.000000e+01 4.941651e-03
1.610101e+01 0.000000e+00 1.430334e-02
1.610101e+01 1.000000e+00 1.448551e-02
1.610101e+01 2.000000e+00 1.477150e-02
1.610101e+01 3.000000e+00 1.571384e-02
1.610101e+01 4.000000e+00 1.673118e-02
1.610101e+01 5.000000e+00 1.825026e-02
1.610101e+01 6.000000e+00 2.069908e-02
1.610101e+01 7.000000e+00 2.232985e-02
1.610101e+01 8.000000e+00 2.010200e-02
1.610101e+01 9.000000e+00 1.732291e-02
1.610101e+01 1.000000e+01 1.557543e-02
1.610101e+01 1.100000e+01 1.438160e-02
1.610101e+01 1.200000e+01 1.341418e-02
1.610101e+01 1.300000e+01 1.245197e-02
1.610101e+01 1.400000e+01 1.153410e-02
1.610101e+01 1.500000e+01 1.017434e-02
1.610101e+01 1.600000e+01 8.886222e-03
1.610101e+01 1.700000e+01 7.363193e-03
1.610101e+01 1.800000e+01 6.343432e-03
1.610101e+01 1.900000e+01 5.637676e-03
1.610101e+01 2.000000e+01 5.880623e-03
1.912121e+01 0.000000e+00 1.548738e-02
1.912121e+01 1.000000e+00 1.566442e-02
1.912121e+01 2.000000e+00 1.595477e-02
1.912121e+01 3.000000e+00 1.692288e-02
1.912121e+01 4.000000e+00 1.796350e-02
1.912121e+01 5.000000e+00 1.951021e-02
1.912121e+01 6.000000e+00 2.198415e-02
1.912121e+01 7.000000e+00 2.354278e-02
1.912121e+01 8.000000e+00 2.109534e-02
1.912121e+01 9.000000e+00 1.815543e-02
1.912121e+01 1.000000e+01 1.633718e-02
1.912121e+01 1.100000e+01 1.512039e-02
1.912121e+01 1.200000e+01 1.415587e-02
1.912121e+01 1.300000e+01 1.320600e-02
1.912121e+01 1.400000e+01 1.231297e-02
1.912121e+01 1.500000e+01 1.095737e-02
1.912121e+01 1.600000e+01 9.682010e-03
1.912121e+01 1.700000e+01 8.142751e-03
1.912121e+01 1.800000e+01 7.146562e-03
1.912121e+01 1.900000e+01 6.470746e-03
1.912121e+01 2.000000e+01 6.840255e-03
2.214141e+01 0.000000e+00 1.672754e-02
2.214141e+01 1.000000e+00 1.690461e-02
2.214141e+01 2.000000e+00 1.720602e-02
2.214141e+01 3.000000e+00 1.820255e-02
2.214141e+01 4.000000e+00 1.926444e-02
2.214141e+01 5.000000e+00 2.083266e-02
2.214141e+01 6.000000e+00 2.331960e-02
2.214141e+01 7.000000e+00 2.479250e-02
2.214141e+01 8.000000e+00 2.210918e-02
2.214141e+01 9.000000e+00 1.900079e-02
2.214141e+01 1.000000e+01 1.710913e-02
2.214141e+01 1.100000e+01 1.586863e-02
2.214141e+01 1.200000e+01 1.490722e-02
2.214141e+01 1.300000e+01 1.397042e-02
2.214141e+01 1.400000e+01 1.310344e-02
2.214141e+01 1.500000e+01 1.175338e-02
2.214141e+01 1.600000e+01 1.049255e-02
2.214141e+01 1.700000e+01 8.938623e-03
2.214141e+01 1.800000e+01 7.967077e-03
2.214141e+01 1.900000e+01 7.316506e-03
2.214141e+01 2.000000e+01 7.798795e-03
2.516162e+01 0.000000e+00 1.803267e-02
2.516162e+01 1.000000e+00 1.821675e-02
2.516162e+01 2.000000e+00 1.853268e-02
2.516162e+01 3.000000e+00 1.955523e-02
2.516162e+01 4.000000e+00 2.063286e-02
2.516162e+01 5.000000e+00 2.221436e-02
2.516162e+01 6.000000e+00 2.470186e-02
2.516162e+01 7.000000e+00 2.607311e-02
2.516162e+01 8.000000e+00 2.313584e-02
2.516162e+01 9.000000e+00 1.985147e-02
2.516162e+01 1.000000e+01 1.788388e-02
2.516162e+01 1.100000e+01 1.661880e-02
2.516162e+01 1.200000e+01 1.566038e-02
2.516162e+01 1.300000e+01 1.473695e-02
2.516162e+01 1.400000e+01 1.389664e-02
2.516162e+01 1.500000e+01 1.255301e-02
2.516162e+01 1.600000e+01 1.130777e-02
2.516162e+01 1.700000e+01 9.740202e-03
2.516162e+01 1.800000e+01 8.792877e-03
2.516162e+01 1.900000e+01 8.160852e-03
2.516162e+01 2.000000e+01 8.739124e-03
2.818182e+01 0.000000e+00 1.941279e-02
2.818182e+01 1.000000e+00 1.960709e-02
2.818182e+01 2.000000e+00 1.993640e-02
2.818182e+01 3.000000e+00 2.097939e-02
2.818182e+01 4.000000e+00 2.206605e-02
2.818182e+01 5.000000e+00 2.365246e-02
2.818182e+01 6.000000e+00 2.612795e-02
2.818182e+01 7.000000e+00 2.737904e-02
2.818182e+01 8.000000e+00 2.416852e-02
2.818182e+01 9.000000e+00 2.070096e-02
2.818182e+01 1.000000e+01 1.865514e-02
2.818182e+01 1.100000e+01 1.736457e-02
2.818182e+01 1.200000e+01 1.640876e-02
2.818182e+01 1.300000e+01 1.549865e-02
2.818182e+01 1.400000e+01 1.468509e-02
2.818182e+01 1.500000e+01 1.334837e-02
2.818182e+01 1.600000e+01 1.211916e-02
2.818182e+01 1.700000e+01 1.053849e-02
2.818182e+01 1.800000e+01 9.613707e-03
2.818182e+01 1.900000e+01 8.992186e-03
2.818182e+01 2.000000e+01 9.648198e-03
3.120202e+01 0.000000e+00 2.087351e-02
3.120202e+01 1.000000e+00 2.107692e-02
3.120202e+01 2.000000e+00 2.141582e-02
3.120202e+01 3.000000e+00 2.247278e-02
3.120202e+01 4.000000e+00 2.356188e-02
3.120202e+01 5.000000e+00 2.514507e-02
3.120202e+01 6.000000e+00 2.759504e-02
3.120202e+01 7.000000e+00 2.870505e-02
3.120202e+01 8.000000e+00 2.520121e-02
3.120202e+01 9.000000e+00 2.154368e-02
3.120202e+01 1.000000e+01 1.941759e-02
3.120202e+01 1.100000e+01 1.810060e-02
3.120202e+01 1.200000e+01 1.714683e-02
3.120202e+01 1.300000e+01 1.624971e-02
3.120202e+01 1.400000e+01 1.546258e-02
3.120202e+01 1.500000e+01 1.413287e-02
3.120202e+01 1.600000e+01 1.291961e-02
3.120202e+01 1.700000e+01 1.132594e-02
3.120202e+01 1.800000e+01 1.042101e-02
3.120202e+01 1.900000e+01 9.801177e-03
3.120202e+01 2.000000e+01 1.051643e-02
3.422222e+01 0.000000e+00 2.241610e-02
3.422222e+01 1.000000e+00 2.262504e-02
3.422222e+01 2.000000e+00 2.296916e-02
3.422222e+01 3.000000e+00 2.403394e-02
3.422222e+01 4.000000e+00 2.511916e-02
3.422222e+01 5.000000e+00 2.669082e-02
3.422222e+01 6.000000e+00 2.910018e-02
3.422222e+01 7.000000e+00 3.004620e-02
3.422222e+01 8.000000e+00 2.622863e-02
3.422222e+01 9.000000e+00 2.237488e-02
3.422222e+01 1.000000e+01 2.016674e-02
3.422222e+01 1.100000e+01 1.882245e-02
3.422222e+01 1.200000e+01 1.787002e-02
3.422222e+01 1.300000e+01 1.698532e-02
3.422222e+01 1.400000e+01 1.622393e-02
3.422222e+01 1.500000e+01 1.490105e-02
3.422222e+01 1.600000e+01 1.370321e-02
3.422222e+01 1.700000e+01 1.209627e-02
3.422222e+01 1.800000e+01 1.120774e-02
3.422222e+01 1.900000e+01 1.058050e-02
3.422222e+01 2.000000e+01 1.133708e-02
3.724242e+01 0.000000e+00 2.403954e-02
3.724242e+01 1.000000e+00 2.424984e-02
3.724242e+01 2.000000e+00 2.459537e-02
3.724242e+01 3.000000e+00 2.566221e-02
3.724242e+01 4.000000e+00 2.673713e-02
3.724242e+01 5.000000e+00 2.828841e-02
3.724242e+01 6.000000e+00 3.064031e-02
3.724242e+01 7.000000e+00 3.139782e-02
3.724242e+01 8.000000e+00 2.724611e-02
3.724242e+01 9.000000e+00 2.319053e-02
3.724242e+01 1.000000e+01 2.089886e-02
3.724242e+01 1.100000e+01 1.952642e-02
3.724242e+01 1.200000e+01 1.857453e-02
3.724242e+01 1.300000e+01 1.770151e-02
3.724242e+01 1.400000e+01 1.696492e-02
3.724242e+01 1.500000e+01 1.564845e-02
3.724242e+01 1.600000e+01 1.446511e-02
3.724242e+01 1.700000e+01 1.284434e-02
3.724242e+01 1.800000e+01 1.196820e-02
3.724242e+01 1.900000e+01 1.132455e-02
3.724242e+01 2.000000e+01 1.210574e-02
4.026263e+01 0.000000e+00 2.574229e-02
4.026263e+01 1.000000e+00 2.595034e-02
4.026263e+01 2.000000e+00 2.629418e-02
4.026263e+01 3.000000e+00 2.735728e-02
4.026263e+01 4.000000e+00 2.841498e-02
4.026263e+01 5.000000e+00 2.993626e-02
4.026263e+01 6.000000e+00 3.221225e-02
4.026263e+01 7.000000e+00 3.275556e-02
4.026263e+01 8.000000e+00 2.824959e-02
4.026263e+01 9.000000e+00 2.398722e-02
4.026263e+01 1.000000e+01 2.161085e-02
4.026263e+01 1.100000e+01 2.020951e-02
4.026263e+01 1.200000e+01 1.925728e-02
4.026263e+01 1.300000e+01 1.839506e-02
4.026263e+01 1.400000e+01 1.768207e-02
4.026263e+01 1.500000e+01 1.637141e-02
4.026263e+01 1.600000e+01 1.520139e-02
4.026263e+01 1.700000e+01 1.356599e-02
4.026263e+01 1.800000e+01 1.269789e-02
4.026263e+01 1.900000e+01 1.202922e-02
4.026263e+01 2.000000e+01 1.281983e-02
4.328283e+01 0.000000e+00 2.752333e-02
4.328283e+01 1.000000e+00 2.772633e-02
4.328283e+01 2.000000e+00 2.806565e-02
4.328283e+01 3.000000e+00 2.911869e-02
4.328283e+01 4.000000e+00 3.015155e-02
4.328283e+01 5.000000e+00 3.163245e-02
4.328283e+01 6.000000e+00 3.381277e-02
4.328283e+01 7.000000e+00 3.411528e-02
4.328283e+01 8.000000e+00 2.923546e-02
4.328283e+01 9.000000e+00 2.476208e-02
4.328283e+01 1.000000e+01 2.230016e-02
4.328283e+01 1.100000e+01 2.086924e-02
4.328283e+01 1.200000e+01 1.991578e-02
4.328283e+01 1.300000e+01 1.906338e-02
4.328283e+01 1.400000e+01 1.837265e-02
4.328283e+01 1.500000e+01 1.706702e-02
4.328283e+01 1.600000e+01 1.590890e-02
4.328283e+01 1.700000e+01 1.425793e-02
4.328283e+01 1.800000e+01 1.339333e-02
4.328283e+01 1.900000e+01 1.269165e-02
4.328283e+01 2.000000e+01 1.347823e-02
4.630303e+01 0.000000e+00 2.938232e-02
4.630303e+01 1.000000e+00 2.957801e-02
4.630303e+01 2.000000e+00 2.990972e-02
4.630303e+01 3.000000e+00 3.094557e-02
4.630303e+01 4.000000e+00 3.194524e-02
4.630303e+01 5.000000e+00 3.337473e-02
4.630303e+01 6.000000e+00 3.543862e-02
4.630303e+01 7.000000e+00 3.547309e-02
4.630303e+01 8.000000e+00 3.020061e-02
4.630303e+01 9.000000e+00 2.551273e-02
4.630303e+01 1.000000e+01 2.296472e-02
4.630303e+01 1.100000e+01 2.150365e-02
4.630303e+01 1.200000e+01 2.054804e-02
4.630303e+01 1.300000e+01 1.970442e-02
4.630303e+01 1.400000e+01 1.903444e-02
4.630303e+01 1.500000e+01 1.773299e-02
4.630303e+01 1.600000e+01 1.658518e-02
4.630303e+01 1.700000e+01 1.491758e-02
4.630303e+01 1.800000e+01 1.405191e-02
4.630303e+01 1.900000e+01 1.331001e-02
4.630303e+01 2.000000e+01 1.408093e-02
4.932323e+01 0.000000e+00 3.131946e-02
4.932323e+01 1.000000e+00 3.150555e-02
4.932323e+01 2.000000e+00 3.182591e-02
4.932323e+01 3.000000e+00 3.283650e-02
4.932323e+01 4.000000e+00 3.379402e-02
4.932323e+01 5.000000e+00 3.516064e-02
4.932323e+01 6.000000e+00 3.708651e-02
4.932323e+01 7.000000e+00 3.682531e-02
4.932323e+01 8.000000e+00 3.114230e-02
4.932323e+01 9.000000e+00 2.623721e-02
4.932323e+01 1.000000e+01 2.360287e-02
4.932323e+01 1.100000e+01 2.211118e-02
4.932323e+01 1.200000e+01 2.115252e-02
4.932323e+01 1.300000e+01 2.031659e-02
4.932323e+01 1.400000e+01 1.966578e-02
4.932323e+01 1.500000e+01 1.836755e-02
4.932323e+01 1.600000e+01 1.722835e-02
4.932323e+01 1.700000e+01 1.554303e-02
4.932323e+01 1.800000e+01 1.467180e-02
4.932323e+01 1.900000e+01 1.388333e-02
4.932323e+01 2.000000e+01 1.462877e-02
5.234343e+01 0.000000e+00 3.333505e-02
5.234343e+01 1.000000e+00 3.350880e-02
5.234343e+01 2.000000e+00 3.381313e-02
5.234343e+01 3.000000e+00 3.478959e-02
5.234343e+01 4.000000e+00 3.569551e-02
5.234343e+01 5.000000e+00 3.698749e-02
5.234343e+01 6.000000e+00 3.875311e-02
5.234343e+01 7.000000e+00 3.816845e-02
5.234343e+01 8.000000e+00 3.205818e-02
5.234343e+01 9.000000e+00 2.693392e-02
5.234343e+01 1.000000e+01 2.421331e-02
5.234343e+01 1.100000e+01 2.269065e-02
5.234343e+01 1.200000e+01 2.172804e-02
5.234343e+01 1.300000e+01 2.089870e-02
5.234343e+01 1.400000e+01 2.026541e-02
5.234343e+01 1.500000e+01 1.896941e-02
5.234343e+01 1.600000e+01 1.783705e-02
5.234343e+01 1.700000e+01 1.613290e-02
5.234343e+01 1.800000e+01 1.525181e-02
5.234343e+01 1.900000e+01 1.441135e-02
5.234343e+01 2.000000e+01 1.512320e-02
5.536364e+01 0.000000e+00 3.542918e-02
5.536364e+01 1.000000e+00 3.558704e-02
5.536364e+01 2.000000e+00 3.586976e-02
5.536364e+01 3.000000e+00 3.680249e-02
5.536364e+01 4.000000e+00 3.764707e-02
5.536364e+01 5.000000e+00 3.885247e-02
5.536364e+01 6.000000e+00 4.043508e-02
5.536364e+01 7.000000e+00 3.949925e-02
5.536364e+01 8.000000e+00 3.294621e-02
5.536364e+01 9.000000e+00 2.760156e-02
5.536364e+01 1.000000e+01 2.479505e-02
5.536364e+01 1.100000e+01 2.324119e-02
5.536364e+01 1.200000e+01 2.227377e-02
5.536364e+01 1.300000e+01 2.144989e-02
5.536364e+01 1.400000e+01 2.083244e-02
5.536364e+01 1.500000e+01 1.953765e-02
5.536364e+01 1.600000e+01 1.841034e-02
5.536364e+01 1.700000e+01 1.668630e-02
5.536364e+01 1.800000e+01 1.579130e-02
5.536364e+01 1.900000e+01 1.489437e-02
5.536364e+01 2.000000e+01 1.556614e-02
5.838384e+01 0.000000e+00 3.760150e-02
5.838384e+01 1.000000e+00 3.773896e-02
5.838384e+01 2.000000e+00 3.799363e-02
5.838384e+01 3.000000e+00 3.887254e-02
5.838384e+01 4.000000e+00 3.964583e-02
5.838384e+01 5.000000e+00 4.075262e-02
5.838384e+01 6.000000e+00 4.212905e-02
5.838384e+01 7.000000e+00 4.081458e-02
5.838384e+01 8.000000e+00 3.380464e-02
5.838384e+01 9.000000e+00 2.823914e-02
5.838384e+01 1.000000e+01 2.534736e-02
5.838384e+01 1.100000e+01 2.376216e-02
5.838384e+01 1.200000e+01 2.278912e-02
5.838384e+01 1.300000e+01 2.196960e-02
5.838384e+01 1.400000e+01 2.136630e-02
5.838384e+01 1.500000e+01 2.007169e-02
5.838384e+01 1.600000e+01 1.894765e-02
5.838384e+01 1.700000e+01 1.720272e-02
5.838384e+01 1.800000e+01 1.629008e-02
5.838384e+01 1.900000e+01 1.533312e-02
5.838384e+01 2.000000e+01 1.595980e-02
6.140404e+01 0.000000e+00 3.985106e-02
6.140404e+01 1.000000e+00 3.996268e-02
6.140404e+01 2.000000e+00 4.018215e-02
6.140404e+01 3.000000e+00 4.099678e-02
6.140404e+01 4.000000e+00 4.168873e-02
6.140404e+01 5.000000e+00 4.268487e-02
6.140404e+01 6.000000e+00 4.383159e-02
6.140404e+01 7.000000e+00 4.211152e-02
6.140404e+01 8.000000e+00 3.463201e-02
6.140404e+01 9.000000e+00 2.884591e-02
6.140404e+01 1.000000e+01 2.586975e-02
6.140404e+01 1.100000e+01 2.425320e-02
6.140404e+01 1.200000e+01 2.327377e-02
6.140404e+01 1.300000e+01 2.245752e-02
6.140404e+01 1.400000e+01 2.186668e-02
6.140404e+01 1.500000e+01 2.057125e-02
6.140404e+01 1.600000e+01 1.944872e-02
6.140404e+01 1.700000e+01 1.768202e-02
6.140404e+01 1.800000e+01 1.674836e-02
6.140404e+01 1.900000e+01 1.572869e-02
6.140404e+01 2.000000e+01 1.630658e-02
6.442424e+01 0.000000e+00 4.217636e-02
6.442424e+01 1.000000e+00 4.225583e-02
6.442424e+01 2.000000e+00 4.243236e-02
6.442424e+01 3.000000e+00 4.317201e-02
6.442424e+01 4.000000e+00 4.377257e-02
6.442424e+01 5.000000e+00 4.464605e-02
6.442424e+01 6.000000e+00 4.553929e-02
6.442424e+01 7.000000e+00 4.338732e-02
6.442424e+01 8.000000e+00 3.542706e-02
6.442424e+01 9.000000e+00 2.942132e-02
6.442424e+01 1.000000e+01 2.636192e-02
6.442424e+01 1.100000e+01 2.471412e-02
6.442424e+01 1.200000e+01 2.372759e-02
6.442424e+01 1.300000e+01 2.291356e-02
6.442424e+01 1.400000e+01 2.233350e-02
6.442424e+01 1.500000e+01 2.103628e-02
6.442424e+01 1.600000e+01 1.991356e-02
6.442424e+01 1.700000e+01 1.812432e-02
6.442424e+01 1.800000e+01 1.716663e-02
6.442424e+01 1.900000e+01 1.608244e-02
6.442424e+01 2.000000e+01 1.660900e-02
6.744444e+01 0.000000e+00 4.457530e-02
6.744444e+01 1.000000e+00 4.461559e-02
6.744444e+01 2.000000e+00 4.474101e-02
6.744444e+01 3.000000e+00 4.539485e-02
6.744444e+01 4.000000e+00 4.589397e-02
6.744444e+01 5.000000e+00 4.663283e-02
6.744444e+01 6.000000e+00 4.724868e-02
6.744444e+01 7.000000e+00 4.463942e-02
6.744444e+01 8.000000e+00 3.618880e-02
6.744444e+01 9.000000e+00 2.996502e-02
6.744444e+01 1.000000e+01 2.682377e-02
6.744444e+01 1.100000e+01 2.514489e-02
6.744444e+01 1.200000e+01 2.415061e-02
6.744444e+01 1.300000e+01 2.333778e-02
6.744444e+01 1.400000e+01 2.276689e-02
6.744444e+01 1.500000e+01 2.146694e-02
6.744444e+01 1.600000e+01 2.034241e-02
6.744444e+01 1.700000e+01 1.852999e-02
6.744444e+01 1.800000e+01 1.754566e-02
6.744444e+01 1.900000e+01 1.639591e-02
6.744444e+01 2.000000e+01 1.686962e-02
7.046465e+01 0.000000e+00 4.704533e-02
7.046465e+01 1.000000e+00 4.703877e-02
7.046465e+01 2.000000e+00 4.710454e-02
7.046465e+01 3.000000e+00 4.766169e-02
7.046465e+01 4.000000e+00 4.804940e-02
7.046465e+01 5.000000e+00 4.864181e-02
7.046465e+01 6.000000e+00 4.895631e-02
7.046465e+01 7.000000e+00 4.586538e-02
7.046465e+01 8.000000e+00 3.691641e-02
7.046465e+01 9.000000e+00 3.047684e-02
7.046465e+01 1.000000e+01 2.725531e-02
7.046465e+01 1.100000e+01 2.554566e-02
7.046465e+01 1.200000e+01 2.454303e-02
7.046465e+01 1.300000e+01 2.373043e-02
7.046465e+01 1.400000e+01 2.316712e-02
7.046465e+01 1.500000e+01 2.186356e-02
7.046465e+01 1.600000e+01 2.073571e-02
7.046465e+01 1.700000e+01 1.889961e-02
7.046465e+01 1.800000e+01 1.788642e-02
7.046465e+01 1.900000e+01 1.667080e-02
7.046465e+01 2.000000e+01 1.709100e-02
7.348485e+01 0.000000e+00 4.958344e-02
7.348485e+01 1.000000e+00 4.952187e-02
7.348485e+01 2.000000e+00 4.951921e-02
7.348485e+01 3.000000e+00 4.996875e-02
7.348485e+01 4.000000e+00 5.023518e-02
7.348485e+01 5.000000e+00 5.066945e-02
7.348485e+01 6.000000e+00 5.065873e-02
7.348485e+01 7.000000e+00 4.706299e-02
7.348485e+01 8.000000e+00 3.760924e-02
7.348485e+01 9.000000e+00 3.095673e-02
7.348485e+01 1.000000e+01 2.765671e-02
7.348485e+01 1.100000e+01 2.591668e-02
7.348485e+01 1.200000e+01 2.490516e-02
7.348485e+01 1.300000e+01 2.409188e-02
7.348485e+01 1.400000e+01 2.353462e-02
7.348485e+01 1.500000e+01 2.222662e-02
7.348485e+01 1.600000e+01 2.109403e-02
7.348485e+01 1.700000e+01 1.923391e-02
7.348485e+01 1.800000e+01 1.819003e-02
7.348485e+01 1.900000e+01 1.690888e-02
7.348485e+01 2.000000e+01 1.727564e-02
7.650505e+01 0.000000e+00 5.218626e-02
7.650505e+01 1.000000e+00 5.206111e-02
7.650505e+01 2.000000e+00 5.198099e-02
7.650505e+01 3.000000e+00 5.231210e-02
7.650505e+01 4.000000e+00 5.244751e-02
7.650505e+01 5.000000e+00 5.271210e-02
7.650505e+01 6.000000e+00 5.235254e-02
7.650505e+01 7.000000e+00 4.823016e-02
7.650505e+01 8.000000e+00 3.826683e-02
7.650505e+01 9.000000e+00 3.140479e-02
7.650505e+01 1.000000e+01 2.802824e-02
7.650505e+01 1.100000e+01 2.625830e-02
7.650505e+01 1.200000e+01 2.523742e-02
7.650505e+01 1.300000e+01 2.442259e-02
7.650505e+01 1.400000e+01 2.386992e-02
7.650505e+01 1.500000e+01 2.255674e-02
7.650505e+01 1.600000e+01 2.141810e-02
7.650505e+01 1.700000e+01 1.953376e-02
7.650505e+01 1.800000e+01 1.845775e-02
7.650505e+01 1.900000e+01 1.711197e-02
7.650505e+01 2.000000e+01 1.742598e-02
7.952525e+01 0.000000e+00 5.485009e-02
7.952525e+01 1.000000e+00 5.465245e-02
7.952525e+01 2.000000e+00 5.448569e-02
7.952525e+01 3.000000e+00 5.468761e-02
7.952525e+01 4.000000e+00 5.468242e-02
7.952525e+01 5.000000e+00 5.476606e-02
7.952525e+01 6.000000e+00 5.403434e-02
7.952525e+01 7.000000e+00 4.936497e-02
7.952525e+01 8.000000e+00 3.888885e-02
7.952525e+01 9.000000e+00 3.182122e-02
7.952525e+01 1.000000e+01 2.837027e-02
7.952525e+01 1.100000e+01 2.657098e-02
7.952525e+01 1.200000e+01 2.554032e-02
7.952525e+01 1.300000e+01 2.472313e-02
7.952525e+01 1.400000e+01 2.417367e-02
7.952525e+01 1.500000e+01 2.285461e-02
7.952525e+01 1.600000e+01 2.170873e-02
7.952525e+01 1.700000e+01 1.980014e-02
7.952525e+01 1.800000e+01 1.869091e-02
7.952525e+01 1.900000e+01 1.728194e-02
7.952525e+01 2.000000e+01 1.754438e-02
8.254545e+01 0.000000e+00 5.757094e-02
8.254545e+01 1.000000e+00 5.729161e-02
8.254545e+01 2.000000e+00 5.702891e-02
8.254545e+01 3.000000e+00 5.709101e-02
8.254545e+01 4.000000e+00 5.693583e-02
8.254545e+01 5.000000e+00 5.682749e-02
8.254545e+01 6.000000e+00 5.570081e-02
8.254545e+01 7.000000e+00 5.046569e-02
8.254545e+01 8.000000e+00 3.947512e-02
8.254545e+01 9.000000e+00 3.220631e-02
8.254545e+01 1.000000e+01 2.868324e-02
8.254545e+01 1.100000e+01 2.685523e-02
8.254545e+01 1.200000e+01 2.581445e-02
8.254545e+01 1.300000e+01 2.499415e-02
8.254545e+01 1.400000e+01 2.444657e-02
8.254545e+01 1.500000e+01 2.312102e-02
8.254545e+01 1.600000e+01 2.196684e-02
8.254545e+01 1.700000e+01 2.003411e-02
8.254545e+01 1.800000e+01 1.889094e-02
8.254545e+01 1.900000e+01 1.742062e-02
8.254545e+01 2.000000e+01 1.763308e-02
8.556566e+01 0.000000e+00 6.034455e-02
8.556566e+01 1.000000e+00 5.997411e-02
8.556566e+01 2.000000e+00 5.960608e-02
8.556566e+01 3.000000e+00 5.951790e-02
8.556566e+01 4.000000e+00 5.920356e-02
8.556566e+01 5.000000e+00 5.889253e-02
8.556566e+01 6.000000e+00 5.734868e-02
8.556566e+01 7.000000e+00 5.153071e-02
8.556566e+01 8.000000e+00 4.002557e-02
8.556566e+01 9.000000e+00 3.256046e-02
8.556566e+01 1.000000e+01 2.896768e-02
8.556566e+01 1.100000e+01 2.711165e-02
8.556566e+01 1.200000e+01 2.606045e-02
8.556566e+01 1.300000e+01 2.523635e-02
8.556566e+01 1.400000e+01 2.468941e-02
8.556566e+01 1.500000e+01 2.335683e-02
8.556566e+01 1.600000e+01 2.219340e-02
8.556566e+01 1.700000e+01 2.023679e-02
8.556566e+01 1.800000e+01 1.905927e-02
8.556566e+01 1.900000e+01 1.752986e-02
8.556566e+01 2.000000e+01 1.769423e-02
8.858586e+01 0.000000e+00 6.316640e-02
8.858586e+01 1.000000e+00 6.269527e-02
8.858586e+01 2.000000e+00 6.221246e-02
8.858586e+01 3.000000e+00 6.196374e-02
8.858586e+01 4.000000e+00 6.148132e-02
8.858586e+01 5.000000e+00 6.095725e-02
8.858586e+01 6.000000e+00 5.897476e-02
8.858586e+01 7.000000e+00 5.255859e-02
8.858586e+01 8.000000e+00 4.054027e-02
8.858586e+01 9.000000e+00 3.288412e-02
8.858586e+01 1.000000e+01 2.922415e-02
8.858586e+01 1.100000e+01 2.734087e-02
8.858586e+01 1.200000e+01 2.627902e-02
8.858586e+01 1.300000e+01 2.545048e-02
8.858586e+01 1.400000e+01 2.490301e-02
8.858586e+01 1.500000e+01 2.356295e-02
8.858586e+01 1.600000e+01 2.238945e-02
8.858586e+01 1.700000e+01 2.040935e-02
8.858586e+01 1.800000e+01 1.919737e-02
8.858586e+01 1.900000e+01 1.761143e-02
8.858586e+01 2.000000e+01 1.772985e-02
9.160606e+01 0.000000e+00 6.603178e-02
9.160606e+01 1.000000e+00 6.545023e-02
9.160606e+01 2.000000e+00 6.484318e-02
9.160606e+01 3.000000e+00 6.442388e-02
9.160606e+01 4.000000e+00 6.376476e-02
9.160606e+01 5.000000e+00 6.301771e-02
9.160606e+01 6.000000e+00 6.057598e-02
9.160606e+01 7.000000e+00 5.354805e-02
9.160606e+01 8.000000e+00 4.101935e-02
9.160606e+01 9.000000e+00 3.317782e-02
9.160606e+01 1.000000e+01 2.945329e-02
9.160606e+01 1.100000e+01 2.754357e-02
9.160606e+01 1.200000e+01 2.647089e-02
9.160606e+01 1.300000e+01 2.563734e-02
9.160606e+01 1.400000e+01 2.508826e-02
9.160606e+01 1.500000e+01 2.374032e-02
9.160606e+01 1.600000e+01 2.255606e-02
9.160606e+01 1.700000e+01 2.055300e-02
9.160606e+01 1.800000e+01 1.930674e-02
9.160606e+01 1.900000e+01 1.766707e-02
9.160606e+01 2.000000e+01 1.774186e-02
9.462626e+01 0.000000e+00 6.893577e-02
9.462626e+01 1.000000e+00 6.823400e-02
9.462626e+01 2.000000e+00 6.749325e-02
9.462626e+01 3.000000e+00 6.689358e-02
9.462626e+01 4.000000e+00 6.604943e-02
9.462626e+01 5.000000e+00 6.506992e-02
9.462626e+01 6.000000e+00 6.214933e-02
9.462626e+01 7.000000e+00 5.449795e-02
9.462626e+01 8.000000e+00 4.146306e-02
9.462626e+01 9.000000e+00 3.344214e-02
9.462626e+01 1.000000e+01 2.965575e-02
9.462626e+01 1.100000e+01 2.772048e-02
9.462626e+01 1.200000e+01 2.663685e-02
9.462626e+01 1.300000e+01 2.579777e-02
9.462626e+01 1.400000e+01 2.524607e-02
9.462626e+01 1.500000e+01 2.388992e-02
9.462626e+01 1.600000e+01 2.269433e-02
9.462626e+01 1.700000e+01 2.066895e-02
9.462626e+01 1.800000e+01 1.938885e-02
9.462626e+01 1.900000e+01 1.769848e-02
9.462626e+01 2.000000e+01 1.773207e-02
9.764646e+01 0.000000e+00 7.187328e-02
9.764646e+01 1.000000e+00 7.104143e-02
9.764646e+01 2.000000e+00 7.015755e-02
9.764646e+01 3.000000e+00 6.936804e-02
9.764646e+01 4.000000e+00 6.833088e-02
9.764646e+01 5.000000e+00 6.710994e-02
9.764646e+01 6.000000e+00 6.369196e-02
9.764646e+01 7.000000e+00 5.540729e-02
9.764646e+01 8.000000e+00 4.187173e-02
9.764646e+01 9.000000e+00 3.367769e-02
9.764646e+01 1.000000e+01 2.983224e-02
9.764646e+01 1.100000e+01 2.787233e-02
9.764646e+01 1.200000e+01 2.677767e-02
9.764646e+01 1.300000e+01 2.593260e-02
9.764646e+01 1.400000e+01 2.537735e-02
9.764646e+01 1.500000e+01 2.401276e-02
9.764646e+01 1.600000e+01 2.280537e-02
9.764646e+01 1.700000e+01 2.075844e-02
9.764646e+01 1.800000e+01 1.944515e-02
9.764646e+01 1.900000e+01 1.770725e-02
9.764646e+01 2.000000e+01 1.770216e-02
1.006667e+02 0.000000e+00 7.483907e-02
1.006667e+02 1.000000e+00 7.386729e-02
1.006667e+02 2.000000e+00 7.283092e-02
1.006667e+02 3.000000e+00 7.184238e-02
1.006667e+02 4.000000e+00 7.060462e-02
1.006667e+02 5.000000e+00 6.913382e-02
1.006667e+02 6.000000e+00 6.520111e-02
1.006667e+02 7.000000e+00 5.627523e-02
1.006667e+02 8.000000e+00 4.224576e-02
1.006667e+02 9.000000e+00 3.388515e-02
1.006667e+02 1.000000e+01 2.998347e-02
1.006667e+02 1.100000e+01 2.799989e-02
1.006667e+02 1.200000e+01 2.689418e-02
1.006667e+02 1.300000e+01 2.604272e-02
1.006667e+02 1.400000e+01 2.548306e-02
1.006667e+02 1.500000e+01 2.410985e-02
1.006667e+02 1.600000e+01 2.289030e-02
1.006667e+02 1.700000e+01 2.082270e-02
1.006667e+02 1.800000e+01 1.947708e-02
1.006667e+02 1.900000e+01 1.769495e-02
1.006667e+02 2.000000e+01 1.765371e-02
1.036869e+02 0.000000e+00 7.782778e-02
1.036869e+02 1.000000e+00 7.670625e-02
1.036869e+02 2.000000e+00 7.550811e-02
1.036869e+02 3.000000e+00 7.431170e-02
1.036869e+02 4.000000e+00 7.286617e-02
1.036869e+02 5.000000e+00 7.113769e-02
1.036869e+02 6.000000e+00 6.667417e-02
1.036869e+02 7.000000e+00 5.710105e-02
1.036869e+02 8.000000e+00 4.258563e-02
1.036869e+02 9.000000e+00 3.406520e-02
1.036869e+02 1.000000e+01 3.011020e-02
1.036869e+02 1.100000e+01 2.810395e-02
1.036869e+02 1.200000e+01 2.698720e-02
1.036869e+02 1.300000e+01 2.612899e-02
1.036869e+02 1.400000e+01 2.556415e-02
1.036869e+02 1.500000e+01 2.418221e-02
1.036869e+02 1.600000e+01 2.295026e-02
1.036869e+02 1.700000e+01 2.086294e-02
1.036869e+02 1.800000e+01 1.948604e-02
1.036869e+02 1.900000e+01 1.766306e-02
1.036869e+02 2.000000e+01 1.758822e-02
1.067071e+02 0.000000e+00 8.083397e-02
1.067071e+02 1.000000e+00 7.955290e-02
1.067071e+02 2.000000e+00 7.818383e-02
1.067071e+02 3.000000e+00 7.677110e-02
1.067071e+02 4.000000e+00 7.511106e-02
1.067071e+02 5.000000e+00 7.311770e-02
1.067071e+02 6.000000e+00 6.810869e-02
1.067071e+02 7.000000e+00 5.788416e-02
1.067071e+02 8.000000e+00 4.289185e-02
1.067071e+02 9.000000e+00 3.421858e-02
1.067071e+02 1.000000e+01 3.021319e-02
1.067071e+02 1.100000e+01 2.818529e-02
1.067071e+02 1.200000e+01 2.705757e-02
1.067071e+02 1.300000e+01 2.619230e-02
1.067071e+02 1.400000e+01 2.562158e-02
1.067071e+02 1.500000e+01 2.423086e-02
1.067071e+02 1.600000e+01 2.298636e-02
1.067071e+02 1.700000e+01 2.088038e-02
1.067071e+02 1.800000e+01 1.947339e-02
1.067071e+02 1.900000e+01 1.761297e-02
1.067071e+02 2.000000e+01 1.750706e-02
1.097273e+02 0.000000e+00 8.385209e-02
1.097273e+02 1.000000e+00 8.240182e-02
1.097273e+02 2.000000e+00 8.085278e-02
1.097273e+02 3.000000e+00 7.921568e-02
1.097273e+02 4.000000e+00 7.733488e-02
1.097273e+02 5.000000e+00 7.507013e-02
1.097273e+02 6.000000e+00 6.950233e-02
1.097273e+02 7.000000e+00 5.862412e-02
1.097273e+02 8.000000e+00 4.316501e-02
1.097273e+02 9.000000e+00 3.434603e-02
1.097273e+02 1.000000e+01 3.029320e-02
1.097273e+02 1.100000e+01 2.824470e-02
1.097273e+02 1.200000e+01 2.710611e-02
1.097273e+02 1.300000e+01 2.623354e-02
1.097273e+02 1.400000e+01 2.565630e-02
1.097273e+02 1.500000e+01 2.425682e-02
1.097273e+02 1.600000e+01 2.299973e-02
1.097273e+02 1.700000e+01 2.087620e-02
1.097273e+02 1.800000e+01 1.944047e-02
1.097273e+02 1.900000e+01 1.754603e-02
1.097273e+02 2.000000e+01 1.741153e-02
1.127475e+02 0.000000e+00 8.687659e-02
1.127475e+02 1.000000e+00 8.524753e-02
1.127475e+02 2.000000e+00 8.350965e-02
1.127475e+02 3.000000e+00 8.164058e-02
1.127475e+02 4.000000e+00 7.953327e-02
1.127475e+02 5.000000e+00 7.699131e-02
1.127475e+02 6.000000e+00 7.085294e-02
1.127475e+02 7.000000e+00 5.932059e-02
1.127475e+02 8.000000e+00 4.340575e-02
1.127475e+02 9.000000e+00 3.444832e-02
1.127475e+02 1.000000e+01 3.035102e-02
1.127475e+02 1.100000e+01 2.828300e-02
1.127475e+02 1.200000e+01 2.713368e-02
1.127475e+02 1.300000e+01 2.625360e-02
1.127475e+02 1.400000e+01 2.566928e-02
1.127475e+02 1.500000e+01 2.426111e-02
1.127475e+02 1.600000e+01 2.299145e-02
1.127475e+02 1.700000e+01 2.085157e-02
1.127475e+02 1.800000e+01 1.938854e-02
1.127475e+02 1.900000e+01 1.746350e-02
1.127475e+02 2.000000e+01 1.730284e-02
1.157677e+02 0.000000e+00 8.990184e-02
1.157677e+02 1.000000e+00 8.808459e-02
1.157677e+02 2.000000e+00 8.614919e-02
1.157677e+02 3.000000e+00 8.404100e-02
1.157677e+02 4.000000e+00 8.170196e-02
1.157677e+02 5.000000e+00 7.887773e-02
1.157677e+02 6.000000e+00 7.215851e-02
1.157677e+02 7.000000e+00 5.997336e-02
1.157677e+02 8.000000e+00 4.361474e-02
1.157677e+02 9.000000e+00 3.452622e-02
1.157677e+02 1.000000e+01 3.038743e-02
1.157677e+02 1.100000e+01 2.830098e-02
1.157677e+02 1.200000e+01 2.714110e-02
1.157677e+02 1.300000e+01 2.625335e-02
1.157677e+02 1.400000e+01 2.566145e-02
1.157677e+02 1.500000e+01 2.424471e-02
1.157677e+02 1.600000e+01 2.296261e-02
1.157677e+02 1.700000e+01 2.080762e-02
1.157677e+02 1.800000e+01 1.931884e-02
1.157677e+02 1.900000e+01 1.736657e-02
1.157677e+02 2.000000e+01 1.718210e-02
1.187879e+02 0.000000e+00 9.292225e-02
1.187879e+02 1.000000e+00 9.090755e-02
1.187879e+02 2.000000e+00 8.876616e-02
1.187879e+02 3.000000e+00 8.641221e-02
1.187879e+02 4.000000e+00 8.383679e-02
1.187879e+02 5.000000e+00 8.072597e-02
1.187879e+02 6.000000e+00 7.341721e-02
1.187879e+02 7.000000e+00 6.058233e-02
1.187879e+02 8.000000e+00 4.379268e-02
1.187879e+02 9.000000e+00 3.458051e-02
1.187879e+02 1.000000e+01 3.040322e-02
1.187879e+02 1.100000e+01 2.829944e-02
1.187879e+02 1.200000e+01 2.712921e-02
1.187879e+02 1.300000e+01 2.623367e-02
1.187879e+02 1.400000e+01 2.563375e-02
1.187879e+02 1.500000e+01 2.420862e-02
1.187879e+02 1.600000e+01 2.291426e-02
1.187879e+02 1.700000e+01 2.074545e-02
1.187879e+02 1.800000e+01 1.923255e-02
1.187879e+02 1.900000e+01 1.725638e-02
1.187879e+02 2.000000e+01 1.705036e-02
1.218081e+02 0.000000e+00 9.593222e-02
1.218081e+02 1.000000e+00 9.371101e-02
1.218081e+02 2.000000e+00 9.135543e-02
1.218081e+02 3.000000e+00 8.874960e-02
1.218081e+02 4.000000e+00 8.593373e-02
1.218081e+02 5.000000e+00 8.253278e-02
1.218081e+02 6.000000e+00 7.462737e-02
1.218081e+02 7.000000e+00 6.114751e-02
1.218081e+02 8.000000e+00 4.394032e-02
1.218081e+02 9.000000e+00 3.461200e-02
1.218081e+02 1.000000e+01 3.039916e-02
1.218081e+02 1.100000e+01 2.827917e-02
1.218081e+02 1.200000e+01 2.709882e-02
1.218081e+02 1.300000e+01 2.619541e-02
1.218081e+02 1.400000e+01 2.558711e-02
1.218081e+02 1.500000e+01 2.415380e-02
1.218081e+02 1.600000e+01 2.284745e-02
1.218081e+02 1.700000e+01 2.066615e-02
1.218081e+02 1.800000e+01 1.913080e-02
1.218081e+02 1.900000e+01 1.713398e-02
1.218081e+02 2.000000e+01 1.690860e-02
1.248283e+02 0.000000e+00 9.892621e-02
1.248283e+02 1.000000e+00 9.648964e-02
1.248283e+02 2.000000e+00 9.391193e-02
1.248283e+02 3.000000e+00 9.104866e-02
1.248283e+02 4.000000e+00 8.798890e-02
1.248283e+02 5.000000e+00 8.429506e-02
1.248283e+02 6.000000e+00 7.578749e-02
1.248283e+02 7.000000e+00 6.166901e-02
1.248283e+02 8.000000e+00 4.405843e-02
1.248283e+02 9.000000e+00 3.462147e-02
1.248283e+02 1.000000e+01 3.037604e-02
1.248283e+02 1.100000e+01 2.824095e-02
1.248283e+02 1.200000e+01 2.705074e-02
1.248283e+02 1.300000e+01 2.613942e-02
1.248283e+02 1.400000e+01 2.552241e-02
1.248283e+02 1.500000e+01 2.408119e-02
1.248283e+02 1.600000e+01 2.276318e-02
1.248283e+02 1.700000e+01 2.057074e-02
1.248283e+02 1.800000e+01 1.901469e-02
1.248283e+02 1.900000e+01 1.700038e-02
1.248283e+02 2.000000e+01 1.675772e-02
1.278485e+02 0.000000e+00 1.018987e-01
1.278485e+02 1.000000e+00 9.923820e-02
1.278485e+02 2.000000e+00 9.643074e-02
1.278485e+02 3.000000e+00 9.330506e-02
1.278485e+02 4.000000e+00 8.999854e-02
1.278485e+02 5.000000e+00 8.600986e-02
1.278485e+02 6.000000e+00 7.689624e-02
1.278485e+02 7.000000e+00 6.214704e-02
1.278485e+02 8.000000e+00 4.414780e-02
1.278485e+02 9.000000e+00 3.460974e-02
1.278485e+02 1.000000e+01 3.033463e-02
1.278485e+02 1.100000e+01 2.818556e-02
1.278485e+02 1.200000e+01 2.698577e-02
1.278485e+02 1.300000e+01 2.606653e-02
1.278485e+02 1.400000e+01 2.544056e-02
1.278485e+02 1.500000e+01 2.399173e-02
1.278485e+02 1.600000e+01 2.266243e-02
1.278485e+02 1.700000e+01 2.046024e-02
1.278485e+02 1.800000e+01 1.888524e-02
1.278485e+02 1.900000e+01 1.685651e-02
1.278485e+02 2.000000e+01 1.659855e-02
1.308687e+02 0.000000e+00 1.048443e-01
1.308687e+02 1.000000e+00 1.019516e-01
1.308687e+02 2.000000e+00 9.890707e-02
1.308687e+02 3.000000e+00 9.551461e-02
1.308687e+02 4.000000e+00 9.195913e-02
1.308687e+02 5.000000e+00 8.767444e-02
1.308687e+02 6.000000e+00 7.795245e-02
1.308687e+02 7.000000e+00 6.258190e-02
1.308687e+02 8.000000e+00 4.420924e-02
1.308687e+02 9.000000e+00 3.457758e-02
1.308687e+02 1.000000e+01 3.027570e-02
1.308687e+02 1.100000e+01 2.811375e-02
1.308687e+02 1.200000e+01 2.690469e-02
1.308687e+02 1.300000e+01 2.597756e-02
1.308687e+02 1.400000e+01 2.534242e-02
1.308687e+02 1.500000e+01 2.388630e-02
1.308687e+02 1.600000e+01 2.254617e-02
1.308687e+02 1.700000e+01 2.033562e-02
1.308687e+02 1.800000e+01 1.874345e-02
1.308687e+02 1.900000e+01 1.670325e-02
1.308687e+02 2.000000e+01 1.643189e-02
1.338889e+02 0.000000e+00 1.077578e-01
1.338889e+02 1.000000e+00 1.046247e-01
1.338889e+02 2.000000e+00 1.013363e-01
1.338889e+02 3.000000e+00 9.767331e-02
1.338889e+02 4.000000e+00 9.386729e-02
1.338889e+02 5.000000e+00 8.928622e-02
1.338889e+02 6.000000e+00 7.895514e-02
1.338889e+02 7.000000e+00 6.297397e-02
1.338889e+02 8.000000e+00 4.424359e-02
1.338889e+02 9.000000e+00 3.452579e-02
1.338889e+02 1.000000e+01 3.019999e-02
1.338889e+02 1.100000e+01 2.802628e-02
1.338889e+02 1.200000e+01 2.680828e-02
1.338889e+02 1.300000e+01 2.587332e-02
1.338889e+02 1.400000e+01 2.522884e-02
1.338889e+02 1.500000e+01 2.376581e-02
1.338889e+02 1.600000e+01 2.241530e-02
1.338889e+02 1.700000e+01 2.019779e-02
1.338889e+02 1.800000e+01 1.859024e-02
1.338889e+02 1.900000e+01 1.654144e-02
1.338889e+02 2.000000e+01 1.625847e-02
1.369091e+02 0.000000e+00 1.106338e-01
1.369091e+02 1.000000e+00 1.072527e-01
1.369091e+02 2.000000e+00 1.037140e-01
1.369091e+02 3.000000e+00 9.977736e-02
1.369091e+02 4.000000e+00 9.571986e-02
1.369091e+02 5.000000e+00 9.084283e-02
1.369091e+02 6.000000e+00 7.990349e-02
1.369091e+02 7.000000e+00 6.332373e-02
1.369091e+02 8.000000e+00 4.425167e-02
1.369091e+02 9.000000e+00 3.445517e-02
1.369091e+02 1.000000e+01 3.010825e-02
1.369091e+02 1.100000e+01 2.792389e-02
1.369091e+02 1.200000e+01 2.669728e-02
1.369091e+02 1.300000e+01 2.575458e-02
1.369091e+02 1.400000e+01 2.510064e-02
1.369091e+02 1.500000e+01 2.363109e-02
1.369091e+02 1.600000e+01 2.227074e-02
1.369091e+02 1.700000e+01 2.004767e-02
1.369091e+02 1.800000e+01 1.842652e-02
1.369091e+02 1.900000e+01 1.637184e-02
1.369091e+02 2.000000e+01 1.607895e-02
1.399293e+02 0.000000e+00 1.134674e-01
1.399293e+02 1.000000e+00 1.098310e-01
1.399293e+02 2.000000e+00 1.060359e-01
1.399293e+02 3.000000e+00 1.018232e-01
1.399293e+02 4.000000e+00 9.751391e-02
1.399293e+02 5.000000e+00 9.234209e-02
1.399293e+02 6.000000e+00 8.079682e-02
1.399293e+02 7.000000e+00 6.363171e-02
1.399293e+02 8.000000e+00 4.423434e-02
1.399293e+02 9.000000e+00 3.436648e-02
1.399293e+02 1.000000e+01 3.000122e-02
1.399293e+02 1.100000e+01 2.780729e-02
1.399293e+02 1.200000e+01 2.657244e-02
1.399293e+02 1.300000e+01 2.562210e-02
1.399293e+02 1.400000e+01 2.495863e-02
1.399293e+02 1.500000e+01 2.348298e-02
1.399293e+02 1.600000e+01 2.211334e-02
1.399293e+02 1.700000e+01 1.988611e-02
1.399293e+02 1.800000e+01 1.825313e-02
1.399293e+02 1.900000e+01 1.619519e-02
1.399293e+02 2.000000e+01 1.589396e-02
1.429495e+02 0.000000e+00 1.162536e-01
1.429495e+02 1.000000e+00 1.123551e-01
1.429495e+02 2.000000e+00 1.082980e-01
1.429495e+02 3.000000e+00 1.038074e-01
1.429495e+02 4.000000e+00 9.924670e-02
1.429495e+02 5.000000e+00 9.378203e-02
1.429495e+02 6.000000e+00 8.163465e-02
1.429495e+02 7.000000e+00 6.389851e-02
1.429495e+02 8.000000e+00 4.419246e-02
1.429495e+02 9.000000e+00 3.426051e-02
1.429495e+02 1.000000e+01 2.987961e-02
1.429495e+02 1.100000e+01 2.767720e-02
1.429495e+02 1.200000e+01 2.643448e-02
1.429495e+02 1.300000e+01 2.547663e-02
1.429495e+02 1.400000e+01 2.480359e-02
1.429495e+02 1.500000e+01 2.332228e-02
1.429495e+02 1.600000e+01 2.194394e-02
1.429495e+02 1.700000e+01 1.971393e-02
1.429495e+02 1.800000e+01 1.807087e-02
1.429495e+02 1.900000e+01 1.601216e-02
1.429495e+02 2.000000e+01 1.570410e-02
1.459697e+02 0.000000e+00 1.189878e-01
1.459697e+02 1.000000e+00 1.148205e-01
1.459697e+02 2.000000e+00 1.104964e-01
1.459697e+02 3.000000e+00 1.057269e-01
1.459697e+02 4.000000e+00 1.009158e-01
1.459697e+02 5.000000e+00 9.516089e-02
1.459697e+02 6.000000e+00 8.241664e-02
1.459697e+02 7.000000e+00 6.412483e-02
1.459697e+02 8.000000e+00 4.412689e-02
1.459697e+02 9.000000e+00 3.413800e-02
1.459697e+02 1.000000e+01 2.974413e-02
1.459697e+02 1.100000e+01 2.753430e-02
1.459697e+02 1.200000e+01 2.628409e-02
1.459697e+02 1.300000e+01 2.531889e-02
1.459697e+02 1.400000e+01 2.463628e-02
1.459697e+02 1.500000e+01 2.314977e-02
1.459697e+02 1.600000e+01 2.176334e-02
1.459697e+02 1.700000e+01 1.953193e-02
1.459697e+02 1.800000e+01 1.788050e-02
1.459697e+02 1.900000e+01 1.582338e-02
1.459697e+02 2.000000e+01 1.550990e-02
1.489899e+02 0.000000e+00 1.216654e-01
1.489899e+02 1.000000e+00 1.172234e-01
1.489899e+02 2.000000e+00 1.126278e-01
1.489899e+02 3.000000e+00 1.075789e-01
1.489899e+02 4.000000e+00 1.025188e-01
1.489899e+02 5.000000e+00 9.647711e-02
1.489899e+02 6.000000e+00 8.314259e-02
1.489899e+02 7.000000e+00 6.431138e-02
1.489899e+02 8.000000e+00 4.403848e-02
1.489899e+02 9.000000e+00 3.399971e-02
1.489899e+02 1.000000e+01 2.959547e-02
1.489899e+02 1.100000e+01 2.737927e-02
1.489899e+02 1.200000e+01 2.612196e-02
1.489899e+02 1.300000e+01 2.514959e-02
1.489899e+02 1.400000e+01 2.445744e-02
1.489899e+02 1.500000e+01 2.296620e-02
1.489899e+02 1.600000e+01 2.157231e-02
1.489899e+02 1.700000e+01 1.934085e-02
1.489899e+02 1.800000e+01 1.768273e-02
1.489899e+02 1.900000e+01 1.562946e-02
1.489899e+02 2.000000e+01 1.531187e-02
1.520101e+02 0.000000e+00 1.242821e-01
1.520101e+02 1.000000e+00 1.195597e-01
1.520101e+02 2.000000e+00 1.146888e-01
1.520101e+02 3.000000e+00 1.093607e-01
1.520101e+02 4.000000e+00 1.040539e-01
1.520101e+02 5.000000e+00 9.772935e-02
1.520101e+02 6.000000e+00 8.381245e-02
1.520101e+02 7.000000e+00 6.445896e-02
1.520101e+02 8.000000e+00 4.392811e-02
1.520101e+02 9.000000e+00 3.384638e-02
1.520101e+02 1.000000e+01 2.943431e-02
1.520101e+02 1.100000e+01 2.721277e-02
1.520101e+02 1.200000e+01 2.594875e-02
1.520101e+02 1.300000e+01 2.496940e-02
1.520101e+02 1.400000e+01 2.426779e-02
1.520101e+02 1.500000e+01 2.277230e-02
1.520101e+02 1.600000e+01 2.137160e-02
1.520101e+02 1.700000e+01 1.914141e-02
1.520101e+02 1.800000e+01 1.747826e-02
1.520101e+02 1.900000e+01 1.543095e-02
1.520101e+02 2.000000e+01 1.511047e-02
1.550303e+02 0.000000e+00 1.268338e-01
1.550303e+02 1.000000e+00 1.218260e-01
1.550303e+02 2.000000e+00 1.166763e-01
1.550303e+02 3.000000e+00 1.110700e-01
1.550303e+02 4.000000e+00 1.055192e-01
1.550303e+02 5.000000e+00 9.891648e-02
1.550303e+02 6.000000e+00 8.442633e-02
1.550303e+02 7.000000e+00 6.456840e-02
1.550303e+02 8.000000e+00 4.379663e-02
1.550303e+02 9.000000e+00 3.367873e-02
1.550303e+02 1.000000e+01 2.926130e-02
1.550303e+02 1.100000e+01 2.703544e-02
1.550303e+02 1.200000e+01 2.576511e-02
1.550303e+02 1.300000e+01 2.477900e-02
1.550303e+02 1.400000e+01 2.406800e-02
1.550303e+02 1.500000e+01 2.256877e-02
1.550303e+02 1.600000e+01 2.116192e-02
1.550303e+02 1.700000e+01 1.893431e-02
1.550303e+02 1.800000e+01 1.726772e-02
1.550303e+02 1.900000e+01 1.522836e-02
1.550303e+02 2.000000e+01 1.490615e-02
1.580505e+02 0.000000e+00 1.293166e-01
1.580505e+02 1.000000e+00 1.240190e-01
1.580505e+02 2.000000e+00 1.185878e-01
1.580505e+02 3.000000e+00 1.127047e-01
1.580505e+02 4.000000e+00 1.069131e-01
1.580505e+02 5.000000e+00 1.000376e-01
1.580505e+02 6.000000e+00 8.498445e-02
1.580505e+02 7.000000e+00 6.464057e-02
1.580505e+02 8.000000e+00 4.364490e-02
1.580505e+02 9.000000e+00 3.349748e-02
1.580505e+02 1.000000e+01 2.907709e-02
1.580505e+02 1.100000e+01 2.684790e-02
1.580505e+02 1.200000e+01 2.557168e-02
1.580505e+02 1.300000e+01 2.457901e-02
1.580505e+02 1.400000e+01 2.385876e-02
1.580505e+02 1.500000e+01 2.235628e-02
1.580505e+02 1.600000e+01 2.094395e-02
1.580505e+02 1.700000e+01 1.872019e-02
1.580505e+02 1.800000e+01 1.705171e-02
1.580505e+02 1.900000e+01 1.502218e-02
1.580505e+02 2.000000e+01 1.469929e-02
1.610707e+02 0.000000e+00 1.317270e-01
1.610707e+02 1.000000e+00 1.261355e-01
1.610707e+02 2.000000e+00 1.204207e-01
1.610707e+02 3.000000e+00 1.142630e-01
1.610707e+02 4.000000e+00 1.082346e-01
1.610707e+02 5.000000e+00 1.010919e-01
1.610707e+02 6.000000e+00 8.548718e-02
1.610707e+02 7.000000e+00 6.467640e-02
1.610707e+02 8.000000e+00 4.347376e-02
1.610707e+02 9.000000e+00 3.330332e-02
1.610707e+02 1.000000e+01 2.888231e-02
1.610707e+02 1.100000e+01 2.665076e-02
1.610707e+02 1.200000e+01 2.536905e-02
1.610707e+02 1.300000e+01 2.437007e-02
1.610707e+02 1.400000e+01 2.364071e-02
1.610707e+02 1.500000e+01 2.213549e-02
1.610707e+02 1.600000e+01 2.071836e-02
1.610707e+02 1.700000e+01 1.849967e-02
1.610707e+02 1.800000e+01 1.683081e-02
1.610707e+02 1.900000e+01 1.481287e-02
1.610707e+02 2.000000e+01 1.449029e-02
1.640909e+02 0.000000e+00 1.340616e-01
1.640909e+02 1.000000e+00 1.281728e-01
1.640909e+02 2.000000e+00 1.221729e-01
1.640909e+02 3.000000e+00 1.157434e-01
1.640909e+02 4.000000e+00 1.094824e-01
1.640909e+02 5.000000e+00 1.020789e-01
1.640909e+02 6.000000e+00 8.593499e-02
1.640909e+02 7.000000e+00 6.467684e-02
1.640909e+02 8.000000e+00 4.328406e-02
1.640909e+02 9.000000e+00 3.309693e-02
1.640909e+02 1.000000e+01 2.867758e-02
1.640909e+02 1.100000e+01 2.644461e-02
1.640909e+02 1.200000e+01 2.515782e-02
1.640909e+02 1.300000e+01 2.415277e-02
1.640909e+02 1.400000e+01 2.341446e-02
1.640909e+02 1.500000e+01 2.190702e-02
1.640909e+02 1.600000e+01 2.048577e-02
1.640909e+02 1.700000e+01 1.827336e-02
1.640909e+02 1.800000e+01 1.660554e-02
1.640909e+02 1.900000e+01 1.460085e-02
1.640909e+02 2.000000e+01 1.427949e-02
1.671111e+02 0.000000e+00 1.363173e-01
1.671111e+02 1.000000e+00 1.301285e-01
1.671111e+02 2.000000e+00 1.238425e-01
1.671111e+02 3.000000e+00 1.171445e-01
1.671111e+02 4.000000e+00 1.106557e-01
1.671111e+02 5.000000e+00 1.029983e-01
1.671111e+02 6.000000e+00 8.632846e-02
1.671111e+02 7.000000e+00 6.464286e-02
1.671111e+02 8.000000e+00 4.307664e-02
1.671111e+02 9.000000e+00 3.287898e-02
1.671111e+02 1.000000e+01 2.846348e-02
1.671111e+02 1.100000e+01 2.623002e-02
1.671111e+02 1.200000e+01 2.493856e-02
1.671111e+02 1.300000e+01 2.392770e-02
1.671111e+02 1.400000e+01 2.318062e-02
1.671111e+02 1.500000e+01 2.167147e-02
1.671111e+02 1.600000e+01 2.024677e-02
1.671111e+02 1.700000e+01 1.804181e-02
1.671111e+02 1.800000e+01 1.637643e-02
1.671111e+02 1.900000e+01 1.438651e-02
1.671111e+02 2.000000e+01 1.406720e-02
1.701313e+02 0.000000e+00 1.384913e-01
1.701313e+02 1.000000e+00 1.320004e-01
1.701313e+02 2.000000e+00 1.254280e-01
1.701313e+02 3.000000e+00 1.184655e-01
1.701313e+02 4.000000e+00 1.117541e-01
1.701313e+02 5.000000e+00 1.038500e-01
1.701313e+02 6.000000e+00 8.666831e-02
1.701313e+02 7.000000e+00 6.457548e-02
1.701313e+02 8.000000e+00 4.285231e-02
1.701313e+02 9.000000e+00 3.265012e-02
1.701313e+02 1.000000e+01 2.824060e-02
1.701313e+02 1.100000e+01 2.600754e-02
1.701313e+02 1.200000e+01 2.471182e-02
1.701313e+02 1.300000e+01 2.369542e-02
1.701313e+02 1.400000e+01 2.293976e-02
1.701313e+02 1.500000e+01 2.142942e-02
1.701313e+02 1.600000e+01 2.000195e-02
1.701313e+02 1.700000e+01 1.780555e-02
1.701313e+02 1.800000e+01 1.614394e-02
1.701313e+02 1.900000e+01 1.417021e-02
1.701313e+02 2.000000e+01 1.385373e-02
1.731515e+02 0.000000e+00 1.405811e-01
1.731515e+02 1.000000e+00 1.337864e-01
1.731515e+02 2.000000e+00 1.269282e-01
1.731515e+02 3.000000e+00 1.197056e-01
1.731515e+02 4.000000e+00 1.127771e-01
1.731515e+02 5.000000e+00 1.046339e-01
1.731515e+02 6.000000e+00 8.695532e-02
1.731515e+02 7.000000e+00 6.447573e-02
1.731515e+02 8.000000e+00 4.261189e-02
1.731515e+02 9.000000e+00 3.241100e-02
1.731515e+02 1.000000e+01 2.800950e-02
1.731515e+02 1.100000e+01 2.577771e-02
1.731515e+02 1.200000e+01 2.447815e-02
1.731515e+02 1.300000e+01 2.345646e-02
1.731515e+02 1.400000e+01 2.269245e-02
1.731515e+02 1.500000e+01 2.118141e-02
1.731515e+02 1.600000e+01 1.975185e-02
1.731515e+02 1.700000e+01 1.756509e-02
1.731515e+02 1.800000e+01 1.590852e-02
1.731515e+02 1.900000e+01 1.395231e-02
1.731515e+02 2.000000e+01 1.363937e-02
1.761717e+02 0.000000e+00 1.425846e-01
1.761717e+02 1.000000e+00 1.354852e-01
1.761717e+02 2.000000e+00 1.283420e-01
1.761717e+02 3.000000e+00 1.208642e-01
1.761717e+02 4.000000e+00 1.137247e-01
1.761717e+02 5.000000e+00 1.053504e-01
1.761717e+02 6.000000e+00 8.719037e-02
1.761717e+02 7.000000e+00 6.434466e-02
1.761717e+02 8.000000e+00 4.235618e-02
1.761717e+02 9.000000e+00 3.216223e-02
1.761717e+02 1.000000e+01 2.777072e-02
1.761717e+02 1.100000e+01 2.554105e-02
1.761717e+02 1.200000e+01 2.423804e-02
1.761717e+02 1.300000e+01 2.321135e-02
1.761717e+02 1.400000e+01 2.243922e-02
1.761717e+02 1.500000e+01 2.092799e-02
1.761717e+02 1.600000e+01 1.949700e-02
1.761717e+02 1.700000e+01 1.732092e-02
1.761717e+02 1.800000e+01 1.567058e-02
1.761717e+02 1.900000e+01 1.373312e-02
1.761717e+02 2.000000e+01 1.342436e-02
1.791919e+02 0.000000e+00 1.444997e-01
1.791919e+02 1.000000e+00 1.370953e-01
1.791919e+02 2.000000e+00 1.296687e-01
1.791919e+02 3.000000e+00 1.219412e-01
1.791919e+02 4.000000e+00 1.145969e-01
1.791919e+02 5.000000e+00 1.059997e-01
1.791919e+02 6.000000e+00 8.737445e-02
1.791919e+02 7.000000e+00 6.418332e-02
1.791919e+02 8.000000e+00 4.208596e-02
1.791919e+02 9.000000e+00 3.190441e-02
1.791919e+02 1.000000e+01 2.752481e-02
1.791919e+02 1.100000e+01 2.529807e-02
1.791919e+02 1.200000e+01 2.399202e-02
1.791919e+02 1.300000e+01 2.296059e-02
1.791919e+02 1.400000e+01 2.218057e-02
1.791919e+02 1.500000e+01 2.066966e-02
1.791919e+02 1.600000e+01 1.923789e-02
1.791919e+02 1.700000e+01 1.707348e-02
1.791919e+02 1.800000e+01 1.543054e-02
1.791919e+02 1.900000e+01 1.351293e-02
1.791919e+02 2.000000e+01 1.320894e-02
1.822121e+02 0.000000e+00 1.463248e-01
1.822121e+02 1.000000e+00 1.386158e-01
1.822121e+02 2.000000e+00 1.309078e-01
1.822121e+02 3.000000e+00 1.229365e-01
1.822121e+02 4.000000e+00 1.153939e-01
1.822121e+02 5.000000e+00 1.065824e-01
1.822121e+02 6.000000e+00 8.750859e-02
1.822121e+02 7.000000e+00 6.399279e-02
1.822121e+02 8.000000e+00 4.180203e-02
1.822121e+02 9.000000e+00 3.163813e-02
1.822121e+02 1.000000e+01 2.727227e-02
1.822121e+02 1.100000e+01 2.504926e-02
1.822121e+02 1.200000e+01 2.374055e-02
1.822121e+02 1.300000e+01 2.270467e-02
1.822121e+02 1.400000e+01 2.191702e-02
1.822121e+02 1.500000e+01 2.040691e-02
1.822121e+02 1.600000e+01 1.897500e-02
1.822121e+02 1.700000e+01 1.682321e-02
1.822121e+02 1.800000e+01 1.518875e-02
1.822121e+02 1.900000e+01 1.329204e-02
1.822121e+02 2.000000e+01 1.299334e-02
1.852323e+02 0.000000e+00 1.480587e-01
1.852323e+02 1.000000e+00 1.400459e-01
1.852323e+02 2.000000e+00 1.320593e-01
1.852323e+02 3.000000e+00 1.238503e-01
1.852323e+02 4.000000e+00 1.161163e-01
1.852323e+02 5.000000e+00 1.070992e-01
1.852323e+02 6.000000e+00 8.759390e-02
1.852323e+02 7.000000e+00 6.377416e-02
1.852323e+02 8.000000e+00 4.150512e-02
1.852323e+02 9.000000e+00 3.136398e-02
1.852323e+02 1.000000e+01 2.701360e-02
1.852323e+02 1.100000e+01 2.479507e-02
1.852323e+02 1.200000e+01 2.348410e-02
1.852323e+02 1.300000e+01 2.244405e-02
1.852323e+02 1.400000e+01 2.164902e-02
1.852323e+02 1.500000e+01 2.014020e-02
1.852323e+02 1.600000e+01 1.870877e-02
1.852323e+02 1.700000e+01 1.657052e-02
1.852323e+02 1.800000e+01 1.494556e-02
1.852323e+02 1.900000e+01 1.307069e-02
1.852323e+02 2.000000e+01 1.277777e-02
1.882525e+02 0.000000e+00 1.497002e-01
1.882525e+02 1.000000e+00 1.413851e-01
1.882525e+02 2.000000e+00 1.331233e-01
1.882525e+02 3.000000e+00 1.246831e-01
1.882525e+02 4.000000e+00 1.167647e-01
1.882525e+02 5.000000e+00 1.075509e-01
1.882525e+02 6.000000e+00 8.763157e-02
1.882525e+02 7.000000e+00 6.352851e-02
1.882525e+02 8.000000e+00 4.119600e-02
1.882525e+02 9.000000e+00 3.108249e-02
1.882525e+02 1.000000e+01 2.674929e-02
1.882525e+02 1.100000e+01 2.453597e-02
1.882525e+02 1.200000e+01 2.322312e-02
1.882525e+02 1.300000e+01 2.217919e-02
1.882525e+02 1.400000e+01 2.137704e-02
1.882525e+02 1.500000e+01 1.986997e-02
1.882525e+02 1.600000e+01 1.843965e-02
1.882525e+02 1.700000e+01 1.631579e-02
1.882525e+02 1.800000e+01 1.470130e-02
1.882525e+02 1.900000e+01 1.284913e-02
1.882525e+02 2.000000e+01 1.256241e-02
1.912727e+02 0.000000e+00 1.512486e-01
1.912727e+02 1.000000e+00 1.426333e-01
1.912727e+02 2.000000e+00 1.340999e-01
1.912727e+02 3.000000e+00 1.254355e-01
1.912727e+02 4.000000e+00 1.173399e-01
1.912727e+02 5.000000e+00 1.079385e-01
1.912727e+02 6.000000e+00 8.762283e-02
1.912727e+02 7.000000e+00 6.325694e-02
1.912727e+02 8.000000e+00 4.087539e-02
1.912727e+02 9.000000e+00 3.079423e-02
1.912727e+02 1.000000e+01 2.647979e-02
1.912727e+02 1.100000e+01 2.427240e-02
1.912727e+02 1.200000e+01 2.295804e-02
1.912727e+02 1.300000e+01 2.191050e-02
1.912727e+02 1.400000e+01 2.110150e-02
1.912727e+02 1.500000e+01 1.959666e-02
1.912727e+02 1.600000e+01 1.816804e-02
1.912727e+02 1.700000e+01 1.605939e-02
1.912727e+02 1.800000e+01 1.445628e-02
1.912727e+02 1.900000e+01 1.262757e-02
1.912727e+02 2.000000e+01 1.234743e-02
1.942929e+02 0.000000e+00 1.527033e-01
1.942929e+02 1.000000e+00 1.437905e-01
1.942929e+02 2.000000e+00 1.349898e-01
1.942929e+02 3.000000e+00 1.261083e-01
1.942929e+02 4.000000e+00 1.178429e-01
1.942929e+02 5.000000e+00 1.082629e-01
1.942929e+02 6.000000e+00 8.756896e-02
1.942929e+02 7.000000e+00 6.296053e-02
1.942929e+02 8.000000e+00 4.054400e-02
1.942929e+02 9.000000e+00 3.049970e-02
1.942929e+02 1.000000e+01 2.620557e-02
1.942929e+02 1.100000e+01 2.400478e-02
1.942929e+02 1.200000e+01 2.268928e-02
1.942929e+02 1.300000e+01 2.163841e-02
1.942929e+02 1.400000e+01 2.082284e-02
1.942929e+02 1.500000e+01 1.932067e-02
1.942929e+02 1.600000e+01 1.789433e-02
1.942929e+02 1.700000e+01 1.580165e-02
1.942929e+02 1.800000e+01 1.421078e-02
1.942929e+02 1.900000e+01 1.240624e-02
1.942929e+02 2.000000e+01 1.213301e-02
1.973131e+02 0.000000e+00 1.540643e-01
1.973131e+02 1.000000e+00 1.448571e-01
1.973131e+02 2.000000e+00 1.357937e-01
1.973131e+02 3.000000e+00 1.267025e-01
1.973131e+02 4.000000e+00 1.182747e-01
1.973131e+02 5.000000e+00 1.085255e-01
1.973131e+02 6.000000e+00 8.747129e-02
1.973131e+02 7.000000e+00 6.264038e-02
1.973131e+02 8.000000e+00 4.020254e-02
1.973131e+02 9.000000e+00 3.019943e-02
1.973131e+02 1.000000e+01 2.592706e-02
1.973131e+02 1.100000e+01 2.373351e-02
1.973131e+02 1.200000e+01 2.241723e-02
1.973131e+02 1.300000e+01 2.136332e-02
1.973131e+02 1.400000e+01 2.054145e-02
1.973131e+02 1.500000e+01 1.904239e-02
1.973131e+02 1.600000e+01 1.761889e-02
1.973131e+02 1.700000e+01 1.554291e-02
1.973131e+02 1.800000e+01 1.396506e-02
1.973131e+02 1.900000e+01 1.218532e-02
1.973131e+02 2.000000e+01 1.191929e-02
2.003333e+02 0.000000e+00 1.553315e-01
2.003333e+02 1.000000e+00 1.458336e-01
2.003333e+02 2.000000e+00 1.365126e-01
2.003333e+02 3.000000e+00 1.272192e-01
2.003333e+02 4.000000e+00 1.186367e-01
2.003333e+02 5.000000e+00 1.087275e-01
2.003333e+02 6.000000e+00 8.733116e-02
2.003333e+02 7.000000e+00 6.229756e-02
2.003333e+02 8.000000e+00 3.985169e-02
2.003333e+02 9.000000e+00 2.989389e-02
2.003333e+02 1.000000e+01 2.564467e-02
2.003333e+02 1.100000e+01 2.345900e-02
2.003333e+02 1.200000e+01 2.214228e-02
2.003333e+02 1.300000e+01 2.108560e-02
2.003333e+02 1.400000e+01 2.025771e-02
2.003333e+02 1.500000e+01 1.876218e-02
2.003333e+02 1.600000e+01 1.734207e-02
2.003333e+02 1.700000e+01 1.528347e-02
2.003333e+02 1.800000e+01 1.371939e-02
2.003333e+02 1.900000e+01 1.196499e-02
2.003333e+02 2.000000e+01 1.170641e-02
2.033535e+02 0.000000e+00 1.565051e-01
2.033535e+02 1.000000e+00 1.467208e-01
2.033535e+02 2.000000e+00 1.371477e-01
2.033535e+02 3.000000e+00 1.276599e-01
2.033535e+02 4.000000e+00 1.189302e-01
2.033535e+02 5.000000e+00 1.088702e-01
2.033535e+02 6.000000e+00 8.714998e-02
2.033535e+02 7.000000e+00 6.193316e-02
2.033535e+02 8.000000e+00 3.949211e-02
2.033535e+02 9.000000e+00 2.958358e-02
2.033535e+02 1.000000e+01 2.535883e-02
2.033535e+02 1.100000e+01 2.318161e-02
2.033535e+02 1.200000e+01 2.186480e-02
2.033535e+02 1.300000e+01 2.080562e-02
2.033535e+02 1.400000e+01 1.997198e-02
2.033535e+02 1.500000e+01 1.848040e-02
2.033535e+02 1.600000e+01 1.706420e-02
2.033535e+02 1.700000e+01 1.502361e-02
2.033535e+02 1.800000e+01 1.347398e-02
2.033535e+02 1.900000e+01 1.174542e-02
2.033535e+02 2.000000e+01 1.149451e-02
2.063737e+02 0.000000e+00 1.575859e-01
2.063737e+02 1.000000e+00 1.475196e-01
2.063737e+02 2.000000e+00 1.377002e-01
2.063737e+02 3.000000e+00 1.280259e-01
2.063737e+02 4.000000e+00 1.191566e-01
2.063737e+02 5.000000e+00 1.089550e-01
2.063737e+02 6.000000e+00 8.692917e-02
2.063737e+02 7.000000e+00 6.154824e-02
2.063737e+02 8.000000e+00 3.912446e-02
2.063737e+02 9.000000e+00 2.926895e-02
2.063737e+02 1.000000e+01 2.506991e-02
2.063737e+02 1.100000e+01 2.290172e-02
2.063737e+02 1.200000e+01 2.158514e-02
2.063737e+02 1.300000e+01 2.052373e-02
2.063737e+02 1.400000e+01 1.968463e-02
2.063737e+02 1.500000e+01 1.819739e-02
2.063737e+02 1.600000e+01 1.678560e-02
2.063737e+02 1.700000e+01 1.476362e-02
2.063737e+02 1.800000e+01 1.322907e-02
2.063737e+02 1.900000e+01 1.152676e-02
2.063737e+02 2.000000e+01 1.128369e-02
2.093939e+02 0.000000e+00 1.585744e-01
2.093939e+02 1.000000e+00 1.482314e-01
2.093939e+02 2.000000e+00 1.381717e-01
2.093939e+02 3.000000e+00 1.283188e-01
2.093939e+02 4.000000e+00 1.193176e-01
2.093939e+02 5.000000e+00 1.089836e-01
2.093939e+02 6.000000e+00 8.667015e-02
2.093939e+02 7.000000e+00 6.114386e-02
2.093939e+02 8.000000e+00 3.874936e-02
2.093939e+02 9.000000e+00 2.895046e-02
2.093939e+02 1.000000e+01 2.477830e-02
2.093939e+02 1.100000e+01 2.261967e-02
2.093939e+02 1.200000e+01 2.130365e-02
2.093939e+02 1.300000e+01 2.024027e-02
2.093939e+02 1.400000e+01 1.939598e-02
2.093939e+02 1.500000e+01 1.791346e-02
2.093939e+02 1.600000e+01 1.650657e-02
2.093939e+02 1.700000e+01 1.450374e-02
2.093939e+02 1.800000e+01 1.298486e-02
2.093939e+02 1.900000e+01 1.130917e-02
2.093939e+02 2.000000e+01 1.107407e-02
2.124141e+02 0.000000e+00 1.594717e-01
2.124141e+02 1.000000e+00 1.488573e-01
2.124141e+02 2.000000e+00 1.385638e-01
2.124141e+02 3.000000e+00 1.285404e-01
2.124141e+02 4.000000e+00 1.194148e-01
2.124141e+02 5.000000e+00 1.089574e-01
2.124141e+02 6.000000e+00 8.637439e-02
2.124141e+02 7.000000e+00 6.072108e-02
2.124141e+02 8.000000e+00 3.836745e-02
2.124141e+02 9.000000e+00 2.862853e-02
2.124141e+02 1.000000e+01 2.448437e-02
2.124141e+02 1.100000e+01 2.233580e-02
2.124141e+02 1.200000e+01 2.102064e-02
2.124141e+02 1.300000e+01 1.995555e-02
2.124141e+02 1.400000e+01 1.910635e-02
2.124141e+02 1.500000e+01 1.762892e-02
2.124141e+02 1.600000e+01 1.622739e-02
2.124141e+02 1.700000e+01 1.424422e-02
2.124141e+02 1.800000e+01 1.274153e-02
2.124141e+02 1.900000e+01 1.109277e-02
2.124141e+02 2.000000e+01 1.086576e-02
2.154343e+02 0.000000e+00 1.602791e-01
2.154343e+02 1.000000e+00 1.493989e-01
2.154343e+02 2.000000e+00 1.388782e-01
2.154343e+02 3.000000e+00 1.286923e-01
2.154343e+02 4.000000e+00 1.194500e-01
2.154343e+02 5.000000e+00 1.088781e-01
2.154343e+02 6.000000e+00 8.604335e-02
2.154343e+02 7.000000e+00 6.028092e-02
2.154343e+02 8.000000e+00 3.797930e-02
2.154343e+02 9.000000e+00 2.830358e-02
2.154343e+02 1.000000e+01 2.418846e-02
2.154343e+02 1.100000e+01 2.205044e-02
2.154343e+02 1.200000e+01 2.073644e-02
2.154343e+02 1.300000e+01 1.966989e-02
2.154343e+02 1.400000e+01 1.881604e-02
2.154343e+02 1.500000e+01 1.734405e-02
2.154343e+02 1.600000e+01 1.594832e-02
2.154343e+02 1.700000e+01 1.398528e-02
2.154343e+02 1.800000e+01 1.249927e-02
2.154343e+02 1.900000e+01 1.087768e-02
2.154343e+02 2.000000e+01 1.065883e-02
2.184545e+02 0.000000e+00 1.609977e-01
2.184545e+02 1.000000e+00 1.498580e-01
2.184545e+02 2.000000e+00 1.391169e-01
2.184545e+02 3.000000e+00 1.287764e-01
2.184545e+02 4.000000e+00 1.194249e-01
2.184545e+02 5.000000e+00 1.087474e-01
2.184545e+02 6.000000e+00 8.567849e-02
2.184545e+02 7.000000e+00 5.982440e-02
2.184545e+02 8.000000e+00 3.758551e-02
2.184545e+02 9.000000e+00 2.797602e-02
2.184545e+02 1.000000e+01 2.389091e-02
2.184545e+02 1.100000e+01 2.176389e-02
2.184545e+02 1.200000e+01 2.045134e-02
2.184545e+02 1.300000e+01 1.938358e-02
2.184545e+02 1.400000e+01 1.852536e-02
2.184545e+02 1.500000e+01 1.705914e-02
2.184545e+02 1.600000e+01 1.566962e-02
2.184545e+02 1.700000e+01 1.372714e-02
2.184545e+02 1.800000e+01 1.225823e-02
2.184545e+02 1.900000e+01 1.066403e-02
2.184545e+02 2.000000e+01 1.045338e-02
2.214747e+02 0.000000e+00 1.616292e-01
2.214747e+02 1.000000e+00 1.502363e-01
2.214747e+02 2.000000e+00 1.392817e-01
2.214747e+02 3.000000e+00 1.287948e-01
2.214747e+02 4.000000e+00 1.193414e-01
2.214747e+02 5.000000e+00 1.085671e-01
2.214747e+02 6.000000e+00 8.528130e-02
2.214747e+02 7.000000e+00 5.935254e-02
2.214747e+02 8.000000e+00 3.718665e-02
2.214747e+02 9.000000e+00 2.764624e-02
2.214747e+02 1.000000e+01 2.359205e-02
2.214747e+02 1.100000e+01 2.147646e-02
2.214747e+02 1.200000e+01 2.016563e-02
2.214747e+02 1.300000e+01 1.909690e-02
2.214747e+02 1.400000e+01 1.823456e-02
2.214747e+02 1.500000e+01 1.677444e-02
2.214747e+02 1.600000e+01 1.539153e-02
2.214747e+02 1.700000e+01 1.346999e-02
2.214747e+02 1.800000e+01 1.201858e-02
2.214747e+02 1.900000e+01 1.045191e-02
2.214747e+02 2.000000e+01 1.024949e-02
2.244949e+02 0.000000e+00 1.621753e-01
2.244949e+02 1.000000e+00 1.505357e-01
2.244949e+02 2.000000e+00 1.393747e-01
2.244949e+02 3.000000e+00 1.287494e-01
2.244949e+02 4.000000e+00 1.192014e-01
2.244949e+02 5.000000e+00 1.083388e-01
2.244949e+02 6.000000e+00 8.485324e-02
2.244949e+02 7.000000e+00 5.886631e-02
2.244949e+02 8.000000e+00 3.678325e-02
2.244949e+02 9.000000e+00 2.731461e-02
2.244949e+02 1.000000e+01 2.329219e-02
2.244949e+02 1.100000e+01 2.118843e-02
2.244949e+02 1.200000e+01 1.987959e-02
2.244949e+02 1.300000e+01 1.881011e-02
2.244949e+02 1.400000e+01 1.794393e-02
2.244949e+02 1.500000e+01 1.649019e-02
2.244949e+02 1.600000e+01 1.511427e-02
2.244949e+02 1.700000e+01 1.321401e-02
2.244949e+02 1.800000e+01 1.178046e-02
2.244949e+02 1.900000e+01 1.024143e-02
2.244949e+02 2.000000e+01 1.004723e-02
2.275152e+02 0.000000e+00 1.626378e-01
2.275152e+02 1.000000e+00 1.507583e-01
2.275152e+02 2.000000e+00 1.393982e-01
2.275152e+02 3.000000e+00 1.286423e-01
2.275152e+02 4.000000e+00 1.190070e-01
2.275152e+02 5.000000e+00 1.080644e-01
2.275152e+02 6.000000e+00 8.439579e-02
2.275152e+02 7.000000e+00 5.836669e-02
2.275152e+02 8.000000e+00 3.637587e-02
2.275152e+02 9.000000e+00 2.698150e-02
2.275152e+02 1.000000e+01 2.299163e-02
2.275152e+02 1.100000e+01 2.090007e-02
2.275152e+02 1.200000e+01 1.959348e-02
2.275152e+02 1.300000e+01 1.852348e-02
2.275152e+02 1.400000e+01 1.765370e-02
2.275152e+02 1.500000e+01 1.620664e-02
2.275152e+02 1.600000e+01 1.483805e-02
2.275152e+02 1.700000e+01 1.295940e-02
2.275152e+02 1.800000e+01 1.154400e-02
2.275152e+02 1.900000e+01 1.003267e-02
2.275152e+02 2.000000e+01 9.846666e-03
2.305354e+02 0.000000e+00 1.630187e-01
2.305354e+02 1.000000e+00 1.509063e-01
2.305354e+02 2.000000e+00 1.393542e-01
2.305354e+02 3.000000e+00 1.284756e-01
2.305354e+02 4.000000e+00 1.187600e-01
2.305354e+02 5.000000e+00 1.077456e-01
2.305354e+02 6.000000e+00 8.391041e-02
2.305354e+02 7.000000e+00 5.785463e-02
2.305354e+02 8.000000e+00 3.596500e-02
2.305354e+02 9.000000e+00 2.664726e-02
2.305354e+02 1.000000e+01 2.269066e-02
2.305354e+02 1.100000e+01 2.061165e-02
2.305354e+02 1.200000e+01 1.930755e-02
2.305354e+02 1.300000e+01 1.823725e-02
2.305354e+02 1.400000e+01 1.736412e-02
2.305354e+02 1.500000e+01 1.592401e-02
2.305354e+02 1.600000e+01 1.456308e-02
2.305354e+02 1.700000e+01 1.270630e-02
2.305354e+02 1.800000e+01 1.130932e-02
2.305354e+02 1.900000e+01 9.825722e-03
2.305354e+02 2.000000e+01 9.647856e-03
2.335556e+02 0.000000e+00 1.633201e-01
2.335556e+02 1.000000e+00 1.509818e-01
2.335556e+02 2.000000e+00 1.392451e-01
2.335556e+02 3.000000e+00 1.282516e-01
2.335556e+02 4.000000e+00 1.184626e-01
2.335556e+02 5.000000e+00 1.073843e-01
2.335556e+02 6.000000e+00 8.339856e-02
2.335556e+02 7.000000e+00 5.733107e-02
2.335556e+02 8.000000e+00 3.555116e-02
2.335556e+02 9.000000e+00 2.631222e-02
2.335556e+02 1.000000e+01 2.238956e-02
2.335556e+02 1.100000e+01 2.032342e-02
2.335556e+02 1.200000e+01 1.902203e-02
2.335556e+02 1.300000e+01 1.795165e-02
2.335556e+02 1.400000e+01 1.707541e-02
2.335556e+02 1.500000e+01 1.564250e-02
2.335556e+02 1.600000e+01 1.428955e-02
2.335556e+02 1.700000e+01 1.245487e-02
2.335556e+02 1.800000e+01 1.107654e-02
2.335556e+02 1.900000e+01 9.620658e-03
2.335556e+02 2.000000e+01 9.450857e-03
2.365758e+02 0.000000e+00 1.635441e-01
2.365758e+02 1.000000e+00 1.509871e-01
2.365758e+02 2.000000e+00 1.390732e-01
2.365758e+02 3.000000e+00 1.279722e-01
2.365758e+02 4.000000e+00 1.181166e-01
2.365758e+02 5.000000e+00 1.069822e-01
2.365758e+02 6.000000e+00 8.286167e-02
2.365758e+02 7.000000e+00 5.679692e-02
2.365758e+02 8.000000e+00 3.513483e-02
2.365758e+02 9.000000e+00 2.597671e-02
2.365758e+02 1.000000e+01 2.208859e-02
2.365758e+02 1.100000e+01 2.003563e-02
2.365758e+02 1.200000e+01 1.873717e-02
2.365758e+02 1.300000e+01 1.766690e-02
2.365758e+02 1.400000e+01 1.678779e-02
2.365758e+02 1.500000e+01 1.536231e-02
2.365758e+02 1.600000e+01 1.401762e-02
2.365758e+02 1.700000e+01 1.220525e-02
2.365758e+02 1.800000e+01 1.084577e-02
2.365758e+02 1.900000e+01 9.417549e-03
2.365758e+02 2.000000e+01 9.255719e-03
2.395960e+02 0.000000e+00 1.636930e-01
2.395960e+02 1.000000e+00 1.509246e-01
2.395960e+02 2.000000e+00 1.388408e-01
2.395960e+02 3.000000e+00 1.276399e-01
2.395960e+02 4.000000e+00 1.177243e-01
2.395960e+02 5.000000e+00 1.065413e-01
2.395960e+02 6.000000e+00 8.230118e-02
2.395960e+02 7.000000e+00 5.625307e-02
2.395960e+02 8.000000e+00 3.471647e-02
2.395960e+02 9.000000e+00 2.564103e-02
2.395960e+02 1.000000e+01 2.178801e-02
2.395960e+02 1.100000e+01 1.974849e-02
2.395960e+02 1.200000e+01 1.845318e-02
2.395960e+02 1.300000e+01 1.738322e-02
2.395960e+02 1.400000e+01 1.650146e-02
2.395960e+02 1.500000e+01 1.508364e-02
2.395960e+02 1.600000e+01 1.374747e-02
2.395960e+02 1.700000e+01 1.195759e-02
2.395960e+02 1.800000e+01 1.061710e-02
2.395960e+02 1.900000e+01 9.216460e-03
2.395960e+02 2.000000e+01 9.062489e-03
2.426162e+02 0.000000e+00 1.637693e-01
2.426162e+02 1.000000e+00 1.507967e-01
2.426162e+02 2.000000e+00 1.385502e-01
2.426162e+02 3.000000e+00 1.272568e-01
2.426162e+02 4.000000e+00 1.172876e-01
2.426162e+02 5.000000e+00 1.060634e-01
2.426162e+02 6.000000e+00 8.171849e-02
2.426162e+02 7.000000e+00 5.570040e-02
2.426162e+02 8.000000e+00 3.429654e-02
2.426162e+02 9.000000e+00 2.530550e-02
2.426162e+02 1.000000e+01 2.148806e-02
2.426162e+02 1.100000e+01 1.946224e-02
2.426162e+02 1.200000e+01 1.817027e-02
2.426162e+02 1.300000e+01 1.710080e-02
2.426162e+02 1.400000e+01 1.621662e-02
2.426162e+02 1.500000e+01 1.480666e-02
2.426162e+02 1.600000e+01 1.347926e-02
2.426162e+02 1.700000e+01 1.171199e-02
2.426162e+02 1.800000e+01 1.039062e-02
2.426162e+02 1.900000e+01 9.017450e-03
2.426162e+02 2.000000e+01 8.871207e-03
2.456364e+02 0.000000e+00 1.637752e-01
2.456364e+02 1.000000e+00 1.506059e-01
2.456364e+02 2.000000e+00 1.382039e-01
2.456364e+02 3.000000e+00 1.268251e-01
2.456364e+02 4.000000e+00 1.168085e-01
2.456364e+02 5.000000e+00 1.055502e-01
2.456364e+02 6.000000e+00 8.111499e-02
2.456364e+02 7.000000e+00 5.513976e-02
2.456364e+02 8.000000e+00 3.387548e-02
2.456364e+02 9.000000e+00 2.497039e-02
2.456364e+02 1.000000e+01 2.118899e-02
2.456364e+02 1.100000e+01 1.917709e-02
2.456364e+02 1.200000e+01 1.788864e-02
2.456364e+02 1.300000e+01 1.681984e-02
2.456364e+02 1.400000e+01 1.593344e-02
2.456364e+02 1.500000e+01 1.453153e-02
2.456364e+02 1.600000e+01 1.321313e-02
2.456364e+02 1.700000e+01 1.146859e-02
2.456364e+02 1.800000e+01 1.016643e-02
2.456364e+02 1.900000e+01 8.820572e-03
2.456364e+02 2.000000e+01 8.681913e-03
2.486566e+02 0.000000e+00 1.637133e-01
2.486566e+02 1.000000e+00 1.503545e-01
2.486566e+02 2.000000e+00 1.378043e-01
2.486566e+02 3.000000e+00 1.263471e-01
2.486566e+02 4.000000e+00 1.162892e-01
2.486566e+02 5.000000e+00 1.050036e-01
2.486566e+02 6.000000e+00 8.049206e-02
2.486566e+02 7.000000e+00 5.457199e-02
2.486566e+02 8.000000e+00 3.345370e-02
2.486566e+02 9.000000e+00 2.463598e-02
2.486566e+02 1.000000e+01 2.089100e-02
2.486566e+02 1.100000e+01 1.889323e-02
2.486566e+02 1.200000e+01 1.760848e-02
2.486566e+02 1.300000e+01 1.654052e-02
2.486566e+02 1.400000e+01 1.565212e-02
2.486566e+02 1.500000e+01 1.425842e-02
2.486566e+02 1.600000e+01 1.294921e-02
2.486566e+02 1.700000e+01 1.122748e-02
2.486566e+02 1.800000e+01 9.944585e-03
2.486566e+02 1.900000e+01 8.625876e-03
2.486566e+02 2.000000e+01 8.494640e-03
2.516768e+02 0.000000e+00 1.635860e-01
2.516768e+02 1.000000e+00 1.500451e-01
2.516768e+02 2.000000e+00 1.373538e-01
2.516768e+02 3.000000e+00 1.258250e-01
2.516768e+02 4.000000e+00 1.157317e-01
2.516768e+02 5.000000e+00 1.044254e-01
2.516768e+02 6.000000e+00 7.985105e-02
2.516768e+02 7.000000e+00 5.399790e-02
2.516768e+02 8.000000e+00 3.303162e-02
2.516768e+02 9.000000e+00 2.430254e-02
2.516768e+02 1.000000e+01 2.059432e-02
2.516768e+02 1.100000e+01 1.861086e-02
2.516768e+02 1.200000e+01 1.732997e-02
2.516768e+02 1.300000e+01 1.626301e-02
2.516768e+02 1.400000e+01 1.537280e-02
2.516768e+02 1.500000e+01 1.398747e-02
2.516768e+02 1.600000e+01 1.268765e-02
2.516768e+02 1.700000e+01 1.098876e-02
2.516768e+02 1.800000e+01 9.725169e-03
2.516768e+02 1.900000e+01 8.433408e-03
2.516768e+02 2.000000e+01 8.309420e-03
2.546970e+02 0.000000e+00 1.633961e-01
2.546970e+02 1.000000e+00 1.496802e-01
2.546970e+02 2.000000e+00 1.368548e-01
2.546970e+02 3.000000e+00 1.252610e-01
2.546970e+02 4.000000e+00 1.151380e-01
2.546970e+02 5.000000e+00 1.038174e-01
2.546970e+02 6.000000e+00 7.919329e-02
2.546970e+02 7.000000e+00 5.341827e-02
2.546970e+02 8.000000e+00 3.260963e-02
2.546970e+02 9.000000e+00 2.397033e-02
2.546970e+02 1.000000e+01 2.029915e-02
2.546970e+02 1.100000e+01 1.833016e-02
2.546970e+02 1.200000e+01 1.705328e-02
2.546970e+02 1.300000e+01 1.598747e-02
2.546970e+02 1.400000e+01 1.509564e-02
2.546970e+02 1.500000e+01 1.371882e-02
2.546970e+02 1.600000e+01 1.242855e-02
2.546970e+02 1.700000e+01 1.075253e-02
2.546970e+02 1.800000e+01 9.508245e-03
2.546970e+02 1.900000e+01 8.243207e-03
2.546970e+02 2.000000e+01 8.126279e-03
2.577172e+02 0.000000e+00 1.631459e-01
2.577172e+02 1.000000e+00 1.492623e-01
2.577172e+02 2.000000e+00 1.363096e-01
2.577172e+02 3.000000e+00 1.246573e-01
2.577172e+02 4.000000e+00 1.145100e-01
2.577172e+02 5.000000e+00 1.031813e-01
2.577172e+02 6.000000e+00 7.852008e-02
2.577172e+02 7.000000e+00 5.283388e-02
2.577172e+02 8.000000e+00 3.218811e-02
2.577172e+02 9.000000e+00 2.363958e-02
2.577172e+02 1.000000e+01 2.000569e-02
2.577172e+02 1.100000e+01 1.805131e-02
2.577172e+02 1.200000e+01 1.677857e-02
2.577172e+02 1.300000e+01 1.571406e-02
2.577172e+02 1.400000e+01 1.482080e-02
2.577172e+02 1.500000e+01 1.345261e-02
2.577172e+02 1.600000e+01 1.217203e-02
2.577172e+02 1.700000e+01 1.051888e-02
2.577172e+02 1.800000e+01 9.293871e-03
2.577172e+02 1.900000e+01 8.055310e-03
2.577172e+02 2.000000e+01 7.945244e-03
2.607374e+02 0.000000e+00 1.628381e-01
2.607374e+02 1.000000e+00 1.487939e-01
2.607374e+02 2.000000e+00 1.357207e-01
2.607374e+02 3.000000e+00 1.240162e-01
2.607374e+02 4.000000e+00 1.138499e-01
2.607374e+02 5.000000e+00 1.025189e-01
2.607374e+02 6.000000e+00 7.783269e-02
2.607374e+02 7.000000e+00 5.224548e-02
2.607374e+02 8.000000e+00 3.176742e-02
2.607374e+02 9.000000e+00 2.331053e-02
2.607374e+02 1.000000e+01 1.971412e-02
2.607374e+02 1.100000e+01 1.777447e-02
2.607374e+02 1.200000e+01 1.650601e-02
2.607374e+02 1.300000e+01 1.544292e-02
2.607374e+02 1.400000e+01 1.454841e-02
2.607374e+02 1.500000e+01 1.318896e-02
2.607374e+02 1.600000e+01 1.191819e-02
2.607374e+02 1.700000e+01 1.028788e-02
2.607374e+02 1.800000e+01 9.082103e-03
2.607374e+02 1.900000e+01 7.869750e-03
2.607374e+02 2.000000e+01 7.766336e-03
2.637576e+02 0.000000e+00 1.624754e-01
2.637576e+02 1.000000e+00 1.482775e-01
2.637576e+02 2.000000e+00 1.350905e-01
2.637576e+02 3.000000e+00 1.233397e-01
2.637576e+02 4.000000e+00 1.131596e-01
2.637576e+02 5.000000e+00 1.018319e-01
2.637576e+02 6.000000e+00 7.713238e-02
2.637576e+02 7.000000e+00 5.165378e-02
2.637576e+02 8.000000e+00 3.134791e-02
2.637576e+02 9.000000e+00 2.298340e-02
2.637576e+02 1.000000e+01 1.942462e-02
2.637576e+02 1.100000e+01 1.749980e-02
2.637576e+02 1.200000e+01 1.623573e-02
2.637576e+02 1.300000e+01 1.517420e-02
2.637576e+02 1.400000e+01 1.427860e-02
2.637576e+02 1.500000e+01 1.292798e-02
2.637576e+02 1.600000e+01 1.166714e-02
2.637576e+02 1.700000e+01 1.005960e-02
2.637576e+02 1.800000e+01 8.872989e-03
2.637576e+02 1.900000e+01 7.686557e-03
2.637576e+02 2.000000e+01 7.589575e-03
2.667778e+02 0.000000e+00 1.620602e-01
2.667778e+02 1.000000e+00 1.477157e-01
2.667778e+02 2.000000e+00 1.344213e-01
2.667778e+02 3.000000e+00 1.226301e-01
2.667778e+02 4.000000e+00 1.124410e-01
2.667778e+02 5.000000e+00 1.011221e-01
2.667778e+02 6.000000e+00 7.642039e-02
2.667778e+02 7.000000e+00 5.105951e-02
2.667778e+02 8.000000e+00 3.092992e-02
2.667778e+02 9.000000e+00 2.265842e-02
2.667778e+02 1.000000e+01 1.913737e-02
2.667778e+02 1.100000e+01 1.722746e-02
2.667778e+02 1.200000e+01 1.596789e-02
2.667778e+02 1.300000e+01 1.490803e-02
2.667778e+02 1.400000e+01 1.401149e-02
2.667778e+02 1.500000e+01 1.266979e-02
2.667778e+02 1.600000e+01 1.141896e-02
2.667778e+02 1.700000e+01 9.834122e-03
2.667778e+02 1.800000e+01 8.666575e-03
2.667778e+02 1.900000e+01 7.505757e-03
2.667778e+02 2.000000e+01 7.414979e-03
2.697980e+02 0.000000e+00 1.615953e-01
2.697980e+02 1.000000e+00 1.471108e-01
2.697980e+02 2.000000e+00 1.337154e-01
2.697980e+02 3.000000e+00 1.218895e-01
2.697980e+02 4.000000e+00 1.116961e-01
2.697980e+02 5.000000e+00 1.003911e-01
2.697980e+02 6.000000e+00 7.569789e-02
2.697980e+02 7.000000e+00 5.046333e-02
2.697980e+02 8.000000e+00 3.051378e-02
2.697980e+02 9.000000e+00 2.233577e-02
2.697980e+02 1.000000e+01 1.885253e-02
2.697980e+02 1.100000e+01 1.695757e-02
2.697980e+02 1.200000e+01 1.570260e-02
2.697980e+02 1.300000e+01 1.464452e-02
2.697980e+02 1.400000e+01 1.374720e-02
2.697980e+02 1.500000e+01 1.241448e-02
2.697980e+02 1.600000e+01 1.117374e-02
2.697980e+02 1.700000e+01 9.611496e-03
2.697980e+02 1.800000e+01 8.462901e-03
2.697980e+02 1.900000e+01 7.327374e-03
2.697980e+02 2.000000e+01 7.242563e-03
2.728182e+02 0.000000e+00 1.610832e-01
2.728182e+02 1.000000e+00 1.464654e-01
2.728182e+02 2.000000e+00 1.329752e-01
2.728182e+02 3.000000e+00 1.211200e-01
2.728182e+02 4.000000e+00 1.109267e-01
2.728182e+02 5.000000e+00 9.964045e-02
2.728182e+02 6.000000e+00 7.496608e-02
2.728182e+02 7.000000e+00 4.986591e-02
2.728182e+02 8.000000e+00 3.009979e-02
2.728182e+02 9.000000e+00 2.201566e-02
2.728182e+02 1.000000e+01 1.857024e-02
2.728182e+02 1.100000e+01 1.669029e-02
2.728182e+02 1.200000e+01 1.544000e-02
2.728182e+02 1.300000e+01 1.438380e-02
2.728182e+02 1.400000e+01 1.348584e-02
2.728182e+02 1.500000e+01 1.216215e-02
2.728182e+02 1.600000e+01 1.093155e-02
2.728182e+02 1.700000e+01 9.391781e-03
2.728182e+02 1.800000e+01 8.262004e-03
2.728182e+02 1.900000e+01 7.151428e-03
2.728182e+02 2.000000e+01 7.072341e-03
2.758384e+02 0.000000e+00 1.605265e-01
2.758384e+02 1.000000e+00 1.457819e-01
2.758384e+02 2.000000e+00 1.322028e-01
2.758384e+02 3.000000e+00 1.203235e-01
2.758384e+02 4.000000e+00 1.101347e-01
2.758384e+02 5.000000e+00 9.887190e-02
2.758384e+02 6.000000e+00 7.422608e-02
2.758384e+02 7.000000e+00 4.926790e-02
2.758384e+02 8.000000e+00 2.968826e-02
2.758384e+02 9.000000e+00 2.169827e-02
2.758384e+02 1.000000e+01 1.829066e-02
2.758384e+02 1.100000e+01 1.642574e-02
2.758384e+02 1.200000e+01 1.518020e-02
2.758384e+02 1.300000e+01 1.412598e-02
2.758384e+02 1.400000e+01 1.322750e-02
2.758384e+02 1.500000e+01 1.191288e-02
2.758384e+02 1.600000e+01 1.069247e-02
2.758384e+02 1.700000e+01 9.175029e-03
2.758384e+02 1.800000e+01 8.063916e-03
2.758384e+02 1.900000e+01 6.977938e-03
2.758384e+02 2.000000e+01 6.904323e-03
2.788586e+02 0.000000e+00 1.599278e-01
2.788586e+02 1.000000e+00 1.450628e-01
2.788586e+02 2.000000e+00 1.314006e-01
2.788586e+02 3.000000e+00 1.195022e-01
2.788586e+02 4.000000e+00 1.093219e-01
2.788586e+02 5.000000e+00 9.808699e-02
2.788586e+02 6.000000e+00 7.347902e-02
2.788586e+02 7.000000e+00 4.866992e-02
2.788586e+02 8.000000e+00 2.927947e-02
2.788586e+02 9.000000e+00 2.138378e-02
2.788586e+02 1.000000e+01 1.801393e-02
2.788586e+02 1.100000e+01 1.616404e-02
2.788586e+02 1.200000e+01 1.492333e-02
2.788586e+02 1.300000e+01 1.387116e-02
2.788586e+02 1.400000e+01 1.297230e-02
2.788586e+02 1.500000e+01 1.166677e-02
2.788586e+02 1.600000e+01 1.045656e-02
2.788586e+02 1.700000e+01 8.961287e-03
2.788586e+02 1.800000e+01 7.868666e-03
2.788586e+02 1.900000e+01 6.806919e-03
2.788586e+02 2.000000e+01 6.738521e-03
2.818788e+02 0.000000e+00 1.592896e-01
2.818788e+02 1.000000e+00 1.443103e-01
2.818788e+02 2.000000e+00 1.305707e-01
2.818788e+02 3.000000e+00 1.186580e-01
2.818788e+02 4.000000e+00 1.084901e-01
2.818788e+02 5.000000e+00 9.728727e-02
2.818788e+02 6.000000e+00 7.272598e-02
2.818788e+02 7.000000e+00 4.807256e-02
2.818788e+02 8.000000e+00 2.887369e-02
2.818788e+02 9.000000e+00 2.107237e-02
2.818788e+02 1.000000e+01 1.774017e-02
2.818788e+02 1.100000e+01 1.590531e-02
2.818788e+02 1.200000e+01 1.466947e-02
2.818788e+02 1.300000e+01 1.361944e-02
2.818788e+02 1.400000e+01 1.272031e-02
2.818788e+02 1.500000e+01 1.142388e-02
2.818788e+02 1.600000e+01 1.022389e-02
2.818788e+02 1.700000e+01 8.750597e-03
2.818788e+02 1.800000e+01 7.676281e-03
2.818788e+02 1.900000e+01 6.638384e-03
2.818788e+02 2.000000e+01 6.574943e-03
2.848990e+02 0.000000e+00 1.586144e-01
2.848990e+02 1.000000e+00 1.435269e-01
2.848990e+02 2.000000e+00 1.297154e-01
2.848990e+02 3.000000e+00 1.177929e-01
2.848990e+02 4.000000e+00 1.076410e-01
2.848990e+02 5.000000e+00 9.647428e-02
2.848990e+02 6.000000e+00 7.196802e-02
2.848990e+02 7.000000e+00 4.747641e-02
2.848990e+02 8.000000e+00 2.847120e-02
2.848990e+02 9.000000e+00 2.076418e-02
2.848990e+02 1.000000e+01 1.746952e-02
2.848990e+02 1.100000e+01 1.564966e-02
2.848990e+02 1.200000e+01 1.441874e-02
2.848990e+02 1.300000e+01 1.337091e-02
2.848990e+02 1.400000e+01 1.247161e-02
2.848990e+02 1.500000e+01 1.118429e-02
2.848990e+02 1.600000e+01 9.994510e-03
2.848990e+02 1.700000e+01 8.542999e-03
2.848990e+02 1.800000e+01 7.486783e-03
2.848990e+02 1.900000e+01 6.472346e-03
2.848990e+02 2.000000e+01 6.413595e-03
2.879192e+02 0.000000e+00 1.579047e-01
2.879192e+02 1.000000e+00 1.427148e-01
2.879192e+02 2.000000e+00 1.288367e-01
2.879192e+02 3.000000e+00 1.169088e-01
2.879192e+02 4.000000e+00 1.067765e-01
2.879192e+02 5.000000e+00 9.564948e-02
2.879192e+02 6.000000e+00 7.120617e-02
2.879192e+02 7.000000e+00 4.688203e-02
2.879192e+02 8.000000e+00 2.807223e-02
2.879192e+02 9.000000e+00 2.045938e-02
2.879192e+02 1.000000e+01 1.720209e-02
2.879192e+02 1.100000e+01 1.539718e-02
2.879192e+02 1.200000e+01 1.417122e-02
2.879192e+02 1.300000e+01 1.312565e-02
2.879192e+02 1.400000e+01 1.222630e-02
2.879192e+02 1.500000e+01 1.094806e-02
2.879192e+02 1.600000e+01 9.768470e-03
2.879192e+02 1.700000e+01 8.338526e-03
2.879192e+02 1.800000e+01 7.300192e-03
2.879192e+02 1.900000e+01 6.308812e-03
2.879192e+02 2.000000e+01 6.254484e-03
2.909394e+02 0.000000e+00 1.571630e-01
2.909394e+02 1.000000e+00 1.418764e-01
2.909394e+02 2.000000e+00 1.279367e-01
2.909394e+02 3.000000e+00 1.160076e-01
2.909394e+02 4.000000e+00 1.058980e-01
2.909394e+02 5.000000e+00 9.481435e-02
2.909394e+02 6.000000e+00 7.044142e-02
2.909394e+02 7.000000e+00 4.628996e-02
2.909394e+02 8.000000e+00 2.767704e-02
2.909394e+02 9.000000e+00 2.015811e-02
2.909394e+02 1.000000e+01 1.693801e-02
2.909394e+02 1.100000e+01 1.514798e-02
2.909394e+02 1.200000e+01 1.392701e-02
2.909394e+02 1.300000e+01 1.288375e-02
2.909394e+02 1.400000e+01 1.198443e-02
2.909394e+02 1.500000e+01 1.071526e-02
2.909394e+02 1.600000e+01 9.545819e-03
2.909394e+02 1.700000e+01 8.137208e-03
2.909394e+02 1.800000e+01 7.116524e-03
2.909394e+02 1.900000e+01 6.147790e-03
2.909394e+02 2.000000e+01 6.097613e-03
2.939596e+02 0.000000e+00 1.563917e-01
2.939596e+02 1.000000e+00 1.410139e-01
2.939596e+02 2.000000e+00 1.270175e-01
2.939596e+02 3.000000e+00 1.150911e-01
2.939596e+02 4.000000e+00 1.050074e-01
2.939596e+02 5.000000e+00 9.397029e-02
2.939596e+02 6.000000e+00 6.967476e-02
2.939596e+02 7.000000e+00 4.570072e-02
2.939596e+02 8.000000e+00 2.728584e-02
2.939596e+02 9.000000e+00 1.986052e-02
2.939596e+02 1.000000e+01 1.667736e-02
2.939596e+02 1.100000e+01 1.490215e-02
2.939596e+02 1.200000e+01 1.368618e-02
2.939596e+02 1.300000e+01 1.264529e-02
2.939596e+02 1.400000e+01 1.174608e-02
2.939596e+02 1.500000e+01 1.048593e-02
2.939596e+02 1.600000e+01 9.326599e-03
2.939596e+02 1.700000e+01 7.939075e-03
2.939596e+02 1.800000e+01 6.935795e-03
2.939596e+02 1.900000e+01 5.989287e-03
2.939596e+02 2.000000e+01 5.942987e-03
2.969798e+02 0.000000e+00 1.555931e-01
2.969798e+02 1.000000e+00 1.401294e-01
2.969798e+02 2.000000e+00 1.260810e-01
2.969798e+02 3.000000e+00 1.141611e-01
2.969798e+02 4.000000e+00 1.041062e-01
2.969798e+02 5.000000e+00 9.311869e-02
2.969798e+02 6.000000e+00 6.890711e-02
2.969798e+02 7.000000e+00 4.511482e-02
2.969798e+02 8.000000e+00 2.689887e-02
2.969798e+02 9.000000e+00 1.956672e-02
2.969798e+02 1.000000e+01 1.642026e-02
2.969798e+02 1.100000e+01 1.465978e-02
2.969798e+02 1.200000e+01 1.344882e-02
2.969798e+02 1.300000e+01 1.241032e-02
2.969798e+02 1.400000e+01 1.151130e-02
2.969798e+02 1.500000e+01 1.026014e-02
2.969798e+02 1.600000e+01 9.110848e-03
2.969798e+02 1.700000e+01 7.744148e-03
2.969798e+02 1.800000e+01 6.758016e-03
2.969798e+02 1.900000e+01 5.833306e-03
2.969798e+02 2.000000e+01 5.790608e-03
3.000000e+02 0.000000e+00 1.547697e-01
3.000000e+02 1.000000e+00 1.392252e-01
3.000000e+02 2.000000e+00 1.251293e-01
3.000000e+02 3.000000e+00 1.132193e-01
3.000000e+02 4.000000e+00 1.031960e-01
3.000000e+02 5.000000e+00 9.226089e-02
3.000000e+02 6.000000e+00 6.813940e-02
3.000000e+02 7.000000e+00 4.453273e-02
3.000000e+02 8.000000e+00 2.651633e-02
3.000000e+02 9.000000e+00 1.927685e-02
3.000000e+02 1.000000e+01 1.616680e-02
3.000000e+02 1.100000e+01 1.442094e-02
3.000000e+02 1.200000e+01 1.321499e-02
3.000000e+02 1.300000e+01 1.217892e-02
3.000000e+02 1.400000e+01 1.128016e-02
3.000000e+02 1.500000e+01 1.003792e-02
3.000000e+02 1.600000e+01 8.898600e-03
3.000000e+02 1.700000e+01 7.552450e-03
3.000000e+02 1.800000e+01 6.583196e-03
3.000000e+02 1.900000e+01 5.679850e-03
3.000000e+02 2.000000e+01 5.640478e-03
