# Ea rad s(Ea,rad)
1.000000e+00 0.000000e+00 6.333828e-02
1.000000e+00 1.000000e+00 6.434313e-02
1.000000e+00 2.000000e+00 6.623891e-02
1.000000e+00 3.000000e+00 7.263071e-02
1.000000e+00 4.000000e+00 8.062115e-02
1.000000e+00 5.000000e+00 9.403428e-02
1.000000e+00 6.000000e+00 1.252901e-01
1.000000e+00 7.000000e+00 1.658836e-01
1.000000e+00 8.000000e+00 1.830283e-01
1.000000e+00 9.000000e+00 1.764373e-01
1.000000e+00 1.000000e+01 1.692256e-01
1.000000e+00 1.100000e+01 1.645455e-01
1.000000e+00 1.200000e+01 1.618015e-01
1.000000e+00 1.300000e+01 1.601232e-01
1.000000e+00 1.400000e+01 1.584750e-01
1.000000e+00 1.500000e+01 1.562858e-01
1.000000e+00 1.600000e+01 1.520205e-01
1.000000e+00 1.700000e+01 1.444363e-01
1.000000e+00 1.800000e+01 1.343968e-01
1.000000e+00 1.900000e+01 1.274623e-01
1.000000e+00 2.000000e+01 1.256521e-01
4.020202e+00 0.000000e+00 6.796626e-02
4.020202e+00 1.000000e+00 6.933386e-02
4.020202e+00 2.000000e+00 7.169690e-02
4.020202e+00 3.000000e+00 7.875328e-02
4.020202e+00 4.000000e+00 8.736618e-02
4.020202e+00 5.000000e+00 1.015105e-01
4.020202e+00 6.000000e+00 1.335593e-01
4.020202e+00 7.000000e+00 1.747178e-01
4.020202e+00 8.000000e+00 1.912954e-01
4.020202e+00 9.000000e+00 1.838091e-01
4.020202e+00 1.000000e+01 1.762403e-01
4.020202e+00 1.100000e+01 1.716074e-01
4.020202e+00 1.200000e+01 1.692122e-01
4.020202e+00 1.300000e+01 1.681117e-01
4.020202e+00 1.400000e+01 1.673057e-01
4.020202e+00 1.500000e+01 1.662498e-01
4.020202e+00 1.600000e+01 1.635530e-01
4.020202e+00 1.700000e+01 1.579602e-01
4.020202e+00 1.800000e+01 1.507478e-01
4.020202e+00 1.900000e+01 1.479395e-01
4.020202e+00 2.000000e+01 1.518189e-01
7.040404e+00 0.000000e+00 7.435502e-02
7.040404e+00 1.000000e+00 7.558635e-02
7.040404e+00 2.000000e+00 7.792410e-02
7.040404e+00 3.000000e+00 8.520023e-02
7.040404e+00 4.000000e+00 9.414536e-02
7.040404e+00 5.000000e+00 1.088572e-01
7.040404e+00 6.000000e+00 1.422044e-01
7.040404e+00 7.000000e+00 1.839022e-01
7.040404e+00 8.000000e+00 1.995797e-01
7.040404e+00 9.000000e+00 1.910639e-01
7.040404e+00 1.000000e+01 1.830711e-01
7.040404e+00 1.100000e+01 1.784392e-01
7.040404e+00 1.200000e+01 1.763476e-01
7.040404e+00 1.300000e+01 1.757682e-01
7.040404e+00 1.400000e+01 1.757410e-01
7.040404e+00 1.500000e+01 1.757081e-01
7.040404e+00 1.600000e+01 1.744668e-01
7.040404e+00 1.700000e+01 1.707432e-01
7.040404e+00 1.800000e+01 1.662808e-01
7.040404e+00 1.900000e+01 1.673049e-01
7.040404e+00 2.000000e+01 1.759802e-01
1.006061e+01 0.000000e+00 8.058892e-02
1.006061e+01 1.000000e+00 8.193347e-02
1.006061e+01 2.000000e+00 8.450234e-02
1.006061e+01 3.000000e+00 9.222380e-02
1.006061e+01 4.000000e+00 1.016305e-01
1.006061e+01 5.000000e+00 1.169511e-01
1.006061e+01 6.000000e+00 1.512797e-01
1.006061e+01 7.000000e+00 1.934126e-01
1.006061e+01 8.000000e+00 2.079741e-01
1.006061e+01 9.000000e+00 1.982808e-01
1.006061e+01 1.000000e+01 1.897953e-01
1.006061e+01 1.100000e+01 1.851186e-01
1.006061e+01 1.200000e+01 1.832865e-01
1.006061e+01 1.300000e+01 1.831734e-01
1.006061e+01 1.400000e+01 1.838620e-01
1.006061e+01 1.500000e+01 1.847440e-01
1.006061e+01 1.600000e+01 1.848389e-01
1.006061e+01 1.700000e+01 1.828412e-01
1.006061e+01 1.800000e+01 1.809861e-01
1.006061e+01 1.900000e+01 1.854296e-01
1.006061e+01 2.000000e+01 1.978825e-01
1.308081e+01 0.000000e+00 8.742835e-02
1.308081e+01 1.000000e+00 8.894464e-02
1.308081e+01 2.000000e+00 9.174646e-02
1.308081e+01 3.000000e+00 9.988106e-02
1.308081e+01 4.000000e+00 1.096910e-01
1.308081e+01 5.000000e+00 1.255315e-01
1.308081e+01 6.000000e+00 1.607658e-01
1.308081e+01 7.000000e+00 2.032532e-01
1.308081e+01 8.000000e+00 2.164435e-01
1.308081e+01 9.000000e+00 2.054415e-01
1.308081e+01 1.000000e+01 1.964027e-01
1.308081e+01 1.100000e+01 1.916398e-01
1.308081e+01 1.200000e+01 1.900265e-01
1.308081e+01 1.300000e+01 1.903293e-01
1.308081e+01 1.400000e+01 1.916741e-01
1.308081e+01 1.500000e+01 1.933717e-01
1.308081e+01 1.600000e+01 1.946875e-01
1.308081e+01 1.700000e+01 1.942689e-01
1.308081e+01 1.800000e+01 1.948438e-01
1.308081e+01 1.900000e+01 2.022424e-01
1.308081e+01 2.000000e+01 2.174759e-01
1.610101e+01 0.000000e+00 9.487979e-02
1.610101e+01 1.000000e+00 9.651640e-02
1.610101e+01 2.000000e+00 9.951423e-02
1.610101e+01 3.000000e+00 1.080325e-01
1.610101e+01 4.000000e+00 1.182267e-01
1.610101e+01 5.000000e+00 1.345690e-01
1.610101e+01 6.000000e+00 1.707116e-01
1.610101e+01 7.000000e+00 2.133726e-01
1.610101e+01 8.000000e+00 2.249520e-01
1.610101e+01 9.000000e+00 2.125199e-01
1.610101e+01 1.000000e+01 2.028742e-01
1.610101e+01 1.100000e+01 1.979883e-01
1.610101e+01 1.200000e+01 1.965566e-01
1.610101e+01 1.300000e+01 1.972289e-01
1.610101e+01 1.400000e+01 1.991742e-01
1.610101e+01 1.500000e+01 2.015968e-01
1.610101e+01 1.600000e+01 2.040237e-01
1.610101e+01 1.700000e+01 2.050389e-01
1.610101e+01 1.800000e+01 2.078451e-01
1.610101e+01 1.900000e+01 2.177149e-01
1.610101e+01 2.000000e+01 2.348162e-01
1.912121e+01 0.000000e+00 1.028213e-01
1.912121e+01 1.000000e+00 1.045626e-01
1.912121e+01 2.000000e+00 1.077672e-01
1.912121e+01 3.000000e+00 1.166824e-01
1.912121e+01 4.000000e+00 1.272664e-01
1.912121e+01 5.000000e+00 1.441038e-01
1.912121e+01 6.000000e+00 1.810936e-01
1.912121e+01 7.000000e+00 2.237322e-01
1.912121e+01 8.000000e+00 2.334627e-01
1.912121e+01 9.000000e+00 2.194893e-01
1.912121e+01 1.000000e+01 2.091900e-01
1.912121e+01 1.100000e+01 2.041483e-01
1.912121e+01 1.200000e+01 2.028642e-01
1.912121e+01 1.300000e+01 2.038636e-01
1.912121e+01 1.400000e+01 2.063575e-01
1.912121e+01 1.500000e+01 2.094226e-01
1.912121e+01 1.600000e+01 2.128566e-01
1.912121e+01 1.700000e+01 2.151633e-01
1.912121e+01 1.800000e+01 2.199879e-01
1.912121e+01 1.900000e+01 2.318465e-01
1.912121e+01 2.000000e+01 2.500147e-01
2.214141e+01 0.000000e+00 1.112223e-01
2.214141e+01 1.000000e+00 1.130974e-01
2.214141e+01 2.000000e+00 1.165432e-01
2.214141e+01 3.000000e+00 1.258716e-01
2.214141e+01 4.000000e+00 1.368415e-01
2.214141e+01 5.000000e+00 1.541484e-01
2.214141e+01 6.000000e+00 1.918749e-01
2.214141e+01 7.000000e+00 2.342991e-01
2.214141e+01 8.000000e+00 2.419403e-01
2.214141e+01 9.000000e+00 2.263251e-01
2.214141e+01 1.000000e+01 2.153317e-01
2.214141e+01 1.100000e+01 2.101055e-01
2.214141e+01 1.200000e+01 2.089382e-01
2.214141e+01 1.300000e+01 2.102258e-01
2.214141e+01 1.400000e+01 2.132193e-01
2.214141e+01 1.500000e+01 2.168515e-01
2.214141e+01 1.600000e+01 2.211942e-01
2.214141e+01 1.700000e+01 2.246535e-01
2.214141e+01 1.800000e+01 2.312756e-01
2.214141e+01 1.900000e+01 2.446569e-01
2.214141e+01 2.000000e+01 2.632118e-01
2.516162e+01 0.000000e+00 1.201196e-01
2.516162e+01 1.000000e+00 1.221679e-01
2.516162e+01 2.000000e+00 1.258808e-01
2.516162e+01 3.000000e+00 1.356232e-01
2.516162e+01 4.000000e+00 1.469604e-01
2.516162e+01 5.000000e+00 1.646919e-01
2.516162e+01 6.000000e+00 2.030281e-01
2.516162e+01 7.000000e+00 2.450404e-01
2.516162e+01 8.000000e+00 2.503524e-01
2.516162e+01 9.000000e+00 2.330053e-01
2.516162e+01 1.000000e+01 2.212837e-01
2.516162e+01 1.100000e+01 2.158477e-01
2.516162e+01 1.200000e+01 2.147690e-01
2.516162e+01 1.300000e+01 2.163087e-01
2.516162e+01 1.400000e+01 2.197560e-01
2.516162e+01 1.500000e+01 2.238859e-01
2.516162e+01 1.600000e+01 2.290434e-01
2.516162e+01 1.700000e+01 2.335207e-01
2.516162e+01 1.800000e+01 2.417163e-01
2.516162e+01 1.900000e+01 2.561812e-01
2.516162e+01 2.000000e+01 2.745612e-01
2.818182e+01 0.000000e+00 1.295615e-01
2.818182e+01 1.000000e+00 1.318092e-01
2.818182e+01 2.000000e+00 1.357999e-01
2.818182e+01 3.000000e+00 1.459434e-01
2.818182e+01 4.000000e+00 1.576181e-01
2.818182e+01 5.000000e+00 1.757170e-01
2.818182e+01 6.000000e+00 2.145343e-01
2.818182e+01 7.000000e+00 2.559228e-01
2.818182e+01 8.000000e+00 2.586701e-01
2.818182e+01 9.000000e+00 2.395111e-01
2.818182e+01 1.000000e+01 2.270325e-01
2.818182e+01 1.100000e+01 2.213647e-01
2.818182e+01 1.200000e+01 2.203485e-01
2.818182e+01 1.300000e+01 2.221071e-01
2.818182e+01 1.400000e+01 2.259645e-01
2.818182e+01 1.500000e+01 2.305282e-01
2.818182e+01 1.600000e+01 2.364112e-01
2.818182e+01 1.700000e+01 2.417760e-01
2.818182e+01 1.800000e+01 2.513227e-01
2.818182e+01 1.900000e+01 2.664663e-01
2.818182e+01 2.000000e+01 2.842198e-01
3.120202e+01 0.000000e+00 1.395802e-01
3.120202e+01 1.000000e+00 1.420382e-01
3.120202e+01 2.000000e+00 1.463077e-01
3.120202e+01 3.000000e+00 1.568308e-01
3.120202e+01 4.000000e+00 1.688060e-01
3.120202e+01 5.000000e+00 1.872082e-01
3.120202e+01 6.000000e+00 2.263767e-01
3.120202e+01 7.000000e+00 2.669137e-01
3.120202e+01 8.000000e+00 2.668674e-01
3.120202e+01 9.000000e+00 2.458262e-01
3.120202e+01 1.000000e+01 2.325669e-01
3.120202e+01 1.100000e+01 2.266481e-01
3.120202e+01 1.200000e+01 2.256706e-01
3.120202e+01 1.300000e+01 2.276171e-01
3.120202e+01 1.400000e+01 2.318433e-01
3.120202e+01 1.500000e+01 2.367813e-01
3.120202e+01 1.600000e+01 2.433046e-01
3.120202e+01 1.700000e+01 2.494317e-01
3.120202e+01 1.800000e+01 2.601119e-01
3.120202e+01 1.900000e+01 2.755676e-01
3.120202e+01 2.000000e+01 2.923418e-01
3.422222e+01 0.000000e+00 1.501911e-01
3.422222e+01 1.000000e+00 1.528619e-01
3.422222e+01 2.000000e+00 1.574072e-01
3.422222e+01 3.000000e+00 1.682827e-01
3.422222e+01 4.000000e+00 1.805158e-01
3.422222e+01 5.000000e+00 1.991535e-01
3.422222e+01 6.000000e+00 2.385376e-01
3.422222e+01 7.000000e+00 2.779821e-01
3.422222e+01 8.000000e+00 2.749213e-01
3.422222e+01 9.000000e+00 2.519370e-01
3.422222e+01 1.000000e+01 2.378780e-01
3.422222e+01 1.100000e+01 2.316916e-01
3.422222e+01 1.200000e+01 2.307308e-01
3.422222e+01 1.300000e+01 2.328363e-01
3.422222e+01 1.400000e+01 2.373918e-01
3.422222e+01 1.500000e+01 2.426489e-01
3.422222e+01 1.600000e+01 2.497313e-01
3.422222e+01 1.700000e+01 2.565006e-01
3.422222e+01 1.800000e+01 2.681047e-01
3.422222e+01 1.900000e+01 2.835468e-01
3.422222e+01 2.000000e+01 2.990744e-01
3.724242e+01 0.000000e+00 1.614009e-01
3.724242e+01 1.000000e+00 1.642844e-01
3.724242e+01 2.000000e+00 1.691008e-01
3.724242e+01 3.000000e+00 1.802961e-01
3.724242e+01 4.000000e+00 1.927403e-01
3.724242e+01 5.000000e+00 2.115428e-01
3.724242e+01 6.000000e+00 2.509971e-01
3.724242e+01 7.000000e+00 2.890988e-01
3.724242e+01 8.000000e+00 2.828114e-01
3.724242e+01 9.000000e+00 2.578319e-01
3.724242e+01 1.000000e+01 2.429585e-01
3.724242e+01 1.100000e+01 2.364902e-01
3.724242e+01 1.200000e+01 2.355260e-01
3.724242e+01 1.300000e+01 2.377633e-01
3.724242e+01 1.400000e+01 2.426106e-01
3.724242e+01 1.500000e+01 2.481352e-01
3.724242e+01 1.600000e+01 2.556995e-01
3.724242e+01 1.700000e+01 2.629966e-01
3.724242e+01 1.800000e+01 2.753253e-01
3.724242e+01 1.900000e+01 2.904692e-01
3.724242e+01 2.000000e+01 3.045561e-01
4.026263e+01 0.000000e+00 1.732143e-01
4.026263e+01 1.000000e+00 1.763106e-01
4.026263e+01 2.000000e+00 1.813909e-01
4.026263e+01 3.000000e+00 1.928684e-01
4.026263e+01 4.000000e+00 2.054729e-01
4.026263e+01 5.000000e+00 2.243661e-01
4.026263e+01 6.000000e+00 2.637337e-01
4.026263e+01 7.000000e+00 3.002358e-01
4.026263e+01 8.000000e+00 2.905194e-01
4.026263e+01 9.000000e+00 2.635016e-01
4.026263e+01 1.000000e+01 2.478029e-01
4.026263e+01 1.100000e+01 2.410407e-01
4.026263e+01 1.200000e+01 2.400545e-01
4.026263e+01 1.300000e+01 2.423982e-01
4.026263e+01 1.400000e+01 2.475015e-01
4.026263e+01 1.500000e+01 2.532455e-01
4.026263e+01 1.600000e+01 2.612180e-01
4.026263e+01 1.700000e+01 2.689350e-01
4.026263e+01 1.800000e+01 2.818007e-01
4.026263e+01 1.900000e+01 2.964018e-01
4.026263e+01 2.000000e+01 3.089154e-01
4.328283e+01 0.000000e+00 1.856367e-01
4.328283e+01 1.000000e+00 1.889455e-01
4.328283e+01 2.000000e+00 1.942794e-01
4.328283e+01 3.000000e+00 2.059959e-01
4.328283e+01 4.000000e+00 2.187063e-01
4.328283e+01 5.000000e+00 2.376126e-01
4.328283e+01 6.000000e+00 2.767249e-01
4.328283e+01 7.000000e+00 3.113668e-01
4.328283e+01 8.000000e+00 2.980294e-01
4.328283e+01 9.000000e+00 2.689382e-01
4.328283e+01 1.000000e+01 2.524074e-01
4.328283e+01 1.100000e+01 2.453412e-01
4.328283e+01 1.200000e+01 2.443158e-01
4.328283e+01 1.300000e+01 2.467422e-01
4.328283e+01 1.400000e+01 2.520671e-01
4.328283e+01 1.500000e+01 2.579856e-01
4.328283e+01 1.600000e+01 2.662968e-01
4.328283e+01 1.700000e+01 2.743318e-01
4.328283e+01 1.800000e+01 2.875604e-01
4.328283e+01 1.900000e+01 3.014123e-01
4.328283e+01 2.000000e+01 3.122705e-01
4.630303e+01 0.000000e+00 1.986749e-01
4.630303e+01 1.000000e+00 2.021939e-01
4.630303e+01 2.000000e+00 2.077662e-01
4.630303e+01 3.000000e+00 2.196735e-01
4.630303e+01 4.000000e+00 2.324317e-01
4.630303e+01 5.000000e+00 2.512696e-01
4.630303e+01 6.000000e+00 2.899475e-01
4.630303e+01 7.000000e+00 3.224663e-01
4.630303e+01 8.000000e+00 3.053274e-01
4.630303e+01 9.000000e+00 2.741360e-01
4.630303e+01 1.000000e+01 2.567693e-01
4.630303e+01 1.100000e+01 2.493909e-01
4.630303e+01 1.200000e+01 2.483105e-01
4.630303e+01 1.300000e+01 2.507973e-01
4.630303e+01 1.400000e+01 2.563113e-01
4.630303e+01 1.500000e+01 2.623622e-01
4.630303e+01 1.600000e+01 2.709464e-01
4.630303e+01 1.700000e+01 2.792043e-01
4.630303e+01 1.800000e+01 2.926354e-01
4.630303e+01 1.900000e+01 3.055671e-01
4.630303e+01 2.000000e+01 3.147292e-01
4.932323e+01 0.000000e+00 2.123353e-01
4.932323e+01 1.000000e+00 2.160587e-01
4.932323e+01 2.000000e+00 2.218492e-01
4.932323e+01 3.000000e+00 2.338942e-01
4.932323e+01 4.000000e+00 2.466387e-01
4.932323e+01 5.000000e+00 2.653227e-01
4.932323e+01 6.000000e+00 3.033780e-01
4.932323e+01 7.000000e+00 3.335101e-01
4.932323e+01 8.000000e+00 3.124011e-01
4.932323e+01 9.000000e+00 2.790902e-01
4.932323e+01 1.000000e+01 2.608872e-01
4.932323e+01 1.100000e+01 2.531902e-01
4.932323e+01 1.200000e+01 2.520404e-01
4.932323e+01 1.300000e+01 2.545666e-01
4.932323e+01 1.400000e+01 2.602387e-01
4.932323e+01 1.500000e+01 2.663829e-01
4.932323e+01 1.600000e+01 2.751779e-01
4.932323e+01 1.700000e+01 2.835703e-01
4.932323e+01 1.800000e+01 2.970578e-01
4.932323e+01 1.900000e+01 3.089314e-01
4.932323e+01 2.000000e+01 3.163896e-01
5.234343e+01 0.000000e+00 2.266235e-01
5.234343e+01 1.000000e+00 2.305404e-01
5.234343e+01 2.000000e+00 2.365239e-01
5.234343e+01 3.000000e+00 2.486488e-01
5.234343e+01 4.000000e+00 2.613147e-01
5.234343e+01 5.000000e+00 2.797554e-01
5.234343e+01 6.000000e+00 3.169926e-01
5.234343e+01 7.000000e+00 3.444749e-01
5.234343e+01 8.000000e+00 3.192401e-01
5.234343e+01 9.000000e+00 2.837978e-01
5.234343e+01 1.000000e+01 2.647609e-01
5.234343e+01 1.100000e+01 2.567404e-01
5.234343e+01 1.200000e+01 2.555079e-01
5.234343e+01 1.300000e+01 2.580539e-01
5.234343e+01 1.400000e+01 2.638546e-01
5.234343e+01 1.500000e+01 2.700555e-01
5.234343e+01 1.600000e+01 2.790032e-01
5.234343e+01 1.700000e+01 2.874485e-01
5.234343e+01 1.800000e+01 3.008609e-01
5.234343e+01 1.900000e+01 3.115676e-01
5.234343e+01 2.000000e+01 3.173404e-01
5.536364e+01 0.000000e+00 2.415425e-01
5.536364e+01 1.000000e+00 2.456367e-01
5.536364e+01 2.000000e+00 2.517829e-01
5.536364e+01 3.000000e+00 2.639259e-01
5.536364e+01 4.000000e+00 2.764450e-01
5.536364e+01 5.000000e+00 2.945497e-01
5.536364e+01 6.000000e+00 3.307675e-01
5.536364e+01 7.000000e+00 3.553385e-01
5.536364e+01 8.000000e+00 3.258352e-01
5.536364e+01 9.000000e+00 2.882566e-01
5.536364e+01 1.000000e+01 2.683911e-01
5.536364e+01 1.100000e+01 2.600435e-01
5.536364e+01 1.200000e+01 2.587163e-01
5.536364e+01 1.300000e+01 2.612638e-01
5.536364e+01 1.400000e+01 2.671651e-01
5.536364e+01 1.500000e+01 2.733888e-01
5.536364e+01 1.600000e+01 2.824348e-01
5.536364e+01 1.700000e+01 2.908582e-01
5.536364e+01 1.800000e+01 3.040777e-01
5.536364e+01 1.900000e+01 3.135356e-01
5.536364e+01 2.000000e+01 3.176619e-01
5.838384e+01 0.000000e+00 2.570923e-01
5.838384e+01 1.000000e+00 2.613424e-01
5.838384e+01 2.000000e+00 2.676164e-01
5.838384e+01 3.000000e+00 2.797116e-01
5.838384e+01 4.000000e+00 2.920130e-01
5.838384e+01 5.000000e+00 3.096860e-01
5.838384e+01 6.000000e+00 3.446781e-01
5.838384e+01 7.000000e+00 3.660796e-01
5.838384e+01 8.000000e+00 3.321789e-01
5.838384e+01 9.000000e+00 2.924658e-01
5.838384e+01 1.000000e+01 2.717793e-01
5.838384e+01 1.100000e+01 2.631025e-01
5.838384e+01 1.200000e+01 2.616696e-01
5.838384e+01 1.300000e+01 2.642016e-01
5.838384e+01 1.400000e+01 2.701768e-01
5.838384e+01 1.500000e+01 2.763918e-01
5.838384e+01 1.600000e+01 2.854856e-01
5.838384e+01 1.700000e+01 2.938190e-01
5.838384e+01 1.800000e+01 3.067416e-01
5.838384e+01 1.900000e+01 3.148919e-01
5.838384e+01 2.000000e+01 3.174261e-01
6.140404e+01 0.000000e+00 2.732700e-01
6.140404e+01 1.000000e+00 2.776492e-01
6.140404e+01 2.000000e+00 2.840119e-01
6.140404e+01 3.000000e+00 2.959896e-01
6.140404e+01 4.000000e+00 3.079997e-01
6.140404e+01 5.000000e+00 3.251434e-01
6.140404e+01 6.000000e+00 3.587000e-01
6.140404e+01 7.000000e+00 3.766779e-01
6.140404e+01 8.000000e+00 3.382650e-01
6.140404e+01 9.000000e+00 2.964253e-01
6.140404e+01 1.000000e+01 2.749276e-01
6.140404e+01 1.100000e+01 2.659209e-01
6.140404e+01 1.200000e+01 2.643724e-01
6.140404e+01 1.300000e+01 2.668728e-01
6.140404e+01 1.400000e+01 2.728971e-01
6.140404e+01 1.500000e+01 2.790743e-01
6.140404e+01 1.600000e+01 2.881689e-01
6.140404e+01 1.700000e+01 2.963506e-01
6.140404e+01 1.800000e+01 3.088853e-01
6.140404e+01 1.900000e+01 3.156900e-01
6.140404e+01 2.000000e+01 3.166979e-01
6.442424e+01 0.000000e+00 2.900695e-01
6.442424e+01 1.000000e+00 2.945463e-01
6.442424e+01 2.000000e+00 3.009544e-01
6.442424e+01 3.000000e+00 3.127414e-01
6.442424e+01 4.000000e+00 3.243845e-01
6.442424e+01 5.000000e+00 3.408997e-01
6.442424e+01 6.000000e+00 3.728079e-01
6.442424e+01 7.000000e+00 3.871143e-01
6.442424e+01 8.000000e+00 3.440883e-01
6.442424e+01 9.000000e+00 3.001360e-01
6.442424e+01 1.000000e+01 2.778391e-01
6.442424e+01 1.100000e+01 2.685027e-01
6.442424e+01 1.200000e+01 2.668297e-01
6.442424e+01 1.300000e+01 2.692838e-01
6.442424e+01 1.400000e+01 2.753335e-01
6.442424e+01 1.500000e+01 2.814461e-01
6.442424e+01 1.600000e+01 2.904982e-01
6.442424e+01 1.700000e+01 2.984729e-01
6.442424e+01 1.800000e+01 3.105412e-01
6.442424e+01 1.900000e+01 3.159798e-01
6.442424e+01 2.000000e+01 3.155353e-01
6.744444e+01 0.000000e+00 3.074815e-01
6.744444e+01 1.000000e+00 3.120200e-01
6.744444e+01 2.000000e+00 3.184262e-01
6.744444e+01 3.000000e+00 3.299464e-01
6.744444e+01 4.000000e+00 3.411450e-01
6.744444e+01 5.000000e+00 3.569317e-01
6.744444e+01 6.000000e+00 3.869763e-01
6.744444e+01 7.000000e+00 3.973706e-01
6.744444e+01 8.000000e+00 3.496450e-01
6.744444e+01 9.000000e+00 3.035994e-01
6.744444e+01 1.000000e+01 2.805172e-01
6.744444e+01 1.100000e+01 2.708525e-01
6.744444e+01 1.200000e+01 2.690469e-01
6.744444e+01 1.300000e+01 2.714411e-01
6.744444e+01 1.400000e+01 2.774940e-01
6.744444e+01 1.500000e+01 2.835173e-01
6.744444e+01 1.600000e+01 2.924872e-01
6.744444e+01 1.700000e+01 3.002058e-01
6.744444e+01 1.800000e+01 3.117407e-01
6.744444e+01 1.900000e+01 3.158082e-01
6.744444e+01 2.000000e+01 3.139906e-01
7.046465e+01 0.000000e+00 3.254943e-01
7.046465e+01 1.000000e+00 3.300542e-01
7.046465e+01 2.000000e+00 3.364073e-01
7.046465e+01 3.000000e+00 3.475815e-01
7.046465e+01 4.000000e+00 3.582572e-01
7.046465e+01 5.000000e+00 3.732151e-01
7.046465e+01 6.000000e+00 4.011797e-01
7.046465e+01 7.000000e+00 4.074296e-01
7.046465e+01 8.000000e+00 3.549320e-01
7.046465e+01 9.000000e+00 3.068179e-01
7.046465e+01 1.000000e+01 2.829658e-01
7.046465e+01 1.100000e+01 2.729752e-01
7.046465e+01 1.200000e+01 2.710301e-01
7.046465e+01 1.300000e+01 2.733516e-01
7.046465e+01 1.400000e+01 2.793869e-01
7.046465e+01 1.500000e+01 2.852985e-01
7.046465e+01 1.600000e+01 2.941499e-01
7.046465e+01 1.700000e+01 3.015690e-01
7.046465e+01 1.800000e+01 3.125143e-01
7.046465e+01 1.900000e+01 3.152185e-01
7.046465e+01 2.000000e+01 3.121103e-01
7.348485e+01 0.000000e+00 3.440933e-01
7.348485e+01 1.000000e+00 3.486299e-01
7.348485e+01 2.000000e+00 3.548749e-01
7.348485e+01 3.000000e+00 3.656220e-01
7.348485e+01 4.000000e+00 3.756955e-01
7.348485e+01 5.000000e+00 3.897248e-01
7.348485e+01 6.000000e+00 4.153919e-01
7.348485e+01 7.000000e+00 4.172754e-01
7.348485e+01 8.000000e+00 3.599476e-01
7.348485e+01 9.000000e+00 3.097942e-01
7.348485e+01 1.000000e+01 2.851895e-01
7.348485e+01 1.100000e+01 2.748761e-01
7.348485e+01 1.200000e+01 2.727852e-01
7.348485e+01 1.300000e+01 2.750224e-01
7.348485e+01 1.400000e+01 2.810208e-01
7.348485e+01 1.500000e+01 2.868002e-01
7.348485e+01 1.600000e+01 2.955001e-01
7.348485e+01 1.700000e+01 3.025819e-01
7.348485e+01 1.800000e+01 3.128913e-01
7.348485e+01 1.900000e+01 3.142513e-01
7.348485e+01 2.000000e+01 3.099361e-01
7.650505e+01 0.000000e+00 3.632612e-01
7.650505e+01 1.000000e+00 3.677258e-01
7.650505e+01 2.000000e+00 3.738039e-01
7.650505e+01 3.000000e+00 3.840412e-01
7.650505e+01 4.000000e+00 3.934333e-01
7.650505e+01 5.000000e+00 4.064344e-01
7.650505e+01 6.000000e+00 4.295872e-01
7.650505e+01 7.000000e+00 4.268931e-01
7.650505e+01 8.000000e+00 3.646905e-01
7.650505e+01 9.000000e+00 3.125318e-01
7.650505e+01 1.000000e+01 2.871928e-01
7.650505e+01 1.100000e+01 2.765608e-01
7.650505e+01 1.200000e+01 2.743187e-01
7.650505e+01 1.300000e+01 2.764610e-01
7.650505e+01 1.400000e+01 2.824044e-01
7.650505e+01 1.500000e+01 2.880330e-01
7.650505e+01 1.600000e+01 2.965516e-01
7.650505e+01 1.700000e+01 3.032635e-01
7.650505e+01 1.800000e+01 3.128998e-01
7.650505e+01 1.900000e+01 3.129436e-01
7.650505e+01 2.000000e+01 3.075055e-01
7.952525e+01 0.000000e+00 3.829782e-01
7.952525e+01 1.000000e+00 3.873180e-01
7.952525e+01 2.000000e+00 3.931672e-01
7.952525e+01 3.000000e+00 4.028108e-01
7.952525e+01 4.000000e+00 4.114423e-01
7.952525e+01 5.000000e+00 4.233170e-01
7.952525e+01 6.000000e+00 4.437395e-01
7.952525e+01 7.000000e+00 4.362686e-01
7.952525e+01 8.000000e+00 3.691606e-01
7.952525e+01 9.000000e+00 3.150345e-01
7.952525e+01 1.000000e+01 2.889810e-01
7.952525e+01 1.100000e+01 2.780352e-01
7.952525e+01 1.200000e+01 2.756373e-01
7.952525e+01 1.300000e+01 2.776748e-01
7.952525e+01 1.400000e+01 2.835465e-01
7.952525e+01 1.500000e+01 2.890077e-01
7.952525e+01 1.600000e+01 2.973183e-01
7.952525e+01 1.700000e+01 3.036326e-01
7.952525e+01 1.800000e+01 3.125670e-01
7.952525e+01 1.900000e+01 3.113301e-01
7.952525e+01 2.000000e+01 3.048516e-01
8.254545e+01 0.000000e+00 4.032219e-01
8.254545e+01 1.000000e+00 4.073802e-01
8.254545e+01 2.000000e+00 4.129356e-01
8.254545e+01 3.000000e+00 4.219010e-01
8.254545e+01 4.000000e+00 4.296934e-01
8.254545e+01 5.000000e+00 4.403445e-01
8.254545e+01 6.000000e+00 4.578230e-01
8.254545e+01 7.000000e+00 4.453892e-01
8.254545e+01 8.000000e+00 3.733583e-01
8.254545e+01 9.000000e+00 3.173065e-01
8.254545e+01 1.000000e+01 2.905593e-01
8.254545e+01 1.100000e+01 2.793052e-01
8.254545e+01 1.200000e+01 2.767476e-01
8.254545e+01 1.300000e+01 2.786715e-01
8.254545e+01 1.400000e+01 2.844560e-01
8.254545e+01 1.500000e+01 2.897349e-01
8.254545e+01 1.600000e+01 2.978137e-01
8.254545e+01 1.700000e+01 3.037074e-01
8.254545e+01 1.800000e+01 3.119185e-01
8.254545e+01 1.900000e+01 3.094423e-01
8.254545e+01 2.000000e+01 3.020043e-01
8.556566e+01 0.000000e+00 4.239674e-01
8.556566e+01 1.000000e+00 4.278838e-01
8.556566e+01 2.000000e+00 4.330781e-01
8.556566e+01 3.000000e+00 4.412807e-01
8.556566e+01 4.000000e+00 4.481562e-01
8.556566e+01 5.000000e+00 4.574884e-01
8.556566e+01 6.000000e+00 4.718123e-01
8.556566e+01 7.000000e+00 4.542432e-01
8.556566e+01 8.000000e+00 3.772848e-01
8.556566e+01 9.000000e+00 3.193526e-01
8.556566e+01 1.000000e+01 2.919333e-01
8.556566e+01 1.100000e+01 2.803770e-01
8.556566e+01 1.200000e+01 2.776564e-01
8.556566e+01 1.300000e+01 2.794588e-01
8.556566e+01 1.400000e+01 2.851418e-01
8.556566e+01 1.500000e+01 2.902252e-01
8.556566e+01 1.600000e+01 2.980512e-01
8.556566e+01 1.700000e+01 3.035055e-01
8.556566e+01 1.800000e+01 3.109787e-01
8.556566e+01 1.900000e+01 3.073096e-01
8.556566e+01 2.000000e+01 2.989901e-01
8.858586e+01 0.000000e+00 4.451874e-01
8.858586e+01 1.000000e+00 4.487983e-01
8.858586e+01 2.000000e+00 4.535618e-01
8.858586e+01 3.000000e+00 4.609174e-01
8.858586e+01 4.000000e+00 4.667994e-01
8.858586e+01 5.000000e+00 4.747193e-01
8.858586e+01 6.000000e+00 4.856824e-01
8.858586e+01 7.000000e+00 4.628198e-01
8.858586e+01 8.000000e+00 3.809420e-01
8.858586e+01 9.000000e+00 3.211775e-01
8.858586e+01 1.000000e+01 2.931088e-01
8.858586e+01 1.100000e+01 2.812568e-01
8.858586e+01 1.200000e+01 2.783708e-01
8.858586e+01 1.300000e+01 2.800445e-01
8.858586e+01 1.400000e+01 2.856129e-01
8.858586e+01 1.500000e+01 2.904892e-01
8.858586e+01 1.600000e+01 2.980440e-01
8.858586e+01 1.700000e+01 3.030440e-01
8.858586e+01 1.800000e+01 3.097707e-01
8.858586e+01 1.900000e+01 3.049586e-01
8.858586e+01 2.000000e+01 2.958326e-01
9.160606e+01 0.000000e+00 4.668523e-01
9.160606e+01 1.000000e+00 4.700914e-01
9.160606e+01 2.000000e+00 4.743527e-01
9.160606e+01 3.000000e+00 4.807773e-01
9.160606e+01 4.000000e+00 4.855906e-01
9.160606e+01 5.000000e+00 4.920073e-01
9.160606e+01 6.000000e+00 4.994088e-01
9.160606e+01 7.000000e+00 4.711093e-01
9.160606e+01 8.000000e+00 3.843324e-01
9.160606e+01 9.000000e+00 3.227864e-01
9.160606e+01 1.000000e+01 2.940915e-01
9.160606e+01 1.100000e+01 2.819511e-01
9.160606e+01 1.200000e+01 2.788977e-01
9.160606e+01 1.300000e+01 2.804363e-01
9.160606e+01 1.400000e+01 2.858781e-01
9.160606e+01 1.500000e+01 2.905372e-01
9.160606e+01 1.600000e+01 2.978050e-01
9.160606e+01 1.700000e+01 3.023394e-01
9.160606e+01 1.800000e+01 3.083164e-01
9.160606e+01 1.900000e+01 3.024139e-01
9.160606e+01 2.000000e+01 2.925530e-01
9.462626e+01 0.000000e+00 4.889307e-01
9.462626e+01 1.000000e+00 4.917288e-01
9.462626e+01 2.000000e+00 4.954152e-01
9.462626e+01 3.000000e+00 5.008259e-01
9.462626e+01 4.000000e+00 5.044969e-01
9.462626e+01 5.000000e+00 5.093223e-01
9.462626e+01 6.000000e+00 5.129675e-01
9.462626e+01 7.000000e+00 4.791033e-01
9.462626e+01 8.000000e+00 3.874587e-01
9.462626e+01 9.000000e+00 3.241848e-01
9.462626e+01 1.000000e+01 2.948875e-01
9.462626e+01 1.100000e+01 2.824663e-01
9.462626e+01 1.200000e+01 2.792440e-01
9.462626e+01 1.300000e+01 2.806418e-01
9.462626e+01 1.400000e+01 2.859463e-01
9.462626e+01 1.500000e+01 2.903795e-01
9.462626e+01 1.600000e+01 2.973467e-01
9.462626e+01 1.700000e+01 3.014076e-01
9.462626e+01 1.800000e+01 3.066366e-01
9.462626e+01 1.900000e+01 2.996980e-01
9.462626e+01 2.000000e+01 2.891702e-01
9.764646e+01 0.000000e+00 5.113891e-01
9.764646e+01 1.000000e+00 5.136752e-01
9.764646e+01 2.000000e+00 5.167125e-01
9.764646e+01 3.000000e+00 5.210275e-01
9.764646e+01 4.000000e+00 5.234845e-01
9.764646e+01 5.000000e+00 5.266337e-01
9.764646e+01 6.000000e+00 5.263355e-01
9.764646e+01 7.000000e+00 4.867940e-01
9.764646e+01 8.000000e+00 3.903245e-01
9.764646e+01 9.000000e+00 3.253783e-01
9.764646e+01 1.000000e+01 2.955028e-01
9.764646e+01 1.100000e+01 2.828087e-01
9.764646e+01 1.200000e+01 2.794167e-01
9.764646e+01 1.300000e+01 2.806689e-01
9.764646e+01 1.400000e+01 2.858261e-01
9.764646e+01 1.500000e+01 2.900262e-01
9.764646e+01 1.600000e+01 2.966814e-01
9.764646e+01 1.700000e+01 3.002640e-01
9.764646e+01 1.800000e+01 3.047505e-01
9.764646e+01 1.900000e+01 2.968314e-01
9.764646e+01 2.000000e+01 2.857009e-01
1.006667e+02 0.000000e+00 5.341924e-01
1.006667e+02 1.000000e+00 5.358936e-01
1.006667e+02 2.000000e+00 5.382068e-01
1.006667e+02 3.000000e+00 5.413457e-01
1.006667e+02 4.000000e+00 5.425193e-01
1.006667e+02 5.000000e+00 5.439109e-01
1.006667e+02 6.000000e+00 5.394905e-01
1.006667e+02 7.000000e+00 4.941748e-01
1.006667e+02 8.000000e+00 3.929336e-01
1.006667e+02 9.000000e+00 3.263724e-01
1.006667e+02 1.000000e+01 2.959435e-01
1.006667e+02 1.100000e+01 2.829847e-01
1.006667e+02 1.200000e+01 2.794227e-01
1.006667e+02 1.300000e+01 2.805250e-01
1.006667e+02 1.400000e+01 2.855261e-01
1.006667e+02 1.500000e+01 2.894871e-01
1.006667e+02 1.600000e+01 2.958210e-01
1.006667e+02 1.700000e+01 2.989231e-01
1.006667e+02 1.800000e+01 3.026766e-01
1.006667e+02 1.900000e+01 2.938330e-01
1.006667e+02 2.000000e+01 2.821602e-01
1.036869e+02 0.000000e+00 5.573041e-01
1.036869e+02 1.000000e+00 5.583461e-01
1.036869e+02 2.000000e+00 5.598595e-01
1.036869e+02 3.000000e+00 5.617436e-01
1.036869e+02 4.000000e+00 5.615667e-01
1.036869e+02 5.000000e+00 5.611233e-01
1.036869e+02 6.000000e+00 5.524109e-01
1.036869e+02 7.000000e+00 5.012403e-01
1.036869e+02 8.000000e+00 3.952903e-01
1.036869e+02 9.000000e+00 3.271732e-01
1.036869e+02 1.000000e+01 2.962157e-01
1.036869e+02 1.100000e+01 2.830009e-01
1.036869e+02 1.200000e+01 2.792689e-01
1.036869e+02 1.300000e+01 2.802176e-01
1.036869e+02 1.400000e+01 2.850549e-01
1.036869e+02 1.500000e+01 2.887719e-01
1.036869e+02 1.600000e+01 2.947770e-01
1.036869e+02 1.700000e+01 2.973990e-01
1.036869e+02 1.800000e+01 3.004319e-01
1.036869e+02 1.900000e+01 2.907197e-01
1.036869e+02 2.000000e+01 2.785614e-01
1.067071e+02 0.000000e+00 5.806863e-01
1.067071e+02 1.000000e+00 5.809937e-01
1.067071e+02 2.000000e+00 5.816311e-01
1.067071e+02 3.000000e+00 5.821836e-01
1.067071e+02 4.000000e+00 5.805919e-01
1.067071e+02 5.000000e+00 5.782405e-01
1.067071e+02 6.000000e+00 5.650764e-01
1.067071e+02 7.000000e+00 5.079857e-01
1.067071e+02 8.000000e+00 3.973991e-01
1.067071e+02 9.000000e+00 3.277866e-01
1.067071e+02 1.000000e+01 2.963255e-01
1.067071e+02 1.100000e+01 2.828635e-01
1.067071e+02 1.200000e+01 2.789621e-01
1.067071e+02 1.300000e+01 2.797543e-01
1.067071e+02 1.400000e+01 2.844206e-01
1.067071e+02 1.500000e+01 2.878899e-01
1.067071e+02 1.600000e+01 2.935605e-01
1.067071e+02 1.700000e+01 2.957050e-01
1.067071e+02 1.800000e+01 2.980325e-01
1.067071e+02 1.900000e+01 2.875073e-01
1.067071e+02 2.000000e+01 2.749165e-01
1.097273e+02 0.000000e+00 6.043002e-01
1.097273e+02 1.000000e+00 6.037967e-01
1.097273e+02 2.000000e+00 6.034816e-01
1.097273e+02 3.000000e+00 6.026279e-01
1.097273e+02 4.000000e+00 5.995603e-01
1.097273e+02 5.000000e+00 5.952324e-01
1.097273e+02 6.000000e+00 5.774675e-01
1.097273e+02 7.000000e+00 5.144073e-01
1.097273e+02 8.000000e+00 3.992651e-01
1.097273e+02 9.000000e+00 3.282184e-01
1.097273e+02 1.000000e+01 2.962791e-01
1.097273e+02 1.100000e+01 2.825789e-01
1.097273e+02 1.200000e+01 2.785090e-01
1.097273e+02 1.300000e+01 2.791421e-01
1.097273e+02 1.400000e+01 2.836315e-01
1.097273e+02 1.500000e+01 2.868503e-01
1.097273e+02 1.600000e+01 2.921824e-01
1.097273e+02 1.700000e+01 2.938540e-01
1.097273e+02 1.800000e+01 2.954934e-01
1.097273e+02 1.900000e+01 2.842100e-01
1.097273e+02 2.000000e+01 2.712360e-01
1.127475e+02 0.000000e+00 6.281061e-01
1.127475e+02 1.000000e+00 6.267146e-01
1.127475e+02 2.000000e+00 6.253705e-01
1.127475e+02 3.000000e+00 6.230386e-01
1.127475e+02 4.000000e+00 6.184371e-01
1.127475e+02 5.000000e+00 6.120695e-01
1.127475e+02 6.000000e+00 5.895661e-01
1.127475e+02 7.000000e+00 5.205024e-01
1.127475e+02 8.000000e+00 4.008934e-01
1.127475e+02 9.000000e+00 3.284749e-01
1.127475e+02 1.000000e+01 2.960825e-01
1.127475e+02 1.100000e+01 2.821532e-01
1.127475e+02 1.200000e+01 2.779162e-01
1.127475e+02 1.300000e+01 2.783882e-01
1.127475e+02 1.400000e+01 2.826954e-01
1.127475e+02 1.500000e+01 2.856620e-01
1.127475e+02 1.600000e+01 2.906530e-01
1.127475e+02 1.700000e+01 2.918581e-01
1.127475e+02 1.800000e+01 2.928287e-01
1.127475e+02 1.900000e+01 2.808406e-01
1.127475e+02 2.000000e+01 2.675295e-01
1.157677e+02 0.000000e+00 6.520634e-01
1.157677e+02 1.000000e+00 6.497067e-01
1.157677e+02 2.000000e+00 6.472573e-01
1.157677e+02 3.000000e+00 6.433779e-01
1.157677e+02 4.000000e+00 6.371881e-01
1.157677e+02 5.000000e+00 6.287227e-01
1.157677e+02 6.000000e+00 6.013548e-01
1.157677e+02 7.000000e+00 5.262689e-01
1.157677e+02 8.000000e+00 4.022896e-01
1.157677e+02 9.000000e+00 3.285621e-01
1.157677e+02 1.000000e+01 2.957417e-01
1.157677e+02 1.100000e+01 2.815927e-01
1.157677e+02 1.200000e+01 2.771901e-01
1.157677e+02 1.300000e+01 2.774997e-01
1.157677e+02 1.400000e+01 2.816201e-01
1.157677e+02 1.500000e+01 2.843336e-01
1.157677e+02 1.600000e+01 2.889824e-01
1.157677e+02 1.700000e+01 2.897288e-01
1.157677e+02 1.800000e+01 2.900515e-01
1.157677e+02 1.900000e+01 2.774109e-01
1.157677e+02 2.000000e+01 2.638053e-01
1.187879e+02 0.000000e+00 6.761311e-01
1.187879e+02 1.000000e+00 6.727318e-01
1.187879e+02 2.000000e+00 6.691012e-01
1.187879e+02 3.000000e+00 6.636081e-01
1.187879e+02 4.000000e+00 6.557796e-01
1.187879e+02 5.000000e+00 6.451638e-01
1.187879e+02 6.000000e+00 6.128178e-01
1.187879e+02 7.000000e+00 5.317058e-01
1.187879e+02 8.000000e+00 4.034591e-01
1.187879e+02 9.000000e+00 3.284860e-01
1.187879e+02 1.000000e+01 2.952628e-01
1.187879e+02 1.100000e+01 2.809034e-01
1.187879e+02 1.200000e+01 2.763372e-01
1.187879e+02 1.300000e+01 2.764834e-01
1.187879e+02 1.400000e+01 2.804131e-01
1.187879e+02 1.500000e+01 2.828735e-01
1.187879e+02 1.600000e+01 2.871801e-01
1.187879e+02 1.700000e+01 2.874772e-01
1.187879e+02 1.800000e+01 2.871741e-01
1.187879e+02 1.900000e+01 2.739316e-01
1.187879e+02 2.000000e+01 2.600710e-01
1.218081e+02 0.000000e+00 7.002678e-01
1.218081e+02 1.000000e+00 6.957485e-01
1.218081e+02 2.000000e+00 6.908617e-01
1.218081e+02 3.000000e+00 6.836920e-01
1.218081e+02 4.000000e+00 6.741782e-01
1.218081e+02 5.000000e+00 6.613654e-01
1.218081e+02 6.000000e+00 6.239402e-01
1.218081e+02 7.000000e+00 5.368128e-01
1.218081e+02 8.000000e+00 4.044081e-01
1.218081e+02 9.000000e+00 3.282528e-01
1.218081e+02 1.000000e+01 2.946516e-01
1.218081e+02 1.100000e+01 2.800912e-01
1.218081e+02 1.200000e+01 2.753636e-01
1.218081e+02 1.300000e+01 2.753458e-01
1.218081e+02 1.400000e+01 2.790819e-01
1.218081e+02 1.500000e+01 2.812898e-01
1.218081e+02 1.600000e+01 2.852554e-01
1.218081e+02 1.700000e+01 2.851136e-01
1.218081e+02 1.800000e+01 2.842078e-01
1.218081e+02 1.900000e+01 2.704123e-01
1.218081e+02 2.000000e+01 2.563332e-01
1.248283e+02 0.000000e+00 7.244320e-01
1.248283e+02 1.000000e+00 7.187157e-01
1.248283e+02 2.000000e+00 7.124985e-01
1.248283e+02 3.000000e+00 7.035930e-01
1.248283e+02 4.000000e+00 6.923518e-01
1.248283e+02 5.000000e+00 6.773013e-01
1.248283e+02 6.000000e+00 6.347088e-01
1.248283e+02 7.000000e+00 5.415904e-01
1.248283e+02 8.000000e+00 4.051423e-01
1.248283e+02 9.000000e+00 3.278684e-01
1.248283e+02 1.000000e+01 2.939139e-01
1.248283e+02 1.100000e+01 2.791620e-01
1.248283e+02 1.200000e+01 2.742755e-01
1.248283e+02 1.300000e+01 2.740936e-01
1.248283e+02 1.400000e+01 2.776334e-01
1.248283e+02 1.500000e+01 2.795903e-01
1.248283e+02 1.600000e+01 2.832171e-01
1.248283e+02 1.700000e+01 2.826480e-01
1.248283e+02 1.800000e+01 2.811632e-01
1.248283e+02 1.900000e+01 2.668619e-01
1.248283e+02 2.000000e+01 2.525980e-01
1.278485e+02 0.000000e+00 7.485820e-01
1.278485e+02 1.000000e+00 7.415923e-01
1.278485e+02 2.000000e+00 7.339720e-01
1.278485e+02 3.000000e+00 7.232753e-01
1.278485e+02 4.000000e+00 7.102688e-01
1.278485e+02 5.000000e+00 6.929461e-01
1.278485e+02 6.000000e+00 6.451111e-01
1.278485e+02 7.000000e+00 5.460398e-01
1.278485e+02 8.000000e+00 4.056680e-01
1.278485e+02 9.000000e+00 3.273389e-01
1.278485e+02 1.000000e+01 2.930554e-01
1.278485e+02 1.100000e+01 2.781215e-01
1.278485e+02 1.200000e+01 2.730788e-01
1.278485e+02 1.300000e+01 2.727330e-01
1.278485e+02 1.400000e+01 2.760747e-01
1.278485e+02 1.500000e+01 2.777825e-01
1.278485e+02 1.600000e+01 2.810738e-01
1.278485e+02 1.700000e+01 2.800896e-01
1.278485e+02 1.800000e+01 2.780501e-01
1.278485e+02 1.900000e+01 2.632883e-01
1.278485e+02 2.000000e+01 2.488705e-01
1.308687e+02 0.000000e+00 7.726763e-01
1.308687e+02 1.000000e+00 7.643378e-01
1.308687e+02 2.000000e+00 7.552432e-01
1.308687e+02 3.000000e+00 7.427040e-01
1.308687e+02 4.000000e+00 7.278992e-01
1.308687e+02 5.000000e+00 7.082757e-01
1.308687e+02 6.000000e+00 6.551364e-01
1.308687e+02 7.000000e+00 5.501629e-01
1.308687e+02 8.000000e+00 4.059915e-01
1.308687e+02 9.000000e+00 3.266703e-01
1.308687e+02 1.000000e+01 2.920819e-01
1.308687e+02 1.100000e+01 2.769753e-01
1.308687e+02 1.200000e+01 2.717793e-01
1.308687e+02 1.300000e+01 2.712702e-01
1.308687e+02 1.400000e+01 2.744125e-01
1.308687e+02 1.500000e+01 2.758738e-01
1.308687e+02 1.600000e+01 2.788334e-01
1.308687e+02 1.700000e+01 2.774473e-01
1.308687e+02 1.800000e+01 2.748778e-01
1.308687e+02 1.900000e+01 2.596986e-01
1.308687e+02 2.000000e+01 2.451556e-01
1.338889e+02 0.000000e+00 7.966739e-01
1.338889e+02 1.000000e+00 7.869120e-01
1.338889e+02 2.000000e+00 7.762740e-01
1.338889e+02 3.000000e+00 7.618453e-01
1.338889e+02 4.000000e+00 7.452137e-01
1.338889e+02 5.000000e+00 7.232675e-01
1.338889e+02 6.000000e+00 6.647748e-01
1.338889e+02 7.000000e+00 5.539622e-01
1.338889e+02 8.000000e+00 4.061191e-01
1.338889e+02 9.000000e+00 3.258684e-01
1.338889e+02 1.000000e+01 2.909988e-01
1.338889e+02 1.100000e+01 2.757289e-01
1.338889e+02 1.200000e+01 2.703827e-01
1.338889e+02 1.300000e+01 2.697112e-01
1.338889e+02 1.400000e+01 2.726531e-01
1.338889e+02 1.500000e+01 2.738711e-01
1.338889e+02 1.600000e+01 2.765038e-01
1.338889e+02 1.700000e+01 2.747295e-01
1.338889e+02 1.800000e+01 2.716547e-01
1.338889e+02 1.900000e+01 2.560994e-01
1.338889e+02 2.000000e+01 2.414573e-01
1.369091e+02 0.000000e+00 8.205340e-01
1.369091e+02 1.000000e+00 8.092758e-01
1.369091e+02 2.000000e+00 7.970273e-01
1.369091e+02 3.000000e+00 7.806668e-01
1.369091e+02 4.000000e+00 7.621848e-01
1.369091e+02 5.000000e+00 7.378998e-01
1.369091e+02 6.000000e+00 6.740182e-01
1.369091e+02 7.000000e+00 5.574411e-01
1.369091e+02 8.000000e+00 4.060571e-01
1.369091e+02 9.000000e+00 3.249390e-01
1.369091e+02 1.000000e+01 2.898114e-01
1.369091e+02 1.100000e+01 2.743876e-01
1.369091e+02 1.200000e+01 2.688945e-01
1.369091e+02 1.300000e+01 2.680617e-01
1.369091e+02 1.400000e+01 2.708030e-01
1.369091e+02 1.500000e+01 2.717812e-01
1.369091e+02 1.600000e+01 2.740924e-01
1.369091e+02 1.700000e+01 2.719439e-01
1.369091e+02 1.800000e+01 2.683887e-01
1.369091e+02 1.900000e+01 2.524965e-01
1.369091e+02 2.000000e+01 2.377794e-01
1.399293e+02 0.000000e+00 8.442166e-01
1.399293e+02 1.000000e+00 8.313908e-01
1.399293e+02 2.000000e+00 8.174673e-01
1.399293e+02 3.000000e+00 7.991373e-01
1.399293e+02 4.000000e+00 7.787863e-01
1.399293e+02 5.000000e+00 7.521529e-01
1.399293e+02 6.000000e+00 6.828594e-01
1.399293e+02 7.000000e+00 5.606031e-01
1.399293e+02 8.000000e+00 4.058121e-01
1.399293e+02 9.000000e+00 3.238879e-01
1.399293e+02 1.000000e+01 2.885252e-01
1.399293e+02 1.100000e+01 2.729566e-01
1.399293e+02 1.200000e+01 2.673200e-01
1.399293e+02 1.300000e+01 2.663275e-01
1.399293e+02 1.400000e+01 2.688682e-01
1.399293e+02 1.500000e+01 2.696105e-01
1.399293e+02 1.600000e+01 2.716062e-01
1.399293e+02 1.700000e+01 2.690981e-01
1.399293e+02 1.800000e+01 2.650870e-01
1.399293e+02 1.900000e+01 2.488953e-01
1.399293e+02 2.000000e+01 2.341251e-01
1.429495e+02 0.000000e+00 8.676826e-01
1.429495e+02 1.000000e+00 8.532197e-01
1.429495e+02 2.000000e+00 8.375597e-01
1.429495e+02 3.000000e+00 8.172273e-01
1.429495e+02 4.000000e+00 7.949934e-01
1.429495e+02 5.000000e+00 7.660082e-01
1.429495e+02 6.000000e+00 6.912925e-01
1.429495e+02 7.000000e+00 5.634527e-01
1.429495e+02 8.000000e+00 4.053905e-01
1.429495e+02 9.000000e+00 3.227207e-01
1.429495e+02 1.000000e+01 2.871453e-01
1.429495e+02 1.100000e+01 2.714411e-01
1.429495e+02 1.200000e+01 2.656644e-01
1.429495e+02 1.300000e+01 2.645138e-01
1.429495e+02 1.400000e+01 2.668545e-01
1.429495e+02 1.500000e+01 2.673652e-01
1.429495e+02 1.600000e+01 2.690519e-01
1.429495e+02 1.700000e+01 2.661989e-01
1.429495e+02 1.800000e+01 2.617563e-01
1.429495e+02 1.900000e+01 2.453005e-01
1.429495e+02 2.000000e+01 2.304974e-01
1.459697e+02 0.000000e+00 8.908935e-01
1.459697e+02 1.000000e+00 8.747264e-01
1.459697e+02 2.000000e+00 8.572715e-01
1.459697e+02 3.000000e+00 8.349089e-01
1.459697e+02 4.000000e+00 8.107833e-01
1.459697e+02 5.000000e+00 7.794486e-01
1.459697e+02 6.000000e+00 6.993129e-01
1.459697e+02 7.000000e+00 5.659945e-01
1.459697e+02 8.000000e+00 4.047988e-01
1.459697e+02 9.000000e+00 3.214430e-01
1.459697e+02 1.000000e+01 2.856768e-01
1.459697e+02 1.100000e+01 2.698459e-01
1.459697e+02 1.200000e+01 2.639328e-01
1.459697e+02 1.300000e+01 2.626260e-01
1.459697e+02 1.400000e+01 2.647676e-01
1.459697e+02 1.500000e+01 2.650514e-01
1.459697e+02 1.600000e+01 2.664359e-01
1.459697e+02 1.700000e+01 2.632531e-01
1.459697e+02 1.800000e+01 2.584030e-01
1.459697e+02 1.900000e+01 2.417163e-01
1.459697e+02 2.000000e+01 2.268987e-01
1.489899e+02 0.000000e+00 9.138122e-01
1.489899e+02 1.000000e+00 8.958763e-01
1.489899e+02 2.000000e+00 8.765716e-01
1.489899e+02 3.000000e+00 8.521560e-01
1.489899e+02 4.000000e+00 8.261347e-01
1.489899e+02 5.000000e+00 7.924589e-01
1.489899e+02 6.000000e+00 7.069171e-01
1.489899e+02 7.000000e+00 5.682339e-01
1.489899e+02 8.000000e+00 4.040434e-01
1.489899e+02 9.000000e+00 3.200602e-01
1.489899e+02 1.000000e+01 2.841246e-01
1.489899e+02 1.100000e+01 2.681759e-01
1.489899e+02 1.200000e+01 2.621300e-01
1.489899e+02 1.300000e+01 2.606692e-01
1.489899e+02 1.400000e+01 2.626129e-01
1.489899e+02 1.500000e+01 2.626747e-01
1.489899e+02 1.600000e+01 2.637644e-01
1.489899e+02 1.700000e+01 2.602667e-01
1.489899e+02 1.800000e+01 2.550328e-01
1.489899e+02 1.900000e+01 2.381467e-01
1.489899e+02 2.000000e+01 2.233314e-01
1.520101e+02 0.000000e+00 9.364028e-01
1.520101e+02 1.000000e+00 9.166363e-01
1.520101e+02 2.000000e+00 8.954306e-01
1.520101e+02 3.000000e+00 8.689443e-01
1.520101e+02 4.000000e+00 8.410280e-01
1.520101e+02 5.000000e+00 8.050251e-01
1.520101e+02 6.000000e+00 7.141030e-01
1.520101e+02 7.000000e+00 5.701765e-01
1.520101e+02 8.000000e+00 4.031308e-01
1.520101e+02 9.000000e+00 3.185777e-01
1.520101e+02 1.000000e+01 2.824935e-01
1.520101e+02 1.100000e+01 2.664357e-01
1.520101e+02 1.200000e+01 2.602609e-01
1.520101e+02 1.300000e+01 2.586483e-01
1.520101e+02 1.400000e+01 2.603955e-01
1.520101e+02 1.500000e+01 2.602406e-01
1.520101e+02 1.600000e+01 2.610431e-01
1.520101e+02 1.700000e+01 2.572455e-01
1.520101e+02 1.800000e+01 2.516509e-01
1.520101e+02 1.900000e+01 2.345952e-01
1.520101e+02 2.000000e+01 2.197973e-01
1.550303e+02 0.000000e+00 9.586307e-01
1.550303e+02 1.000000e+00 9.369750e-01
1.550303e+02 2.000000e+00 9.138210e-01
1.550303e+02 3.000000e+00 8.852515e-01
1.550303e+02 4.000000e+00 8.554456e-01
1.550303e+02 5.000000e+00 8.171350e-01
1.550303e+02 6.000000e+00 7.208694e-01
1.550303e+02 7.000000e+00 5.718283e-01
1.550303e+02 8.000000e+00 4.020674e-01
1.550303e+02 9.000000e+00 3.170007e-01
1.550303e+02 1.000000e+01 2.807882e-01
1.550303e+02 1.100000e+01 2.646298e-01
1.550303e+02 1.200000e+01 2.583299e-01
1.550303e+02 1.300000e+01 2.565680e-01
1.550303e+02 1.400000e+01 2.581207e-01
1.550303e+02 1.500000e+01 2.577543e-01
1.550303e+02 1.600000e+01 2.582774e-01
1.550303e+02 1.700000e+01 2.541951e-01
1.550303e+02 1.800000e+01 2.482623e-01
1.550303e+02 1.900000e+01 2.310647e-01
1.550303e+02 2.000000e+01 2.162982e-01
1.580505e+02 0.000000e+00 9.804628e-01
1.580505e+02 1.000000e+00 9.568627e-01
1.580505e+02 2.000000e+00 9.317172e-01
1.580505e+02 3.000000e+00 9.010571e-01
1.580505e+02 4.000000e+00 8.693716e-01
1.580505e+02 5.000000e+00 8.287780e-01
1.580505e+02 6.000000e+00 7.272162e-01
1.580505e+02 7.000000e+00 5.731958e-01
1.580505e+02 8.000000e+00 4.008596e-01
1.580505e+02 9.000000e+00 3.153344e-01
1.580505e+02 1.000000e+01 2.790132e-01
1.580505e+02 1.100000e+01 2.627626e-01
1.580505e+02 1.200000e+01 2.563415e-01
1.580505e+02 1.300000e+01 2.544329e-01
1.580505e+02 1.400000e+01 2.557931e-01
1.580505e+02 1.500000e+01 2.552208e-01
1.580505e+02 1.600000e+01 2.554727e-01
1.580505e+02 1.700000e+01 2.511205e-01
1.580505e+02 1.800000e+01 2.448714e-01
1.580505e+02 1.900000e+01 2.275582e-01
1.580505e+02 2.000000e+01 2.128356e-01
1.610707e+02 0.000000e+00 1.001868e+00
1.610707e+02 1.000000e+00 9.762717e-01
1.610707e+02 2.000000e+00 9.490960e-01
1.610707e+02 3.000000e+00 9.163428e-01
1.610707e+02 4.000000e+00 8.827920e-01
1.610707e+02 5.000000e+00 8.399451e-01
1.610707e+02 6.000000e+00 7.331444e-01
1.610707e+02 7.000000e+00 5.742856e-01
1.610707e+02 8.000000e+00 3.995137e-01
1.610707e+02 9.000000e+00 3.135837e-01
1.610707e+02 1.000000e+01 2.771731e-01
1.610707e+02 1.100000e+01 2.608384e-01
1.610707e+02 1.200000e+01 2.542999e-01
1.610707e+02 1.300000e+01 2.522474e-01
1.610707e+02 1.400000e+01 2.534174e-01
1.610707e+02 1.500000e+01 2.526449e-01
1.610707e+02 1.600000e+01 2.526338e-01
1.610707e+02 1.700000e+01 2.480265e-01
1.610707e+02 1.800000e+01 2.414824e-01
1.610707e+02 1.900000e+01 2.240780e-01
1.610707e+02 2.000000e+01 2.094108e-01
1.640909e+02 0.000000e+00 1.022816e+00
1.640909e+02 1.000000e+00 9.951760e-01
1.640909e+02 2.000000e+00 9.659360e-01
1.640909e+02 3.000000e+00 9.310922e-01
1.640909e+02 4.000000e+00 8.956948e-01
1.640909e+02 5.000000e+00 8.506286e-01
1.640909e+02 6.000000e+00 7.386559e-01
1.640909e+02 7.000000e+00 5.751047e-01
1.640909e+02 8.000000e+00 3.980360e-01
1.640909e+02 9.000000e+00 3.117535e-01
1.640909e+02 1.000000e+01 2.752720e-01
1.640909e+02 1.100000e+01 2.588612e-01
1.640909e+02 1.200000e+01 2.522094e-01
1.640909e+02 1.300000e+01 2.500158e-01
1.640909e+02 1.400000e+01 2.509980e-01
1.640909e+02 1.500000e+01 2.500312e-01
1.640909e+02 1.600000e+01 2.497654e-01
1.640909e+02 1.700000e+01 2.449175e-01
1.640909e+02 1.800000e+01 2.380991e-01
1.640909e+02 1.900000e+01 2.206264e-01
1.640909e+02 2.000000e+01 2.060247e-01
1.671111e+02 0.000000e+00 1.043280e+00
1.671111e+02 1.000000e+00 1.013552e+00
1.671111e+02 2.000000e+00 9.822182e-01
1.671111e+02 3.000000e+00 9.452912e-01
1.671111e+02 4.000000e+00 9.080696e-01
1.671111e+02 5.000000e+00 8.608227e-01
1.671111e+02 6.000000e+00 7.437537e-01
1.671111e+02 7.000000e+00 5.756603e-01
1.671111e+02 8.000000e+00 3.964326e-01
1.671111e+02 9.000000e+00 3.098487e-01
1.671111e+02 1.000000e+01 2.733142e-01
1.671111e+02 1.100000e+01 2.568352e-01
1.671111e+02 1.200000e+01 2.500738e-01
1.671111e+02 1.300000e+01 2.477420e-01
1.671111e+02 1.400000e+01 2.485393e-01
1.671111e+02 1.500000e+01 2.473840e-01
1.671111e+02 1.600000e+01 2.468721e-01
1.671111e+02 1.700000e+01 2.417979e-01
1.671111e+02 1.800000e+01 2.347250e-01
1.671111e+02 1.900000e+01 2.172053e-01
1.671111e+02 2.000000e+01 2.026785e-01
1.701313e+02 0.000000e+00 1.063233e+00
1.701313e+02 1.000000e+00 1.031378e+00
1.701313e+02 2.000000e+00 9.979256e-01
1.701313e+02 3.000000e+00 9.589274e-01
1.701313e+02 4.000000e+00 9.199079e-01
1.701313e+02 5.000000e+00 8.705228e-01
1.701313e+02 6.000000e+00 7.484415e-01
1.701313e+02 7.000000e+00 5.759599e-01
1.701313e+02 8.000000e+00 3.947096e-01
1.701313e+02 9.000000e+00 3.078738e-01
1.701313e+02 1.000000e+01 2.713038e-01
1.701313e+02 1.100000e+01 2.547640e-01
1.701313e+02 1.200000e+01 2.478971e-01
1.701313e+02 1.300000e+01 2.454301e-01
1.701313e+02 1.400000e+01 2.460453e-01
1.701313e+02 1.500000e+01 2.447075e-01
1.701313e+02 1.600000e+01 2.439578e-01
1.701313e+02 1.700000e+01 2.386715e-01
1.701313e+02 1.800000e+01 2.313632e-01
1.701313e+02 1.900000e+01 2.138165e-01
1.701313e+02 2.000000e+01 1.993728e-01
1.731515e+02 0.000000e+00 1.082652e+00
1.731515e+02 1.000000e+00 1.048635e+00
1.731515e+02 2.000000e+00 1.013044e+00
1.731515e+02 3.000000e+00 9.719907e-01
1.731515e+02 4.000000e+00 9.312031e-01
1.731515e+02 5.000000e+00 8.797260e-01
1.731515e+02 6.000000e+00 7.527238e-01
1.731515e+02 7.000000e+00 5.760111e-01
1.731515e+02 8.000000e+00 3.928730e-01
1.731515e+02 9.000000e+00 3.058334e-01
1.731515e+02 1.000000e+01 2.692446e-01
1.731515e+02 1.100000e+01 2.526514e-01
1.731515e+02 1.200000e+01 2.456829e-01
1.731515e+02 1.300000e+01 2.430838e-01
1.731515e+02 1.400000e+01 2.435200e-01
1.731515e+02 1.500000e+01 2.420056e-01
1.731515e+02 1.600000e+01 2.410267e-01
1.731515e+02 1.700000e+01 2.355419e-01
1.731515e+02 1.800000e+01 2.280168e-01
1.731515e+02 1.900000e+01 2.104615e-01
1.731515e+02 2.000000e+01 1.961084e-01
1.761717e+02 0.000000e+00 1.101514e+00
1.761717e+02 1.000000e+00 1.065305e+00
1.761717e+02 2.000000e+00 1.027560e+00
1.761717e+02 3.000000e+00 9.844728e-01
1.761717e+02 4.000000e+00 9.419502e-01
1.761717e+02 5.000000e+00 8.884307e-01
1.761717e+02 6.000000e+00 7.566062e-01
1.761717e+02 7.000000e+00 5.758216e-01
1.761717e+02 8.000000e+00 3.909287e-01
1.761717e+02 9.000000e+00 3.037319e-01
1.761717e+02 1.000000e+01 2.671405e-01
1.761717e+02 1.100000e+01 2.505011e-01
1.761717e+02 1.200000e+01 2.434348e-01
1.761717e+02 1.300000e+01 2.407067e-01
1.761717e+02 1.400000e+01 2.409670e-01
1.761717e+02 1.500000e+01 2.392820e-01
1.761717e+02 1.600000e+01 2.380825e-01
1.761717e+02 1.700000e+01 2.324127e-01
1.761717e+02 1.800000e+01 2.246884e-01
1.761717e+02 1.900000e+01 2.071416e-01
1.761717e+02 2.000000e+01 1.928857e-01
1.791919e+02 0.000000e+00 1.119801e+00
1.791919e+02 1.000000e+00 1.081374e+00
1.791919e+02 2.000000e+00 1.041464e+00
1.791919e+02 3.000000e+00 9.963674e-01
1.791919e+02 4.000000e+00 9.521459e-01
1.791919e+02 5.000000e+00 8.966365e-01
1.791919e+02 6.000000e+00 7.600946e-01
1.791919e+02 7.000000e+00 5.753993e-01
1.791919e+02 8.000000e+00 3.888826e-01
1.791919e+02 9.000000e+00 3.015736e-01
1.791919e+02 1.000000e+01 2.649951e-01
1.791919e+02 1.100000e+01 2.483164e-01
1.791919e+02 1.200000e+01 2.411562e-01
1.791919e+02 1.300000e+01 2.383023e-01
1.791919e+02 1.400000e+01 2.383899e-01
1.791919e+02 1.500000e+01 2.365405e-01
1.791919e+02 1.600000e+01 2.351286e-01
1.791919e+02 1.700000e+01 2.292869e-01
1.791919e+02 1.800000e+01 2.213803e-01
1.791919e+02 1.900000e+01 2.038581e-01
1.791919e+02 2.000000e+01 1.897051e-01
1.822121e+02 0.000000e+00 1.137495e+00
1.822121e+02 1.000000e+00 1.096828e+00
1.822121e+02 2.000000e+00 1.054747e+00
1.822121e+02 3.000000e+00 1.007670e+00
1.822121e+02 4.000000e+00 9.617885e-01
1.822121e+02 5.000000e+00 9.043446e-01
1.822121e+02 6.000000e+00 7.631957e-01
1.822121e+02 7.000000e+00 5.747523e-01
1.822121e+02 8.000000e+00 3.867402e-01
1.822121e+02 9.000000e+00 2.993627e-01
1.822121e+02 1.000000e+01 2.628120e-01
1.822121e+02 1.100000e+01 2.461007e-01
1.822121e+02 1.200000e+01 2.388505e-01
1.822121e+02 1.300000e+01 2.358739e-01
1.822121e+02 1.400000e+01 2.357923e-01
1.822121e+02 1.500000e+01 2.337843e-01
1.822121e+02 1.600000e+01 2.321685e-01
1.822121e+02 1.700000e+01 2.261675e-01
1.822121e+02 1.800000e+01 2.180949e-01
1.822121e+02 1.900000e+01 2.006119e-01
1.822121e+02 2.000000e+01 1.865671e-01
1.852323e+02 0.000000e+00 1.154579e+00
1.852323e+02 1.000000e+00 1.111656e+00
1.852323e+02 2.000000e+00 1.067405e+00
1.852323e+02 3.000000e+00 1.018379e+00
1.852323e+02 4.000000e+00 9.708780e-01
1.852323e+02 5.000000e+00 9.115572e-01
1.852323e+02 6.000000e+00 7.659170e-01
1.852323e+02 7.000000e+00 5.738884e-01
1.852323e+02 8.000000e+00 3.845072e-01
1.852323e+02 9.000000e+00 2.971032e-01
1.852323e+02 1.000000e+01 2.605946e-01
1.852323e+02 1.100000e+01 2.438573e-01
1.852323e+02 1.200000e+01 2.365207e-01
1.852323e+02 1.300000e+01 2.334247e-01
1.852323e+02 1.400000e+01 2.331772e-01
1.852323e+02 1.500000e+01 2.310167e-01
1.852323e+02 1.600000e+01 2.292053e-01
1.852323e+02 1.700000e+01 2.230574e-01
1.852323e+02 1.800000e+01 2.148342e-01
1.852323e+02 1.900000e+01 1.974039e-01
1.852323e+02 2.000000e+01 1.834717e-01
1.882525e+02 0.000000e+00 1.171042e+00
1.882525e+02 1.000000e+00 1.125851e+00
1.882525e+02 2.000000e+00 1.079431e+00
1.882525e+02 3.000000e+00 1.028492e+00
1.882525e+02 4.000000e+00 9.794158e-01
1.882525e+02 5.000000e+00 9.182778e-01
1.882525e+02 6.000000e+00 7.682663e-01
1.882525e+02 7.000000e+00 5.728160e-01
1.882525e+02 8.000000e+00 3.821891e-01
1.882525e+02 9.000000e+00 2.947989e-01
1.882525e+02 1.000000e+01 2.583463e-01
1.882525e+02 1.100000e+01 2.415892e-01
1.882525e+02 1.200000e+01 2.341700e-01
1.882525e+02 1.300000e+01 2.309578e-01
1.882525e+02 1.400000e+01 2.305480e-01
1.882525e+02 1.500000e+01 2.282407e-01
1.882525e+02 1.600000e+01 2.262419e-01
1.882525e+02 1.700000e+01 2.199590e-01
1.882525e+02 1.800000e+01 2.116000e-01
1.882525e+02 1.900000e+01 1.942349e-01
1.882525e+02 2.000000e+01 1.804193e-01
1.912727e+02 0.000000e+00 1.186872e+00
1.912727e+02 1.000000e+00 1.139406e+00
1.912727e+02 2.000000e+00 1.090826e+00
1.912727e+02 3.000000e+00 1.038011e+00
1.912727e+02 4.000000e+00 9.874047e-01
1.912727e+02 5.000000e+00 9.245109e-01
1.912727e+02 6.000000e+00 7.702520e-01
1.912727e+02 7.000000e+00 5.715430e-01
1.912727e+02 8.000000e+00 3.797911e-01
1.912727e+02 9.000000e+00 2.924538e-01
1.912727e+02 1.000000e+01 2.560703e-01
1.912727e+02 1.100000e+01 2.392994e-01
1.912727e+02 1.200000e+01 2.318013e-01
1.912727e+02 1.300000e+01 2.284762e-01
1.912727e+02 1.400000e+01 2.279074e-01
1.912727e+02 1.500000e+01 2.254593e-01
1.912727e+02 1.600000e+01 2.232812e-01
1.912727e+02 1.700000e+01 2.168747e-01
1.912727e+02 1.800000e+01 2.083939e-01
1.912727e+02 1.900000e+01 1.911056e-01
1.912727e+02 2.000000e+01 1.774098e-01
1.942929e+02 0.000000e+00 1.202060e+00
1.942929e+02 1.000000e+00 1.152317e+00
1.942929e+02 2.000000e+00 1.101587e+00
1.942929e+02 3.000000e+00 1.046938e+00
1.942929e+02 4.000000e+00 9.948489e-01
1.942929e+02 5.000000e+00 9.302620e-01
1.942929e+02 6.000000e+00 7.718830e-01
1.942929e+02 7.000000e+00 5.700778e-01
1.942929e+02 8.000000e+00 3.773186e-01
1.942929e+02 9.000000e+00 2.900715e-01
1.942929e+02 1.000000e+01 2.537697e-01
1.942929e+02 1.100000e+01 2.369908e-01
1.942929e+02 1.200000e+01 2.294173e-01
1.942929e+02 1.300000e+01 2.259825e-01
1.942929e+02 1.400000e+01 2.252584e-01
1.942929e+02 1.500000e+01 2.226753e-01
1.942929e+02 1.600000e+01 2.203256e-01
1.942929e+02 1.700000e+01 2.138067e-01
1.942929e+02 1.800000e+01 2.052175e-01
1.942929e+02 1.900000e+01 1.880164e-01
1.942929e+02 2.000000e+01 1.744433e-01
1.973131e+02 0.000000e+00 1.216599e+00
1.973131e+02 1.000000e+00 1.164580e+00
1.973131e+02 2.000000e+00 1.111717e+00
1.973131e+02 3.000000e+00 1.055278e+00
1.973131e+02 4.000000e+00 1.001754e+00
1.973131e+02 5.000000e+00 9.355377e-01
1.973131e+02 6.000000e+00 7.731684e-01
1.973131e+02 7.000000e+00 5.684283e-01
1.973131e+02 8.000000e+00 3.747766e-01
1.973131e+02 9.000000e+00 2.876556e-01
1.973131e+02 1.000000e+01 2.514474e-01
1.973131e+02 1.100000e+01 2.346661e-01
1.973131e+02 1.200000e+01 2.270209e-01
1.973131e+02 1.300000e+01 2.234795e-01
1.973131e+02 1.400000e+01 2.226037e-01
1.973131e+02 1.500000e+01 2.198912e-01
1.973131e+02 1.600000e+01 2.173778e-01
1.973131e+02 1.700000e+01 2.107572e-01
1.973131e+02 1.800000e+01 2.020721e-01
1.973131e+02 1.900000e+01 1.849679e-01
1.973131e+02 2.000000e+01 1.715197e-01
2.003333e+02 0.000000e+00 1.230485e+00
2.003333e+02 1.000000e+00 1.176196e+00
2.003333e+02 2.000000e+00 1.121219e+00
2.003333e+02 3.000000e+00 1.063034e+00
2.003333e+02 4.000000e+00 1.008125e+00
2.003333e+02 5.000000e+00 9.403454e-01
2.003333e+02 6.000000e+00 7.741178e-01
2.003333e+02 7.000000e+00 5.666027e-01
2.003333e+02 8.000000e+00 3.721701e-01
2.003333e+02 9.000000e+00 2.852095e-01
2.003333e+02 1.000000e+01 2.491064e-01
2.003333e+02 1.100000e+01 2.323280e-01
2.003333e+02 1.200000e+01 2.246144e-01
2.003333e+02 1.300000e+01 2.209697e-01
2.003333e+02 1.400000e+01 2.199459e-01
2.003333e+02 1.500000e+01 2.171095e-01
2.003333e+02 1.600000e+01 2.144400e-01
2.003333e+02 1.700000e+01 2.077279e-01
2.003333e+02 1.800000e+01 1.989589e-01
2.003333e+02 1.900000e+01 1.819603e-01
2.003333e+02 2.000000e+01 1.686390e-01
2.033535e+02 0.000000e+00 1.243715e+00
2.033535e+02 1.000000e+00 1.187166e+00
2.033535e+02 2.000000e+00 1.130098e+00
2.033535e+02 3.000000e+00 1.070215e+00
2.033535e+02 4.000000e+00 1.013972e+00
2.033535e+02 5.000000e+00 9.446933e-01
2.033535e+02 6.000000e+00 7.747412e-01
2.033535e+02 7.000000e+00 5.646092e-01
2.033535e+02 8.000000e+00 3.695040e-01
2.033535e+02 9.000000e+00 2.827366e-01
2.033535e+02 1.000000e+01 2.467493e-01
2.033535e+02 1.100000e+01 2.299790e-01
2.033535e+02 1.200000e+01 2.222005e-01
2.033535e+02 1.300000e+01 2.184556e-01
2.033535e+02 1.400000e+01 2.172873e-01
2.033535e+02 1.500000e+01 2.143325e-01
2.033535e+02 1.600000e+01 2.115143e-01
2.033535e+02 1.700000e+01 2.047206e-01
2.033535e+02 1.800000e+01 1.958791e-01
2.033535e+02 1.900000e+01 1.789939e-01
2.033535e+02 2.000000e+01 1.658010e-01
2.063737e+02 0.000000e+00 1.256288e+00
2.063737e+02 1.000000e+00 1.197493e+00
2.063737e+02 2.000000e+00 1.138360e+00
2.063737e+02 3.000000e+00 1.076828e+00
2.063737e+02 4.000000e+00 1.019302e+00
2.063737e+02 5.000000e+00 9.485905e-01
2.063737e+02 6.000000e+00 7.750486e-01
2.063737e+02 7.000000e+00 5.624556e-01
2.063737e+02 8.000000e+00 3.667829e-01
2.063737e+02 9.000000e+00 2.802401e-01
2.063737e+02 1.000000e+01 2.443790e-01
2.063737e+02 1.100000e+01 2.276217e-01
2.063737e+02 1.200000e+01 2.197815e-01
2.063737e+02 1.300000e+01 2.159395e-01
2.063737e+02 1.400000e+01 2.146303e-01
2.063737e+02 1.500000e+01 2.115626e-01
2.063737e+02 1.600000e+01 2.086028e-01
2.063737e+02 1.700000e+01 2.017370e-01
2.063737e+02 1.800000e+01 1.928335e-01
2.063737e+02 1.900000e+01 1.760690e-01
2.063737e+02 2.000000e+01 1.630056e-01
2.093939e+02 0.000000e+00 1.268204e+00
2.093939e+02 1.000000e+00 1.207181e+00
2.093939e+02 2.000000e+00 1.146012e+00
2.093939e+02 3.000000e+00 1.082882e+00
2.093939e+02 4.000000e+00 1.024125e+00
2.093939e+02 5.000000e+00 9.520464e-01
2.093939e+02 6.000000e+00 7.750504e-01
2.093939e+02 7.000000e+00 5.601500e-01
2.093939e+02 8.000000e+00 3.640116e-01
2.093939e+02 9.000000e+00 2.777231e-01
2.093939e+02 1.000000e+01 2.419979e-01
2.093939e+02 1.100000e+01 2.252582e-01
2.093939e+02 1.200000e+01 2.173596e-01
2.093939e+02 1.300000e+01 2.134236e-01
2.093939e+02 1.400000e+01 2.119772e-01
2.093939e+02 1.500000e+01 2.088016e-01
2.093939e+02 1.600000e+01 2.057074e-01
2.093939e+02 1.700000e+01 1.987784e-01
2.093939e+02 1.800000e+01 1.898231e-01
2.093939e+02 1.900000e+01 1.731858e-01
2.093939e+02 2.000000e+01 1.602524e-01
2.124141e+02 0.000000e+00 1.279467e+00
2.124141e+02 1.000000e+00 1.216238e+00
2.124141e+02 2.000000e+00 1.153064e+00
2.124141e+02 3.000000e+00 1.088387e+00
2.124141e+02 4.000000e+00 1.028451e+00
2.124141e+02 5.000000e+00 9.550715e-01
2.124141e+02 6.000000e+00 7.747572e-01
2.124141e+02 7.000000e+00 5.577003e-01
2.124141e+02 8.000000e+00 3.611944e-01
2.124141e+02 9.000000e+00 2.751886e-01
2.124141e+02 1.000000e+01 2.396084e-01
2.124141e+02 1.100000e+01 2.228910e-01
2.124141e+02 1.200000e+01 2.149370e-01
2.124141e+02 1.300000e+01 2.109101e-01
2.124141e+02 1.400000e+01 2.093300e-01
2.124141e+02 1.500000e+01 2.060517e-01
2.124141e+02 1.600000e+01 2.028299e-01
2.124141e+02 1.700000e+01 1.958463e-01
2.124141e+02 1.800000e+01 1.868486e-01
2.124141e+02 1.900000e+01 1.703442e-01
2.124141e+02 2.000000e+01 1.575413e-01
2.154343e+02 0.000000e+00 1.290081e+00
2.154343e+02 1.000000e+00 1.224669e+00
2.154343e+02 2.000000e+00 1.159526e+00
2.154343e+02 3.000000e+00 1.093354e+00
2.154343e+02 4.000000e+00 1.032291e+00
2.154343e+02 5.000000e+00 9.576764e-01
2.154343e+02 6.000000e+00 7.741795e-01
2.154343e+02 7.000000e+00 5.551141e-01
2.154343e+02 8.000000e+00 3.583357e-01
2.154343e+02 9.000000e+00 2.726395e-01
2.154343e+02 1.000000e+01 2.372131e-01
2.154343e+02 1.100000e+01 2.205221e-01
2.154343e+02 1.200000e+01 2.125158e-01
2.154343e+02 1.300000e+01 2.084010e-01
2.154343e+02 1.400000e+01 2.066907e-01
2.154343e+02 1.500000e+01 2.033147e-01
2.154343e+02 1.600000e+01 1.999718e-01
2.154343e+02 1.700000e+01 1.929419e-01
2.154343e+02 1.800000e+01 1.839106e-01
2.154343e+02 1.900000e+01 1.675443e-01
2.154343e+02 2.000000e+01 1.548720e-01
2.184545e+02 0.000000e+00 1.300052e+00
2.184545e+02 1.000000e+00 1.232485e+00
2.184545e+02 2.000000e+00 1.165409e+00
2.184545e+02 3.000000e+00 1.097795e+00
2.184545e+02 4.000000e+00 1.035657e+00
2.184545e+02 5.000000e+00 9.598725e-01
2.184545e+02 6.000000e+00 7.733282e-01
2.184545e+02 7.000000e+00 5.523992e-01
2.184545e+02 8.000000e+00 3.554397e-01
2.184545e+02 9.000000e+00 2.700786e-01
2.184545e+02 1.000000e+01 2.348141e-01
2.184545e+02 1.100000e+01 2.181535e-01
2.184545e+02 1.200000e+01 2.100979e-01
2.184545e+02 1.300000e+01 2.058982e-01
2.184545e+02 1.400000e+01 2.040611e-01
2.184545e+02 1.500000e+01 2.005924e-01
2.184545e+02 1.600000e+01 1.971348e-01
2.184545e+02 1.700000e+01 1.900664e-01
2.184545e+02 1.800000e+01 1.810098e-01
2.184545e+02 1.900000e+01 1.647861e-01
2.184545e+02 2.000000e+01 1.522442e-01
2.214747e+02 0.000000e+00 1.309386e+00
2.214747e+02 1.000000e+00 1.239695e+00
2.214747e+02 2.000000e+00 1.170724e+00
2.214747e+02 3.000000e+00 1.101722e+00
2.214747e+02 4.000000e+00 1.038562e+00
2.214747e+02 5.000000e+00 9.616715e-01
2.214747e+02 6.000000e+00 7.722141e-01
2.214747e+02 7.000000e+00 5.495631e-01
2.214747e+02 8.000000e+00 3.525106e-01
2.214747e+02 9.000000e+00 2.675086e-01
2.214747e+02 1.000000e+01 2.324137e-01
2.214747e+02 1.100000e+01 2.157874e-01
2.214747e+02 1.200000e+01 2.076853e-01
2.214747e+02 1.300000e+01 2.034034e-01
2.214747e+02 1.400000e+01 2.014432e-01
2.214747e+02 1.500000e+01 1.978863e-01
2.214747e+02 1.600000e+01 1.943203e-01
2.214747e+02 1.700000e+01 1.872207e-01
2.214747e+02 1.800000e+01 1.781467e-01
2.214747e+02 1.900000e+01 1.620696e-01
2.214747e+02 2.000000e+01 1.496576e-01
2.244949e+02 0.000000e+00 1.318094e+00
2.244949e+02 1.000000e+00 1.246311e+00
2.244949e+02 2.000000e+00 1.175486e+00
2.244949e+02 3.000000e+00 1.105149e+00
2.244949e+02 4.000000e+00 1.041018e+00
2.244949e+02 5.000000e+00 9.630854e-01
2.244949e+02 6.000000e+00 7.708480e-01
2.244949e+02 7.000000e+00 5.466132e-01
2.244949e+02 8.000000e+00 3.495522e-01
2.244949e+02 9.000000e+00 2.649322e-01
2.244949e+02 1.000000e+01 2.300139e-01
2.244949e+02 1.100000e+01 2.134255e-01
2.244949e+02 1.200000e+01 2.052797e-01
2.244949e+02 1.300000e+01 2.009186e-01
2.244949e+02 1.400000e+01 1.988385e-01
2.244949e+02 1.500000e+01 1.951980e-01
2.244949e+02 1.600000e+01 1.915297e-01
2.244949e+02 1.700000e+01 1.844059e-01
2.244949e+02 1.800000e+01 1.753216e-01
2.244949e+02 1.900000e+01 1.593946e-01
2.244949e+02 2.000000e+01 1.471118e-01
2.275152e+02 0.000000e+00 1.326185e+00
2.275152e+02 1.000000e+00 1.252345e+00
2.275152e+02 2.000000e+00 1.179707e+00
2.275152e+02 3.000000e+00 1.108088e+00
2.275152e+02 4.000000e+00 1.043038e+00
2.275152e+02 5.000000e+00 9.641267e-01
2.275152e+02 6.000000e+00 7.692409e-01
2.275152e+02 7.000000e+00 5.435569e-01
2.275152e+02 8.000000e+00 3.465685e-01
2.275152e+02 9.000000e+00 2.623517e-01
2.275152e+02 1.000000e+01 2.276168e-01
2.275152e+02 1.100000e+01 2.110697e-01
2.275152e+02 1.200000e+01 2.028829e-01
2.275152e+02 1.300000e+01 1.984452e-01
2.275152e+02 1.400000e+01 1.962487e-01
2.275152e+02 1.500000e+01 1.925290e-01
2.275152e+02 1.600000e+01 1.887640e-01
2.275152e+02 1.700000e+01 1.816227e-01
2.275152e+02 1.800000e+01 1.725350e-01
2.275152e+02 1.900000e+01 1.567610e-01
2.275152e+02 2.000000e+01 1.446064e-01
2.305354e+02 0.000000e+00 1.333670e+00
2.305354e+02 1.000000e+00 1.257810e+00
2.305354e+02 2.000000e+00 1.183402e+00
2.305354e+02 3.000000e+00 1.110556e+00
2.305354e+02 4.000000e+00 1.044637e+00
2.305354e+02 5.000000e+00 9.648079e-01
2.305354e+02 6.000000e+00 7.674036e-01
2.305354e+02 7.000000e+00 5.404014e-01
2.305354e+02 8.000000e+00 3.435632e-01
2.305354e+02 9.000000e+00 2.597697e-01
2.305354e+02 1.000000e+01 2.252242e-01
2.305354e+02 1.100000e+01 2.087216e-01
2.305354e+02 1.200000e+01 2.004965e-01
2.305354e+02 1.300000e+01 1.959849e-01
2.305354e+02 1.400000e+01 1.936753e-01
2.305354e+02 1.500000e+01 1.898807e-01
2.305354e+02 1.600000e+01 1.860246e-01
2.305354e+02 1.700000e+01 1.788720e-01
2.305354e+02 1.800000e+01 1.697870e-01
2.305354e+02 1.900000e+01 1.541687e-01
2.305354e+02 2.000000e+01 1.421411e-01
2.335556e+02 0.000000e+00 1.340561e+00
2.335556e+02 1.000000e+00 1.262719e+00
2.335556e+02 2.000000e+00 1.186586e+00
2.335556e+02 3.000000e+00 1.112565e+00
2.335556e+02 4.000000e+00 1.045827e+00
2.335556e+02 5.000000e+00 9.651419e-01
2.335556e+02 6.000000e+00 7.653470e-01
2.335556e+02 7.000000e+00 5.371536e-01
2.335556e+02 8.000000e+00 3.405399e-01
2.335556e+02 9.000000e+00 2.571883e-01
2.335556e+02 1.000000e+01 2.228381e-01
2.335556e+02 1.100000e+01 2.063830e-01
2.335556e+02 1.200000e+01 1.981219e-01
2.335556e+02 1.300000e+01 1.935392e-01
2.335556e+02 1.400000e+01 1.911196e-01
2.335556e+02 1.500000e+01 1.872543e-01
2.335556e+02 1.600000e+01 1.833125e-01
2.335556e+02 1.700000e+01 1.761544e-01
2.335556e+02 1.800000e+01 1.670781e-01
2.335556e+02 1.900000e+01 1.516174e-01
2.335556e+02 2.000000e+01 1.397155e-01
2.365758e+02 0.000000e+00 1.346871e+00
2.365758e+02 1.000000e+00 1.267089e+00
2.365758e+02 2.000000e+00 1.189275e+00
2.365758e+02 3.000000e+00 1.114132e+00
2.365758e+02 4.000000e+00 1.046625e+00
2.365758e+02 5.000000e+00 9.651416e-01
2.365758e+02 6.000000e+00 7.630818e-01
2.365758e+02 7.000000e+00 5.338205e-01
2.365758e+02 8.000000e+00 3.375020e-01
2.365758e+02 9.000000e+00 2.546099e-01
2.365758e+02 1.000000e+01 2.204601e-01
2.365758e+02 1.100000e+01 2.040554e-01
2.365758e+02 1.200000e+01 1.957608e-01
2.365758e+02 1.300000e+01 1.911095e-01
2.365758e+02 1.400000e+01 1.885831e-01
2.365758e+02 1.500000e+01 1.846510e-01
2.365758e+02 1.600000e+01 1.806286e-01
2.365758e+02 1.700000e+01 1.734706e-01
2.365758e+02 1.800000e+01 1.644083e-01
2.365758e+02 1.900000e+01 1.491070e-01
2.365758e+02 2.000000e+01 1.373291e-01
2.395960e+02 0.000000e+00 1.352614e+00
2.395960e+02 1.000000e+00 1.270933e+00
2.395960e+02 2.000000e+00 1.191483e+00
2.395960e+02 3.000000e+00 1.115272e+00
2.395960e+02 4.000000e+00 1.047043e+00
2.395960e+02 5.000000e+00 9.648203e-01
2.395960e+02 6.000000e+00 7.606187e-01
2.395960e+02 7.000000e+00 5.304088e-01
2.395960e+02 8.000000e+00 3.344529e-01
2.395960e+02 9.000000e+00 2.520365e-01
2.395960e+02 1.000000e+01 2.180920e-01
2.395960e+02 1.100000e+01 2.017404e-01
2.395960e+02 1.200000e+01 1.934145e-01
2.395960e+02 1.300000e+01 1.886970e-01
2.395960e+02 1.400000e+01 1.860670e-01
2.395960e+02 1.500000e+01 1.820719e-01
2.395960e+02 1.600000e+01 1.779738e-01
2.395960e+02 1.700000e+01 1.708212e-01
2.395960e+02 1.800000e+01 1.617778e-01
2.395960e+02 1.900000e+01 1.466372e-01
2.395960e+02 2.000000e+01 1.349817e-01
2.426162e+02 0.000000e+00 1.357806e+00
2.426162e+02 1.000000e+00 1.274267e+00
2.426162e+02 2.000000e+00 1.193229e+00
2.426162e+02 3.000000e+00 1.116000e+00
2.426162e+02 4.000000e+00 1.047096e+00
2.426162e+02 5.000000e+00 9.641911e-01
2.426162e+02 6.000000e+00 7.579684e-01
2.426162e+02 7.000000e+00 5.269251e-01
2.426162e+02 8.000000e+00 3.313959e-01
2.426162e+02 9.000000e+00 2.494703e-01
2.426162e+02 1.000000e+01 2.157354e-01
2.426162e+02 1.100000e+01 1.994392e-01
2.426162e+02 1.200000e+01 1.910844e-01
2.426162e+02 1.300000e+01 1.863032e-01
2.426162e+02 1.400000e+01 1.835726e-01
2.426162e+02 1.500000e+01 1.795181e-01
2.426162e+02 1.600000e+01 1.753491e-01
2.426162e+02 1.700000e+01 1.682066e-01
2.426162e+02 1.800000e+01 1.591867e-01
2.426162e+02 1.900000e+01 1.442077e-01
2.426162e+02 2.000000e+01 1.326727e-01
2.456364e+02 0.000000e+00 1.362461e+00
2.456364e+02 1.000000e+00 1.277109e+00
2.456364e+02 2.000000e+00 1.194528e+00
2.456364e+02 3.000000e+00 1.116332e+00
2.456364e+02 4.000000e+00 1.046800e+00
2.456364e+02 5.000000e+00 9.632672e-01
2.456364e+02 6.000000e+00 7.551413e-01
2.456364e+02 7.000000e+00 5.233758e-01
2.456364e+02 8.000000e+00 3.283342e-01
2.456364e+02 9.000000e+00 2.469131e-01
2.456364e+02 1.000000e+01 2.133919e-01
2.456364e+02 1.100000e+01 1.971534e-01
2.456364e+02 1.200000e+01 1.887716e-01
2.456364e+02 1.300000e+01 1.839290e-01
2.456364e+02 1.400000e+01 1.811008e-01
2.456364e+02 1.500000e+01 1.769906e-01
2.456364e+02 1.600000e+01 1.727551e-01
2.456364e+02 1.700000e+01 1.656272e-01
2.456364e+02 1.800000e+01 1.566350e-01
2.456364e+02 1.900000e+01 1.418182e-01
2.456364e+02 2.000000e+01 1.304017e-01
2.486566e+02 0.000000e+00 1.366595e+00
2.486566e+02 1.000000e+00 1.279474e+00
2.486566e+02 2.000000e+00 1.195397e+00
2.486566e+02 3.000000e+00 1.116284e+00
2.486566e+02 4.000000e+00 1.046169e+00
2.486566e+02 5.000000e+00 9.620619e-01
2.486566e+02 6.000000e+00 7.521478e-01
2.486566e+02 7.000000e+00 5.197672e-01
2.486566e+02 8.000000e+00 3.252706e-01
2.486566e+02 9.000000e+00 2.443668e-01
2.486566e+02 1.000000e+01 2.110628e-01
2.486566e+02 1.100000e+01 1.948841e-01
2.486566e+02 1.200000e+01 1.864775e-01
2.486566e+02 1.300000e+01 1.815758e-01
2.486566e+02 1.400000e+01 1.786528e-01
2.486566e+02 1.500000e+01 1.744902e-01
2.486566e+02 1.600000e+01 1.701925e-01
2.486566e+02 1.700000e+01 1.630835e-01
2.486566e+02 1.800000e+01 1.541227e-01
2.486566e+02 1.900000e+01 1.394685e-01
2.486566e+02 2.000000e+01 1.281683e-01
2.516768e+02 0.000000e+00 1.370225e+00
2.516768e+02 1.000000e+00 1.281379e+00
2.516768e+02 2.000000e+00 1.195853e+00
2.516768e+02 3.000000e+00 1.115872e+00
2.516768e+02 4.000000e+00 1.045217e+00
2.516768e+02 5.000000e+00 9.605884e-01
2.516768e+02 6.000000e+00 7.489981e-01
2.516768e+02 7.000000e+00 5.161054e-01
2.516768e+02 8.000000e+00 3.222082e-01
2.516768e+02 9.000000e+00 2.418332e-01
2.516768e+02 1.000000e+01 2.087497e-01
2.516768e+02 1.100000e+01 1.926327e-01
2.516768e+02 1.200000e+01 1.842031e-01
2.516768e+02 1.300000e+01 1.792445e-01
2.516768e+02 1.400000e+01 1.762296e-01
2.516768e+02 1.500000e+01 1.720178e-01
2.516768e+02 1.600000e+01 1.676620e-01
2.516768e+02 1.700000e+01 1.605757e-01
2.516768e+02 1.800000e+01 1.516499e-01
2.516768e+02 1.900000e+01 1.371582e-01
2.516768e+02 2.000000e+01 1.259721e-01
2.546970e+02 0.000000e+00 1.373367e+00
2.546970e+02 1.000000e+00 1.282842e+00
2.546970e+02 2.000000e+00 1.195913e+00
2.546970e+02 3.000000e+00 1.115112e+00
2.546970e+02 4.000000e+00 1.043961e+00
2.546970e+02 5.000000e+00 9.588599e-01
2.546970e+02 6.000000e+00 7.457022e-01
2.546970e+02 7.000000e+00 5.123965e-01
2.546970e+02 8.000000e+00 3.191498e-01
2.546970e+02 9.000000e+00 2.393141e-01
2.546970e+02 1.000000e+01 2.064538e-01
2.546970e+02 1.100000e+01 1.904003e-01
2.546970e+02 1.200000e+01 1.819496e-01
2.546970e+02 1.300000e+01 1.769361e-01
2.546970e+02 1.400000e+01 1.738321e-01
2.546970e+02 1.500000e+01 1.695741e-01
2.546970e+02 1.600000e+01 1.651642e-01
2.546970e+02 1.700000e+01 1.581043e-01
2.546970e+02 1.800000e+01 1.492165e-01
2.546970e+02 1.900000e+01 1.348871e-01
2.546970e+02 2.000000e+01 1.238127e-01
2.577172e+02 0.000000e+00 1.376040e+00
2.577172e+02 1.000000e+00 1.283880e+00
2.577172e+02 2.000000e+00 1.195594e+00
2.577172e+02 3.000000e+00 1.114021e+00
2.577172e+02 4.000000e+00 1.042413e+00
2.577172e+02 5.000000e+00 9.568894e-01
2.577172e+02 6.000000e+00 7.422700e-01
2.577172e+02 7.000000e+00 5.086461e-01
2.577172e+02 8.000000e+00 3.160981e-01
2.577172e+02 9.000000e+00 2.368111e-01
2.577172e+02 1.000000e+01 2.041764e-01
2.577172e+02 1.100000e+01 1.881879e-01
2.577172e+02 1.200000e+01 1.797178e-01
2.577172e+02 1.300000e+01 1.746516e-01
2.577172e+02 1.400000e+01 1.714611e-01
2.577172e+02 1.500000e+01 1.671599e-01
2.577172e+02 1.600000e+01 1.626995e-01
2.577172e+02 1.700000e+01 1.556692e-01
2.577172e+02 1.800000e+01 1.468223e-01
2.577172e+02 1.900000e+01 1.326547e-01
2.577172e+02 2.000000e+01 1.216895e-01
2.607374e+02 0.000000e+00 1.378259e+00
2.607374e+02 1.000000e+00 1.284511e+00
2.607374e+02 2.000000e+00 1.194913e+00
2.607374e+02 3.000000e+00 1.112613e+00
2.607374e+02 4.000000e+00 1.040590e+00
2.607374e+02 5.000000e+00 9.546899e-01
2.607374e+02 6.000000e+00 7.387112e-01
2.607374e+02 7.000000e+00 5.048599e-01
2.607374e+02 8.000000e+00 3.130556e-01
2.607374e+02 9.000000e+00 2.343258e-01
2.607374e+02 1.000000e+01 2.019188e-01
2.607374e+02 1.100000e+01 1.859967e-01
2.607374e+02 1.200000e+01 1.775089e-01
2.607374e+02 1.300000e+01 1.723919e-01
2.607374e+02 1.400000e+01 1.691174e-01
2.607374e+02 1.500000e+01 1.647759e-01
2.607374e+02 1.600000e+01 1.602685e-01
2.607374e+02 1.700000e+01 1.532709e-01
2.607374e+02 1.800000e+01 1.444673e-01
2.607374e+02 1.900000e+01 1.304607e-01
2.607374e+02 2.000000e+01 1.196022e-01
2.637576e+02 0.000000e+00 1.380044e+00
2.637576e+02 1.000000e+00 1.284752e+00
2.637576e+02 2.000000e+00 1.193888e+00
2.637576e+02 3.000000e+00 1.110906e+00
2.637576e+02 4.000000e+00 1.038506e+00
2.637576e+02 5.000000e+00 9.522744e-01
2.637576e+02 6.000000e+00 7.350354e-01
2.637576e+02 7.000000e+00 5.010434e-01
2.637576e+02 8.000000e+00 3.100248e-01
2.637576e+02 9.000000e+00 2.318596e-01
2.637576e+02 1.000000e+01 1.996820e-01
2.637576e+02 1.100000e+01 1.838276e-01
2.637576e+02 1.200000e+01 1.753237e-01
2.637576e+02 1.300000e+01 1.701578e-01
2.637576e+02 1.400000e+01 1.668018e-01
2.637576e+02 1.500000e+01 1.624226e-01
2.637576e+02 1.600000e+01 1.578715e-01
2.637576e+02 1.700000e+01 1.509094e-01
2.637576e+02 1.800000e+01 1.421514e-01
2.637576e+02 1.900000e+01 1.283048e-01
2.637576e+02 2.000000e+01 1.175504e-01
2.667778e+02 0.000000e+00 1.381412e+00
2.667778e+02 1.000000e+00 1.284621e+00
2.667778e+02 2.000000e+00 1.192536e+00
2.667778e+02 3.000000e+00 1.108914e+00
2.667778e+02 4.000000e+00 1.036175e+00
2.667778e+02 5.000000e+00 9.496555e-01
2.667778e+02 6.000000e+00 7.312520e-01
2.667778e+02 7.000000e+00 4.972019e-01
2.667778e+02 8.000000e+00 3.070082e-01
2.667778e+02 9.000000e+00 2.294140e-01
2.667778e+02 1.000000e+01 1.974672e-01
2.667778e+02 1.100000e+01 1.816816e-01
2.667778e+02 1.200000e+01 1.731630e-01
2.667778e+02 1.300000e+01 1.679500e-01
2.667778e+02 1.400000e+01 1.645151e-01
2.667778e+02 1.500000e+01 1.601006e-01
2.667778e+02 1.600000e+01 1.555090e-01
2.667778e+02 1.700000e+01 1.485848e-01
2.667778e+02 1.800000e+01 1.398743e-01
2.667778e+02 1.900000e+01 1.261867e-01
2.667778e+02 2.000000e+01 1.155335e-01
2.697980e+02 0.000000e+00 1.382380e+00
2.697980e+02 1.000000e+00 1.284135e+00
2.697980e+02 2.000000e+00 1.190873e+00
2.697980e+02 3.000000e+00 1.106654e+00
2.697980e+02 4.000000e+00 1.033611e+00
2.697980e+02 5.000000e+00 9.468457e-01
2.697980e+02 6.000000e+00 7.273699e-01
2.697980e+02 7.000000e+00 4.933406e-01
2.697980e+02 8.000000e+00 3.040081e-01
2.697980e+02 9.000000e+00 2.269904e-01
2.697980e+02 1.000000e+01 1.952755e-01
2.697980e+02 1.100000e+01 1.795596e-01
2.697980e+02 1.200000e+01 1.710276e-01
2.697980e+02 1.300000e+01 1.657694e-01
2.697980e+02 1.400000e+01 1.622577e-01
2.697980e+02 1.500000e+01 1.578105e-01
2.697980e+02 1.600000e+01 1.531812e-01
2.697980e+02 1.700000e+01 1.462973e-01
2.697980e+02 1.800000e+01 1.376360e-01
2.697980e+02 1.900000e+01 1.241059e-01
2.697980e+02 2.000000e+01 1.135513e-01
2.728182e+02 0.000000e+00 1.382968e+00
2.728182e+02 1.000000e+00 1.283313e+00
2.728182e+02 2.000000e+00 1.188916e+00
2.728182e+02 3.000000e+00 1.104141e+00
2.728182e+02 4.000000e+00 1.030829e+00
2.728182e+02 5.000000e+00 9.438575e-01
2.728182e+02 6.000000e+00 7.233983e-01
2.728182e+02 7.000000e+00 4.894645e-01
2.728182e+02 8.000000e+00 3.010267e-01
2.728182e+02 9.000000e+00 2.245901e-01
2.728182e+02 1.000000e+01 1.931077e-01
2.728182e+02 1.100000e+01 1.774624e-01
2.728182e+02 1.200000e+01 1.689184e-01
2.728182e+02 1.300000e+01 1.636165e-01
2.728182e+02 1.400000e+01 1.600304e-01
2.728182e+02 1.500000e+01 1.555526e-01
2.728182e+02 1.600000e+01 1.508885e-01
2.728182e+02 1.700000e+01 1.440468e-01
2.728182e+02 1.800000e+01 1.354361e-01
2.728182e+02 1.900000e+01 1.220620e-01
2.728182e+02 2.000000e+01 1.116031e-01
2.758384e+02 0.000000e+00 1.383193e+00
2.758384e+02 1.000000e+00 1.282171e+00
2.758384e+02 2.000000e+00 1.186683e+00
2.758384e+02 3.000000e+00 1.101390e+00
2.758384e+02 4.000000e+00 1.027842e+00
2.758384e+02 5.000000e+00 9.407030e-01
2.758384e+02 6.000000e+00 7.193458e-01
2.758384e+02 7.000000e+00 4.855784e-01
2.758384e+02 8.000000e+00 2.980660e-01
2.758384e+02 9.000000e+00 2.222142e-01
2.758384e+02 1.000000e+01 1.909649e-01
2.758384e+02 1.100000e+01 1.753908e-01
2.758384e+02 1.200000e+01 1.668360e-01
2.758384e+02 1.300000e+01 1.614920e-01
2.758384e+02 1.400000e+01 1.578337e-01
2.758384e+02 1.500000e+01 1.533274e-01
2.758384e+02 1.600000e+01 1.486311e-01
2.758384e+02 1.700000e+01 1.418334e-01
2.758384e+02 1.800000e+01 1.332746e-01
2.758384e+02 1.900000e+01 1.200548e-01
2.758384e+02 2.000000e+01 1.096887e-01
2.788586e+02 0.000000e+00 1.383073e+00
2.788586e+02 1.000000e+00 1.280727e+00
2.788586e+02 2.000000e+00 1.184189e+00
2.788586e+02 3.000000e+00 1.098416e+00
2.788586e+02 4.000000e+00 1.024664e+00
2.788586e+02 5.000000e+00 9.373941e-01
2.788586e+02 6.000000e+00 7.152210e-01
2.788586e+02 7.000000e+00 4.816869e-01
2.788586e+02 8.000000e+00 2.951281e-01
2.788586e+02 9.000000e+00 2.198640e-01
2.788586e+02 1.000000e+01 1.888478e-01
2.788586e+02 1.100000e+01 1.733455e-01
2.788586e+02 1.200000e+01 1.647811e-01
2.788586e+02 1.300000e+01 1.593965e-01
2.788586e+02 1.400000e+01 1.556681e-01
2.788586e+02 1.500000e+01 1.511353e-01
2.788586e+02 1.600000e+01 1.464092e-01
2.788586e+02 1.700000e+01 1.396571e-01
2.788586e+02 1.800000e+01 1.311511e-01
2.788586e+02 1.900000e+01 1.180838e-01
2.788586e+02 2.000000e+01 1.078076e-01
2.818788e+02 0.000000e+00 1.382626e+00
2.818788e+02 1.000000e+00 1.278999e+00
2.818788e+02 2.000000e+00 1.181451e+00
2.818788e+02 3.000000e+00 1.095235e+00
2.818788e+02 4.000000e+00 1.021309e+00
2.818788e+02 5.000000e+00 9.339427e-01
2.818788e+02 6.000000e+00 7.110322e-01
2.818788e+02 7.000000e+00 4.777947e-01
2.818788e+02 8.000000e+00 2.922150e-01
2.818788e+02 9.000000e+00 2.175406e-01
2.818788e+02 1.000000e+01 1.867575e-01
2.818788e+02 1.100000e+01 1.713273e-01
2.818788e+02 1.200000e+01 1.627543e-01
2.818788e+02 1.300000e+01 1.573306e-01
2.818788e+02 1.400000e+01 1.535341e-01
2.818788e+02 1.500000e+01 1.489766e-01
2.818788e+02 1.600000e+01 1.442230e-01
2.818788e+02 1.700000e+01 1.375178e-01
2.818788e+02 1.800000e+01 1.290655e-01
2.818788e+02 1.900000e+01 1.161486e-01
2.818788e+02 2.000000e+01 1.059593e-01
2.848990e+02 0.000000e+00 1.381870e+00
2.848990e+02 1.000000e+00 1.277004e+00
2.848990e+02 2.000000e+00 1.178484e+00
2.848990e+02 3.000000e+00 1.091861e+00
2.848990e+02 4.000000e+00 1.017790e+00
2.848990e+02 5.000000e+00 9.303602e-01
2.848990e+02 6.000000e+00 7.067874e-01
2.848990e+02 7.000000e+00 4.739061e-01
2.848990e+02 8.000000e+00 2.893284e-01
2.848990e+02 9.000000e+00 2.152450e-01
2.848990e+02 1.000000e+01 1.846945e-01
2.848990e+02 1.100000e+01 1.693368e-01
2.848990e+02 1.200000e+01 1.607561e-01
2.848990e+02 1.300000e+01 1.552947e-01
2.848990e+02 1.400000e+01 1.514321e-01
2.848990e+02 1.500000e+01 1.468516e-01
2.848990e+02 1.600000e+01 1.420726e-01
2.848990e+02 1.700000e+01 1.354155e-01
2.848990e+02 1.800000e+01 1.270174e-01
2.848990e+02 1.900000e+01 1.142488e-01
2.848990e+02 2.000000e+01 1.041436e-01
2.879192e+02 0.000000e+00 1.380823e+00
2.879192e+02 1.000000e+00 1.274757e+00
2.879192e+02 2.000000e+00 1.175306e+00
2.879192e+02 3.000000e+00 1.088308e+00
2.879192e+02 4.000000e+00 1.014120e+00
2.879192e+02 5.000000e+00 9.266580e-01
2.879192e+02 6.000000e+00 7.024947e-01
2.879192e+02 7.000000e+00 4.700254e-01
2.879192e+02 8.000000e+00 2.864703e-01
2.879192e+02 9.000000e+00 2.129783e-01
2.879192e+02 1.000000e+01 1.826598e-01
2.879192e+02 1.100000e+01 1.673746e-01
2.879192e+02 1.200000e+01 1.587872e-01
2.879192e+02 1.300000e+01 1.532894e-01
2.879192e+02 1.400000e+01 1.493624e-01
2.879192e+02 1.500000e+01 1.447606e-01
2.879192e+02 1.600000e+01 1.399581e-01
2.879192e+02 1.700000e+01 1.333502e-01
2.879192e+02 1.800000e+01 1.250066e-01
2.879192e+02 1.900000e+01 1.123841e-01
2.879192e+02 2.000000e+01 1.023599e-01
2.909394e+02 0.000000e+00 1.379503e+00
2.909394e+02 1.000000e+00 1.272277e+00
2.909394e+02 2.000000e+00 1.171930e+00
2.909394e+02 3.000000e+00 1.084590e+00
2.909394e+02 4.000000e+00 1.010311e+00
2.909394e+02 5.000000e+00 9.228472e-01
2.909394e+02 6.000000e+00 6.981616e-01
2.909394e+02 7.000000e+00 4.661565e-01
2.909394e+02 8.000000e+00 2.836422e-01
2.909394e+02 9.000000e+00 2.107414e-01
2.909394e+02 1.000000e+01 1.806539e-01
2.909394e+02 1.100000e+01 1.654413e-01
2.909394e+02 1.200000e+01 1.568480e-01
2.909394e+02 1.300000e+01 1.513149e-01
2.909394e+02 1.400000e+01 1.473255e-01
2.909394e+02 1.500000e+01 1.427039e-01
2.909394e+02 1.600000e+01 1.378797e-01
2.909394e+02 1.700000e+01 1.313216e-01
2.909394e+02 1.800000e+01 1.230329e-01
2.909394e+02 1.900000e+01 1.105541e-01
2.909394e+02 2.000000e+01 1.006078e-01
2.939596e+02 0.000000e+00 1.377926e+00
2.939596e+02 1.000000e+00 1.269579e+00
2.939596e+02 2.000000e+00 1.168374e+00
2.939596e+02 3.000000e+00 1.080721e+00
2.939596e+02 4.000000e+00 1.006377e+00
2.939596e+02 5.000000e+00 9.189384e-01
2.939596e+02 6.000000e+00 6.937956e-01
2.939596e+02 7.000000e+00 4.623035e-01
2.939596e+02 8.000000e+00 2.808457e-01
2.939596e+02 9.000000e+00 2.085352e-01
2.939596e+02 1.000000e+01 1.786776e-01
2.939596e+02 1.100000e+01 1.635375e-01
2.939596e+02 1.200000e+01 1.549389e-01
2.939596e+02 1.300000e+01 1.493719e-01
2.939596e+02 1.400000e+01 1.453216e-01
2.939596e+02 1.500000e+01 1.406816e-01
2.939596e+02 1.600000e+01 1.358374e-01
2.939596e+02 1.700000e+01 1.293297e-01
2.939596e+02 1.800000e+01 1.210959e-01
2.939596e+02 1.900000e+01 1.087584e-01
2.939596e+02 2.000000e+01 9.888699e-02
2.969798e+02 0.000000e+00 1.376111e+00
2.969798e+02 1.000000e+00 1.266680e+00
2.969798e+02 2.000000e+00 1.164650e+00
2.969798e+02 3.000000e+00 1.076715e+00
2.969798e+02 4.000000e+00 1.002328e+00
2.969798e+02 5.000000e+00 9.149424e-01
2.969798e+02 6.000000e+00 6.894041e-01
2.969798e+02 7.000000e+00 4.584701e-01
2.969798e+02 8.000000e+00 2.780825e-01
2.969798e+02 9.000000e+00 2.063606e-01
2.969798e+02 1.000000e+01 1.767314e-01
2.969798e+02 1.100000e+01 1.616636e-01
2.969798e+02 1.200000e+01 1.530605e-01
2.969798e+02 1.300000e+01 1.474605e-01
2.969798e+02 1.400000e+01 1.433511e-01
2.969798e+02 1.500000e+01 1.386938e-01
2.969798e+02 1.600000e+01 1.338312e-01
2.969798e+02 1.700000e+01 1.273744e-01
2.969798e+02 1.800000e+01 1.191954e-01
2.969798e+02 1.900000e+01 1.069966e-01
2.969798e+02 2.000000e+01 9.719706e-02
3.000000e+02 0.000000e+00 1.374074e+00
3.000000e+02 1.000000e+00 1.263596e+00
3.000000e+02 2.000000e+00 1.160775e+00
3.000000e+02 3.000000e+00 1.072586e+00
3.000000e+02 4.000000e+00 9.981779e-01
3.000000e+02 5.000000e+00 9.108694e-01
3.000000e+02 6.000000e+00 6.849939e-01
3.000000e+02 7.000000e+00 4.546600e-01
3.000000e+02 8.000000e+00 2.753539e-01
3.000000e+02 9.000000e+00 2.042183e-01
3.000000e+02 1.000000e+01 1.748160e-01
3.000000e+02 1.100000e+01 1.598201e-01
3.000000e+02 1.200000e+01 1.512131e-01
3.000000e+02 1.300000e+01 1.455812e-01
3.000000e+02 1.400000e+01 1.414141e-01
3.000000e+02 1.500000e+01 1.367409e-01
3.000000e+02 1.600000e+01 1.318611e-01
3.000000e+02 1.700000e+01 1.254555e-01
3.000000e+02 1.800000e+01 1.173310e-01
3.000000e+02 1.900000e+01 1.052683e-01
3.000000e+02 2.000000e+01 9.553761e-02
