# Ea rad s(Ea,rad)
1.000000e+00 0.000000e+00 2.876104e-03
1.000000e+00 1.000000e+00 2.899769e-03
1.000000e+00 2.000000e+00 2.950881e-03
1.000000e+00 3.000000e+00 3.184963e-03
1.000000e+00 4.000000e+00 3.470836e-03
1.000000e+00 5.000000e+00 3.943628e-03
1.000000e+00 6.000000e+00 4.910317e-03
1.000000e+00 7.000000e+00 6.006764e-03
1.000000e+00 8.000000e+00 6.173187e-03
1.000000e+00 9.000000e+00 5.746985e-03
1.000000e+00 1.000000e+01 5.395828e-03
1.000000e+00 1.100000e+01 5.146856e-03
1.000000e+00 1.200000e+01 4.959132e-03
1.000000e+00 1.300000e+01 4.798079e-03
1.000000e+00 1.400000e+01 4.643429e-03
1.000000e+00 1.500000e+01 4.451938e-03
1.000000e+00 1.600000e+01 4.226954e-03
1.000000e+00 1.700000e+01 3.925734e-03
1.000000e+00 1.800000e+01 3.600594e-03
1.000000e+00 1.900000e+01 3.377821e-03
1.000000e+00 2.000000e+01 3.317444e-03
4.020202e+00 0.000000e+00 3.079399e-03
4.020202e+00 1.000000e+00 3.120538e-03
4.020202e+00 2.000000e+00 3.191678e-03
4.020202e+00 3.000000e+00 3.451495e-03
4.020202e+00 4.000000e+00 3.758346e-03
4.020202e+00 5.000000e+00 4.252298e-03
4.020202e+00 6.000000e+00 5.227751e-03
4.020202e+00 7.000000e+00 6.318778e-03
4.020202e+00 8.000000e+00 6.446112e-03
4.020202e+00 9.000000e+00 5.983137e-03
4.020202e+00 1.000000e+01 5.616384e-03
4.020202e+00 1.100000e+01 5.365090e-03
4.020202e+00 1.200000e+01 5.183912e-03
4.020202e+00 1.300000e+01 5.035400e-03
4.020202e+00 1.400000e+01 4.900358e-03
4.020202e+00 1.500000e+01 4.734396e-03
4.020202e+00 1.600000e+01 4.546548e-03
4.020202e+00 1.700000e+01 4.292587e-03
4.020202e+00 1.800000e+01 4.038084e-03
4.020202e+00 1.900000e+01 3.920154e-03
4.020202e+00 2.000000e+01 4.008301e-03
7.040404e+00 0.000000e+00 3.362220e-03
7.040404e+00 1.000000e+00 3.391275e-03
7.040404e+00 2.000000e+00 3.455159e-03
7.040404e+00 3.000000e+00 3.718438e-03
7.040404e+00 4.000000e+00 4.033950e-03
7.040404e+00 5.000000e+00 4.544331e-03
7.040404e+00 6.000000e+00 5.550179e-03
7.040404e+00 7.000000e+00 6.636263e-03
7.040404e+00 8.000000e+00 6.714834e-03
7.040404e+00 9.000000e+00 6.212122e-03
7.040404e+00 1.000000e+01 5.828457e-03
7.040404e+00 1.100000e+01 5.573911e-03
7.040404e+00 1.200000e+01 5.398326e-03
7.040404e+00 1.300000e+01 5.261148e-03
7.040404e+00 1.400000e+01 5.144324e-03
7.040404e+00 1.500000e+01 5.001530e-03
7.040404e+00 1.600000e+01 4.848358e-03
7.040404e+00 1.700000e+01 4.639072e-03
7.040404e+00 1.800000e+01 4.453613e-03
7.040404e+00 1.900000e+01 4.433323e-03
7.040404e+00 2.000000e+01 4.647135e-03
1.006061e+01 0.000000e+00 3.628088e-03
1.006061e+01 1.000000e+00 3.660054e-03
1.006061e+01 2.000000e+00 3.730923e-03
1.006061e+01 3.000000e+00 4.008040e-03
1.006061e+01 4.000000e+00 4.336163e-03
1.006061e+01 5.000000e+00 4.861429e-03
1.006061e+01 6.000000e+00 5.881568e-03
1.006061e+01 7.000000e+00 6.958441e-03
1.006061e+01 8.000000e+00 6.983193e-03
1.006061e+01 9.000000e+00 6.437493e-03
1.006061e+01 1.000000e+01 6.035474e-03
1.006061e+01 1.100000e+01 5.776697e-03
1.006061e+01 1.200000e+01 5.605731e-03
1.006061e+01 1.300000e+01 5.478666e-03
1.006061e+01 1.400000e+01 5.378620e-03
1.006061e+01 1.500000e+01 5.256573e-03
1.006061e+01 1.600000e+01 5.135332e-03
1.006061e+01 1.700000e+01 4.967439e-03
1.006061e+01 1.800000e+01 4.847646e-03
1.006061e+01 1.900000e+01 4.914645e-03
1.006061e+01 2.000000e+01 5.228078e-03
1.308081e+01 0.000000e+00 3.920999e-03
1.308081e+01 1.000000e+00 3.957590e-03
1.308081e+01 2.000000e+00 4.032798e-03
1.308081e+01 3.000000e+00 4.318999e-03
1.308081e+01 4.000000e+00 4.655034e-03
1.308081e+01 5.000000e+00 5.190476e-03
1.308081e+01 6.000000e+00 6.222246e-03
1.308081e+01 7.000000e+00 7.287220e-03
1.308081e+01 8.000000e+00 7.251472e-03
1.308081e+01 9.000000e+00 6.659766e-03
1.308081e+01 1.000000e+01 6.238064e-03
1.308081e+01 1.100000e+01 5.974141e-03
1.308081e+01 1.200000e+01 5.806877e-03
1.308081e+01 1.300000e+01 5.688786e-03
1.308081e+01 1.400000e+01 5.604147e-03
1.308081e+01 1.500000e+01 5.500581e-03
1.308081e+01 1.600000e+01 5.408572e-03
1.308081e+01 1.700000e+01 5.278610e-03
1.308081e+01 1.800000e+01 5.220149e-03
1.308081e+01 1.900000e+01 5.362696e-03
1.308081e+01 2.000000e+01 5.750204e-03
1.610101e+01 0.000000e+00 4.239454e-03
1.610101e+01 1.000000e+00 4.275444e-03
1.610101e+01 2.000000e+00 4.351017e-03
1.610101e+01 3.000000e+00 4.643853e-03
1.610101e+01 4.000000e+00 4.986895e-03
1.610101e+01 5.000000e+00 5.532147e-03
1.610101e+01 6.000000e+00 6.575215e-03
1.610101e+01 7.000000e+00 7.622104e-03
1.610101e+01 8.000000e+00 7.519530e-03
1.610101e+01 9.000000e+00 6.878953e-03
1.610101e+01 1.000000e+01 6.436349e-03
1.610101e+01 1.100000e+01 6.166446e-03
1.610101e+01 1.200000e+01 6.002036e-03
1.610101e+01 1.300000e+01 5.891863e-03
1.610101e+01 1.400000e+01 5.821342e-03
1.610101e+01 1.500000e+01 5.734166e-03
1.610101e+01 1.600000e+01 5.668786e-03
1.610101e+01 1.700000e+01 5.573250e-03
1.610101e+01 1.800000e+01 5.571178e-03
1.610101e+01 1.900000e+01 5.776944e-03
1.610101e+01 2.000000e+01 6.215045e-03
1.912121e+01 0.000000e+00 4.575093e-03
1.912121e+01 1.000000e+00 4.608301e-03
1.912121e+01 2.000000e+00 4.684184e-03
1.912121e+01 3.000000e+00 4.984321e-03
1.912121e+01 4.000000e+00 5.334750e-03
1.912121e+01 5.000000e+00 5.889400e-03
1.912121e+01 6.000000e+00 6.940364e-03
1.912121e+01 7.000000e+00 7.962703e-03
1.912121e+01 8.000000e+00 7.787013e-03
1.912121e+01 9.000000e+00 7.094852e-03
1.912121e+01 1.000000e+01 6.630250e-03
1.912121e+01 1.100000e+01 6.353611e-03
1.912121e+01 1.200000e+01 6.191272e-03
1.912121e+01 1.300000e+01 6.088041e-03
1.912121e+01 1.400000e+01 6.030422e-03
1.912121e+01 1.500000e+01 5.957703e-03
1.912121e+01 1.600000e+01 5.916453e-03
1.912121e+01 1.700000e+01 5.851852e-03
1.912121e+01 1.800000e+01 5.900806e-03
1.912121e+01 1.900000e+01 6.157413e-03
1.912121e+01 2.000000e+01 6.625388e-03
2.214141e+01 0.000000e+00 4.926173e-03
2.214141e+01 1.000000e+00 4.957635e-03
2.214141e+01 2.000000e+00 5.035368e-03
2.214141e+01 3.000000e+00 5.343407e-03
2.214141e+01 4.000000e+00 5.700708e-03
2.214141e+01 5.000000e+00 6.263100e-03
2.214141e+01 6.000000e+00 7.316987e-03
2.214141e+01 7.000000e+00 8.308694e-03
2.214141e+01 8.000000e+00 8.053445e-03
2.214141e+01 9.000000e+00 7.307167e-03
2.214141e+01 1.000000e+01 6.819590e-03
2.214141e+01 1.100000e+01 6.535534e-03
2.214141e+01 1.200000e+01 6.374540e-03
2.214141e+01 1.300000e+01 6.277343e-03
2.214141e+01 1.400000e+01 6.231471e-03
2.214141e+01 1.500000e+01 6.171420e-03
2.214141e+01 1.600000e+01 6.151895e-03
2.214141e+01 1.700000e+01 6.114774e-03
2.214141e+01 1.800000e+01 6.209129e-03
2.214141e+01 1.900000e+01 6.504541e-03
2.214141e+01 2.000000e+01 6.984670e-03
2.516162e+01 0.000000e+00 5.295287e-03
2.516162e+01 1.000000e+00 5.326708e-03
2.516162e+01 2.000000e+00 5.407110e-03
2.516162e+01 3.000000e+00 5.722448e-03
2.516162e+01 4.000000e+00 6.085183e-03
2.516162e+01 5.000000e+00 6.652954e-03
2.516162e+01 6.000000e+00 7.704707e-03
2.516162e+01 7.000000e+00 8.659642e-03
2.516162e+01 8.000000e+00 8.318295e-03
2.516162e+01 9.000000e+00 7.515560e-03
2.516162e+01 1.000000e+01 7.004148e-03
2.516162e+01 1.100000e+01 6.712060e-03
2.516162e+01 1.200000e+01 6.551736e-03
2.516162e+01 1.300000e+01 6.459721e-03
2.516162e+01 1.400000e+01 6.424493e-03
2.516162e+01 1.500000e+01 6.375440e-03
2.516162e+01 1.600000e+01 6.375325e-03
2.516162e+01 1.700000e+01 6.362287e-03
2.516162e+01 1.800000e+01 6.496293e-03
2.516162e+01 1.900000e+01 6.819098e-03
2.516162e+01 2.000000e+01 7.296624e-03
2.818182e+01 0.000000e+00 5.685562e-03
2.818182e+01 1.000000e+00 5.717674e-03
2.818182e+01 2.000000e+00 5.800377e-03
2.818182e+01 3.000000e+00 6.121570e-03
2.818182e+01 4.000000e+00 6.487923e-03
2.818182e+01 5.000000e+00 7.058536e-03
2.818182e+01 6.000000e+00 8.103371e-03
2.818182e+01 7.000000e+00 9.014991e-03
2.818182e+01 8.000000e+00 8.581017e-03
2.818182e+01 9.000000e+00 7.719680e-03
2.818182e+01 1.000000e+01 7.183683e-03
2.818182e+01 1.100000e+01 6.883012e-03
2.818182e+01 1.200000e+01 6.722726e-03
2.818182e+01 1.300000e+01 6.635090e-03
2.818182e+01 1.400000e+01 6.609446e-03
2.818182e+01 1.500000e+01 6.569828e-03
2.818182e+01 1.600000e+01 6.586886e-03
2.818182e+01 1.700000e+01 6.594615e-03
2.818182e+01 1.800000e+01 6.762515e-03
2.818182e+01 1.900000e+01 7.102124e-03
2.818182e+01 2.000000e+01 7.565060e-03
3.120202e+01 0.000000e+00 6.098911e-03
3.120202e+01 1.000000e+00 6.131295e-03
3.120202e+01 2.000000e+00 6.215244e-03
3.120202e+01 3.000000e+00 6.540572e-03
3.120202e+01 4.000000e+00 6.908680e-03
3.120202e+01 5.000000e+00 7.479618e-03
3.120202e+01 6.000000e+00 8.512832e-03
3.120202e+01 7.000000e+00 9.374109e-03
3.120202e+01 8.000000e+00 8.841062e-03
3.120202e+01 9.000000e+00 7.919178e-03
3.120202e+01 1.000000e+01 7.357952e-03
3.120202e+01 1.100000e+01 7.048205e-03
3.120202e+01 1.200000e+01 6.887367e-03
3.120202e+01 1.300000e+01 6.803351e-03
3.120202e+01 1.400000e+01 6.786269e-03
3.120202e+01 1.500000e+01 6.754615e-03
3.120202e+01 1.600000e+01 6.786692e-03
3.120202e+01 1.700000e+01 6.811967e-03
3.120202e+01 1.800000e+01 7.008096e-03
3.120202e+01 1.900000e+01 7.354873e-03
3.120202e+01 2.000000e+01 7.793729e-03
3.422222e+01 0.000000e+00 6.536017e-03
3.422222e+01 1.000000e+00 6.567609e-03
3.422222e+01 2.000000e+00 6.651597e-03
3.422222e+01 3.000000e+00 6.979359e-03
3.422222e+01 4.000000e+00 7.347386e-03
3.422222e+01 5.000000e+00 7.916135e-03
3.422222e+01 6.000000e+00 8.932827e-03
3.422222e+01 7.000000e+00 9.736327e-03
3.422222e+01 8.000000e+00 9.097893e-03
3.422222e+01 9.000000e+00 8.113720e-03
3.422222e+01 1.000000e+01 7.526726e-03
3.422222e+01 1.100000e+01 7.207466e-03
3.422222e+01 1.200000e+01 7.045521e-03
3.422222e+01 1.300000e+01 6.964403e-03
3.422222e+01 1.400000e+01 6.954896e-03
3.422222e+01 1.500000e+01 6.929821e-03
3.422222e+01 1.600000e+01 6.974840e-03
3.422222e+01 1.700000e+01 7.014557e-03
3.422222e+01 1.800000e+01 7.233426e-03
3.422222e+01 1.900000e+01 7.578753e-03
3.422222e+01 2.000000e+01 7.986233e-03
3.724242e+01 0.000000e+00 6.996913e-03
3.724242e+01 1.000000e+00 7.026520e-03
3.724242e+01 2.000000e+00 7.109461e-03
3.724242e+01 3.000000e+00 7.438010e-03
3.724242e+01 4.000000e+00 7.804089e-03
3.724242e+01 5.000000e+00 8.368051e-03
3.724242e+01 6.000000e+00 9.362964e-03
3.724242e+01 7.000000e+00 1.010096e-02
3.724242e+01 8.000000e+00 9.350996e-03
3.724242e+01 9.000000e+00 8.302995e-03
3.724242e+01 1.000000e+01 7.689793e-03
3.724242e+01 1.100000e+01 7.360633e-03
3.724242e+01 1.200000e+01 7.197061e-03
3.724242e+01 1.300000e+01 7.118158e-03
3.724242e+01 1.400000e+01 7.115271e-03
3.724242e+01 1.500000e+01 7.095466e-03
3.724242e+01 1.600000e+01 7.151434e-03
3.724242e+01 1.700000e+01 7.202619e-03
3.724242e+01 1.800000e+01 7.438980e-03
3.724242e+01 1.900000e+01 7.775282e-03
3.724242e+01 2.000000e+01 8.145978e-03
4.026263e+01 0.000000e+00 7.481501e-03
4.026263e+01 1.000000e+00 7.508077e-03
4.026263e+01 2.000000e+00 7.589031e-03
4.026263e+01 3.000000e+00 7.916684e-03
4.026263e+01 4.000000e+00 8.278838e-03
4.026263e+01 5.000000e+00 8.835269e-03
4.026263e+01 6.000000e+00 9.802751e-03
4.026263e+01 7.000000e+00 1.046733e-02
4.026263e+01 8.000000e+00 9.599879e-03
4.026263e+01 9.000000e+00 8.486718e-03
4.026263e+01 1.000000e+01 7.846963e-03
4.026263e+01 1.100000e+01 7.507568e-03
4.026263e+01 1.200000e+01 7.341881e-03
4.026263e+01 1.300000e+01 7.264542e-03
4.026263e+01 1.400000e+01 7.267355e-03
4.026263e+01 1.500000e+01 7.251585e-03
4.026263e+01 1.600000e+01 7.316590e-03
4.026263e+01 1.700000e+01 7.376414e-03
4.026263e+01 1.800000e+01 7.625313e-03
4.026263e+01 1.900000e+01 7.946045e-03
4.026263e+01 2.000000e+01 8.276141e-03
4.328283e+01 0.000000e+00 7.989815e-03
4.328283e+01 1.000000e+00 8.012512e-03
4.328283e+01 2.000000e+00 8.090576e-03
4.328283e+01 3.000000e+00 8.415509e-03
4.328283e+01 4.000000e+00 8.771599e-03
4.328283e+01 5.000000e+00 9.317590e-03
4.328283e+01 6.000000e+00 1.025163e-02
4.328283e+01 7.000000e+00 1.083472e-02
4.328283e+01 8.000000e+00 9.844081e-03
4.328283e+01 9.000000e+00 8.664635e-03
4.328283e+01 1.000000e+01 7.998073e-03
4.328283e+01 1.100000e+01 7.648154e-03
4.328283e+01 1.200000e+01 7.479898e-03
4.328283e+01 1.300000e+01 7.403504e-03
4.328283e+01 1.400000e+01 7.411126e-03
4.328283e+01 1.500000e+01 7.398228e-03
4.328283e+01 1.600000e+01 7.470448e-03
4.328283e+01 1.700000e+01 7.536238e-03
4.328283e+01 1.800000e+01 7.793049e-03
4.328283e+01 1.900000e+01 8.092650e-03
4.328283e+01 2.000000e+01 8.379665e-03
4.630303e+01 0.000000e+00 8.522075e-03
4.630303e+01 1.000000e+00 8.540154e-03
4.630303e+01 2.000000e+00 8.614327e-03
4.630303e+01 3.000000e+00 8.934507e-03
4.630303e+01 4.000000e+00 9.282223e-03
4.630303e+01 5.000000e+00 9.814705e-03
4.630303e+01 6.000000e+00 1.070898e-02
4.630303e+01 7.000000e+00 1.120246e-02
4.630303e+01 8.000000e+00 1.008317e-02
4.630303e+01 9.000000e+00 8.836519e-03
4.630303e+01 1.000000e+01 8.142987e-03
4.630303e+01 1.100000e+01 7.782300e-03
4.630303e+01 1.200000e+01 7.611050e-03
4.630303e+01 1.300000e+01 7.535014e-03
4.630303e+01 1.400000e+01 7.546590e-03
4.630303e+01 1.500000e+01 7.535468e-03
4.630303e+01 1.600000e+01 7.613168e-03
4.630303e+01 1.700000e+01 7.682417e-03
4.630303e+01 1.800000e+01 7.942870e-03
4.630303e+01 1.900000e+01 8.216709e-03
4.630303e+01 2.000000e+01 8.459254e-03
4.932323e+01 0.000000e+00 9.078625e-03
4.932323e+01 1.000000e+00 9.091312e-03
4.932323e+01 2.000000e+00 9.160404e-03
4.932323e+01 3.000000e+00 9.473569e-03
4.932323e+01 4.000000e+00 9.810445e-03
4.932323e+01 5.000000e+00 1.032621e-02
4.932323e+01 6.000000e+00 1.117417e-02
4.932323e+01 7.000000e+00 1.156984e-02
4.932323e+01 8.000000e+00 1.031676e-02
4.932323e+01 9.000000e+00 9.002179e-03
4.932323e+01 1.000000e+01 8.281594e-03
4.932323e+01 1.100000e+01 7.909939e-03
4.932323e+01 1.200000e+01 7.735301e-03
4.932323e+01 1.300000e+01 7.659068e-03
4.932323e+01 1.400000e+01 7.673775e-03
4.932323e+01 1.500000e+01 7.663398e-03
4.932323e+01 1.600000e+01 7.744938e-03
4.932323e+01 1.700000e+01 7.815310e-03
4.932323e+01 1.800000e+01 8.075502e-03
4.932323e+01 1.900000e+01 8.319804e-03
4.932323e+01 2.000000e+01 8.517385e-03
5.234343e+01 0.000000e+00 9.659830e-03
5.234343e+01 1.000000e+00 9.666198e-03
5.234343e+01 2.000000e+00 9.728777e-03
5.234343e+01 3.000000e+00 1.003245e-02
5.234343e+01 4.000000e+00 1.035589e-02
5.234343e+01 5.000000e+00 1.085163e-02
5.234343e+01 6.000000e+00 1.164652e-02
5.234343e+01 7.000000e+00 1.193619e-02
5.234343e+01 8.000000e+00 1.054448e-02
5.234343e+01 9.000000e+00 9.161451e-03
5.234343e+01 1.000000e+01 8.413812e-03
5.234343e+01 1.100000e+01 8.031030e-03
5.234343e+01 1.200000e+01 7.852639e-03
5.234343e+01 1.300000e+01 7.775684e-03
5.234343e+01 1.400000e+01 7.792734e-03
5.234343e+01 1.500000e+01 7.782137e-03
5.234343e+01 1.600000e+01 7.865969e-03
5.234343e+01 1.700000e+01 7.935302e-03
5.234343e+01 1.800000e+01 8.191703e-03
5.234343e+01 1.900000e+01 8.403478e-03
5.234343e+01 2.000000e+01 8.556311e-03
5.536364e+01 0.000000e+00 1.026598e-02
5.536364e+01 1.000000e+00 1.026487e-02
5.536364e+01 2.000000e+00 1.031927e-02
5.536364e+01 3.000000e+00 1.061080e-02
5.536364e+01 4.000000e+00 1.091810e-02
5.536364e+01 5.000000e+00 1.139041e-02
5.536364e+01 6.000000e+00 1.212534e-02
5.536364e+01 7.000000e+00 1.230083e-02
5.536364e+01 8.000000e+00 1.076600e-02
5.536364e+01 9.000000e+00 9.314203e-03
5.536364e+01 1.000000e+01 8.539583e-03
5.536364e+01 1.100000e+01 8.145555e-03
5.536364e+01 1.200000e+01 7.963075e-03
5.536364e+01 1.300000e+01 7.884902e-03
5.536364e+01 1.400000e+01 7.903543e-03
5.536364e+01 1.500000e+01 7.891823e-03
5.536364e+01 1.600000e+01 7.976496e-03
5.536364e+01 1.700000e+01 8.042808e-03
5.536364e+01 1.800000e+01 8.292254e-03
5.536364e+01 1.900000e+01 8.469216e-03
5.536364e+01 2.000000e+01 8.578083e-03
5.838384e+01 0.000000e+00 1.089724e-02
5.838384e+01 1.000000e+00 1.088724e-02
5.838384e+01 2.000000e+00 1.093155e-02
5.838384e+01 3.000000e+00 1.120814e-02
5.838384e+01 4.000000e+00 1.149653e-02
5.838384e+01 5.000000e+00 1.194195e-02
5.838384e+01 6.000000e+00 1.260989e-02
5.838384e+01 7.000000e+00 1.266309e-02
5.838384e+01 8.000000e+00 1.098104e-02
5.838384e+01 9.000000e+00 9.460329e-03
5.838384e+01 1.000000e+01 8.658874e-03
5.838384e+01 1.100000e+01 8.253516e-03
5.838384e+01 1.200000e+01 8.066640e-03
5.838384e+01 1.300000e+01 7.986783e-03
5.838384e+01 1.400000e+01 8.006299e-03
5.838384e+01 1.500000e+01 7.992617e-03
5.838384e+01 1.600000e+01 8.076777e-03
5.838384e+01 1.700000e+01 8.138257e-03
5.838384e+01 1.800000e+01 8.377948e-03
5.838384e+01 1.900000e+01 8.518438e-03
5.838384e+01 2.000000e+01 8.584555e-03
6.140404e+01 0.000000e+00 1.155361e-02
6.140404e+01 1.000000e+00 1.153304e-02
6.140404e+01 2.000000e+00 1.156521e-02
6.140404e+01 3.000000e+00 1.182393e-02
6.140404e+01 4.000000e+00 1.209057e-02
6.140404e+01 5.000000e+00 1.250560e-02
6.140404e+01 6.000000e+00 1.309942e-02
6.140404e+01 7.000000e+00 1.302234e-02
6.140404e+01 8.000000e+00 1.118934e-02
6.140404e+01 9.000000e+00 9.599753e-03
6.140404e+01 1.000000e+01 8.771673e-03
6.140404e+01 1.100000e+01 8.354939e-03
6.140404e+01 1.200000e+01 8.163386e-03
6.140404e+01 1.300000e+01 8.081411e-03
6.140404e+01 1.400000e+01 8.101120e-03
6.140404e+01 1.500000e+01 8.084699e-03
6.140404e+01 1.600000e+01 8.167085e-03
6.140404e+01 1.700000e+01 8.222100e-03
6.140404e+01 1.800000e+01 8.449579e-03
6.140404e+01 1.900000e+01 8.552492e-03
6.140404e+01 2.000000e+01 8.577408e-03
6.442424e+01 0.000000e+00 1.223492e-02
6.442424e+01 1.000000e+00 1.220190e-02
6.442424e+01 2.000000e+00 1.221969e-02
6.442424e+01 3.000000e+00 1.245754e-02
6.442424e+01 4.000000e+00 1.269955e-02
6.442424e+01 5.000000e+00 1.308065e-02
6.442424e+01 6.000000e+00 1.359315e-02
6.442424e+01 7.000000e+00 1.337795e-02
6.442424e+01 8.000000e+00 1.139066e-02
6.442424e+01 9.000000e+00 9.732421e-03
6.442424e+01 1.000000e+01 8.877992e-03
6.442424e+01 1.100000e+01 8.449868e-03
6.442424e+01 1.200000e+01 8.253384e-03
6.442424e+01 1.300000e+01 8.168884e-03
6.442424e+01 1.400000e+01 8.188143e-03
6.442424e+01 1.500000e+01 8.168263e-03
6.442424e+01 1.600000e+01 8.247714e-03
6.442424e+01 1.700000e+01 8.294796e-03
6.442424e+01 1.800000e+01 8.507938e-03
6.442424e+01 1.900000e+01 8.572651e-03
6.442424e+01 2.000000e+01 8.558155e-03
6.744444e+01 0.000000e+00 1.294087e-02
6.744444e+01 1.000000e+00 1.289332e-02
6.744444e+01 2.000000e+00 1.289436e-02
6.744444e+01 3.000000e+00 1.310825e-02
6.744444e+01 4.000000e+00 1.332271e-02
6.744444e+01 5.000000e+00 1.366637e-02
6.744444e+01 6.000000e+00 1.409027e-02
6.744444e+01 7.000000e+00 1.372931e-02
6.744444e+01 8.000000e+00 1.158483e-02
6.744444e+01 9.000000e+00 9.858306e-03
6.744444e+01 1.000000e+01 8.977859e-03
6.744444e+01 1.100000e+01 8.538363e-03
6.744444e+01 1.200000e+01 8.336721e-03
6.744444e+01 1.300000e+01 8.249318e-03
6.744444e+01 1.400000e+01 8.267521e-03
6.744444e+01 1.500000e+01 8.243521e-03
6.744444e+01 1.600000e+01 8.318967e-03
6.744444e+01 1.700000e+01 8.356815e-03
6.744444e+01 1.800000e+01 8.553804e-03
6.744444e+01 1.900000e+01 8.580115e-03
6.744444e+01 2.000000e+01 8.528163e-03
7.046465e+01 0.000000e+00 1.367101e-02
7.046465e+01 1.000000e+00 1.360668e-02
7.046465e+01 2.000000e+00 1.358850e-02
7.046465e+01 3.000000e+00 1.377529e-02
7.046465e+01 4.000000e+00 1.395929e-02
7.046465e+01 5.000000e+00 1.426197e-02
7.046465e+01 6.000000e+00 1.458996e-02
7.046465e+01 7.000000e+00 1.407586e-02
7.046465e+01 8.000000e+00 1.177166e-02
7.046465e+01 9.000000e+00 9.977400e-03
7.046465e+01 1.000000e+01 9.071323e-03
7.046465e+01 1.100000e+01 8.620502e-03
7.046465e+01 1.200000e+01 8.413499e-03
7.046465e+01 1.300000e+01 8.322843e-03
7.046465e+01 1.400000e+01 8.339420e-03
7.046465e+01 1.500000e+01 8.310697e-03
7.046465e+01 1.600000e+01 8.381161e-03
7.046465e+01 1.700000e+01 8.408630e-03
7.046465e+01 1.800000e+01 8.587941e-03
7.046465e+01 1.900000e+01 8.576004e-03
7.046465e+01 2.000000e+01 8.488663e-03
7.348485e+01 0.000000e+00 1.442477e-02
7.348485e+01 1.000000e+00 1.434127e-02
7.348485e+01 2.000000e+00 1.430130e-02
7.348485e+01 3.000000e+00 1.445781e-02
7.348485e+01 4.000000e+00 1.460842e-02
7.348485e+01 5.000000e+00 1.486661e-02
7.348485e+01 6.000000e+00 1.509137e-02
7.348485e+01 7.000000e+00 1.441704e-02
7.348485e+01 8.000000e+00 1.195103e-02
7.348485e+01 9.000000e+00 1.008972e-02
7.348485e+01 1.000000e+01 9.158446e-03
7.348485e+01 1.100000e+01 8.696375e-03
7.348485e+01 1.200000e+01 8.483834e-03
7.348485e+01 1.300000e+01 8.389603e-03
7.348485e+01 1.400000e+01 8.404019e-03
7.348485e+01 1.500000e+01 8.370025e-03
7.348485e+01 1.600000e+01 8.434621e-03
7.348485e+01 1.700000e+01 8.450716e-03
7.348485e+01 1.800000e+01 8.611093e-03
7.348485e+01 1.900000e+01 8.561365e-03
7.348485e+01 2.000000e+01 8.440760e-03
7.650505e+01 0.000000e+00 1.520149e-02
7.650505e+01 1.000000e+00 1.509631e-02
7.650505e+01 2.000000e+00 1.503188e-02
7.650505e+01 3.000000e+00 1.515490e-02
7.650505e+01 4.000000e+00 1.526921e-02
7.650505e+01 5.000000e+00 1.547943e-02
7.650505e+01 6.000000e+00 1.559366e-02
7.650505e+01 7.000000e+00 1.475233e-02
7.650505e+01 8.000000e+00 1.212283e-02
7.650505e+01 9.000000e+00 1.019529e-02
7.650505e+01 1.000000e+01 9.239307e-03
7.650505e+01 1.100000e+01 8.766087e-03
7.650505e+01 1.200000e+01 8.547852e-03
7.650505e+01 1.300000e+01 8.449750e-03
7.650505e+01 1.400000e+01 8.461510e-03
7.650505e+01 1.500000e+01 8.421748e-03
7.650505e+01 1.600000e+01 8.479675e-03
7.650505e+01 1.700000e+01 8.483543e-03
7.650505e+01 1.800000e+01 8.623978e-03
7.650505e+01 1.900000e+01 8.537174e-03
7.650505e+01 2.000000e+01 8.385450e-03
7.952525e+01 0.000000e+00 1.600040e-02
7.952525e+01 1.000000e+00 1.587092e-02
7.952525e+01 2.000000e+00 1.577928e-02
7.952525e+01 3.000000e+00 1.586560e-02
7.952525e+01 4.000000e+00 1.594071e-02
7.952525e+01 5.000000e+00 1.609952e-02
7.952525e+01 6.000000e+00 1.609598e-02
7.952525e+01 7.000000e+00 1.508124e-02
7.952525e+01 8.000000e+00 1.228698e-02
7.952525e+01 9.000000e+00 1.029418e-02
7.952525e+01 1.000000e+01 9.313996e-03
7.952525e+01 1.100000e+01 8.829751e-03
7.952525e+01 1.200000e+01 8.605691e-03
7.952525e+01 1.300000e+01 8.503448e-03
7.952525e+01 1.400000e+01 8.512089e-03
7.952525e+01 1.500000e+01 8.466116e-03
7.952525e+01 1.600000e+01 8.516658e-03
7.952525e+01 1.700000e+01 8.507581e-03
7.952525e+01 1.800000e+01 8.627292e-03
7.952525e+01 1.900000e+01 8.504335e-03
7.952525e+01 2.000000e+01 8.323625e-03
8.254545e+01 0.000000e+00 1.682064e-02
8.254545e+01 1.000000e+00 1.666412e-02
8.254545e+01 2.000000e+00 1.654247e-02
8.254545e+01 3.000000e+00 1.658887e-02
8.254545e+01 4.000000e+00 1.662192e-02
8.254545e+01 5.000000e+00 1.672594e-02
8.254545e+01 6.000000e+00 1.659746e-02
8.254545e+01 7.000000e+00 1.540332e-02
8.254545e+01 8.000000e+00 1.244342e-02
8.254545e+01 9.000000e+00 1.038643e-02
8.254545e+01 1.000000e+01 9.382616e-03
8.254545e+01 1.100000e+01 8.887492e-03
8.254545e+01 1.200000e+01 8.657496e-03
8.254545e+01 1.300000e+01 8.550869e-03
8.254545e+01 1.400000e+01 8.555964e-03
8.254545e+01 1.500000e+01 8.503384e-03
8.254545e+01 1.600000e+01 8.545905e-03
8.254545e+01 1.700000e+01 8.523289e-03
8.254545e+01 1.800000e+01 8.621700e-03
8.254545e+01 1.900000e+01 8.463687e-03
8.254545e+01 2.000000e+01 8.256087e-03
8.556566e+01 0.000000e+00 1.766126e-02
8.556566e+01 1.000000e+00 1.747490e-02
8.556566e+01 2.000000e+00 1.732036e-02
8.556566e+01 3.000000e+00 1.732364e-02
8.556566e+01 4.000000e+00 1.731181e-02
8.556566e+01 5.000000e+00 1.735772e-02
8.556566e+01 6.000000e+00 1.709726e-02
8.556566e+01 7.000000e+00 1.571812e-02
8.556566e+01 8.000000e+00 1.259212e-02
8.556566e+01 9.000000e+00 1.047213e-02
8.556566e+01 1.000000e+01 9.445278e-03
8.556566e+01 1.100000e+01 8.939443e-03
8.556566e+01 1.200000e+01 8.703420e-03
8.556566e+01 1.300000e+01 8.592189e-03
8.556566e+01 1.400000e+01 8.593346e-03
8.556566e+01 1.500000e+01 8.533810e-03
8.556566e+01 1.600000e+01 8.567752e-03
8.556566e+01 1.700000e+01 8.531121e-03
8.556566e+01 1.800000e+01 8.607841e-03
8.556566e+01 1.900000e+01 8.416004e-03
8.556566e+01 2.000000e+01 8.183558e-03
8.858586e+01 0.000000e+00 1.852123e-02
8.858586e+01 1.000000e+00 1.830213e-02
8.858586e+01 2.000000e+00 1.811179e-02
8.858586e+01 3.000000e+00 1.806877e-02
8.858586e+01 4.000000e+00 1.800929e-02
8.858586e+01 5.000000e+00 1.799385e-02
8.858586e+01 6.000000e+00 1.759453e-02
8.858586e+01 7.000000e+00 1.602525e-02
8.858586e+01 8.000000e+00 1.273307e-02
8.858586e+01 9.000000e+00 1.055137e-02
8.858586e+01 1.000000e+01 9.502105e-03
8.858586e+01 1.100000e+01 8.985744e-03
8.858586e+01 1.200000e+01 8.743623e-03
8.858586e+01 1.300000e+01 8.627591e-03
8.858586e+01 1.400000e+01 8.624449e-03
8.858586e+01 1.500000e+01 8.557656e-03
8.858586e+01 1.600000e+01 8.582531e-03
8.858586e+01 1.700000e+01 8.531517e-03
8.858586e+01 1.800000e+01 8.586323e-03
8.858586e+01 1.900000e+01 8.362001e-03
8.858586e+01 2.000000e+01 8.106683e-03
9.160606e+01 0.000000e+00 1.939945e-02
9.160606e+01 1.000000e+00 1.914464e-02
9.160606e+01 2.000000e+00 1.891555e-02
9.160606e+01 3.000000e+00 1.882310e-02
9.160606e+01 4.000000e+00 1.871326e-02
9.160606e+01 5.000000e+00 1.863333e-02
9.160606e+01 6.000000e+00 1.808845e-02
9.160606e+01 7.000000e+00 1.632435e-02
9.160606e+01 8.000000e+00 1.286628e-02
9.160606e+01 9.000000e+00 1.062426e-02
9.160606e+01 1.000000e+01 9.553225e-03
9.160606e+01 1.100000e+01 9.026540e-03
9.160606e+01 1.200000e+01 8.778269e-03
9.160606e+01 1.300000e+01 8.657262e-03
9.160606e+01 1.400000e+01 8.649494e-03
9.160606e+01 1.500000e+01 8.575182e-03
9.160606e+01 1.600000e+01 8.590573e-03
9.160606e+01 1.700000e+01 8.524909e-03
9.160606e+01 1.800000e+01 8.557726e-03
9.160606e+01 1.900000e+01 8.302339e-03
9.160606e+01 2.000000e+01 8.026041e-03
9.462626e+01 0.000000e+00 2.029473e-02
9.462626e+01 1.000000e+00 2.000119e-02
9.462626e+01 2.000000e+00 1.973037e-02
9.462626e+01 3.000000e+00 1.958541e-02
9.462626e+01 4.000000e+00 1.942257e-02
9.462626e+01 5.000000e+00 1.927511e-02
9.462626e+01 6.000000e+00 1.857821e-02
9.462626e+01 7.000000e+00 1.661508e-02
9.462626e+01 8.000000e+00 1.299176e-02
9.462626e+01 9.000000e+00 1.069091e-02
9.462626e+01 1.000000e+01 9.598773e-03
9.462626e+01 1.100000e+01 9.061981e-03
9.462626e+01 1.200000e+01 8.807525e-03
9.462626e+01 1.300000e+01 8.681392e-03
9.462626e+01 1.400000e+01 8.668700e-03
9.462626e+01 1.500000e+01 8.586650e-03
9.462626e+01 1.600000e+01 8.592204e-03
9.462626e+01 1.700000e+01 8.511714e-03
9.462626e+01 1.800000e+01 8.522597e-03
9.462626e+01 1.900000e+01 8.237622e-03
9.462626e+01 2.000000e+01 7.942152e-03
9.764646e+01 0.000000e+00 2.120582e-02
9.764646e+01 1.000000e+00 2.087050e-02
9.764646e+01 2.000000e+00 2.055495e-02
9.764646e+01 3.000000e+00 2.035445e-02
9.764646e+01 4.000000e+00 2.013605e-02
9.764646e+01 5.000000e+00 1.991814e-02
9.764646e+01 6.000000e+00 1.906301e-02
9.764646e+01 7.000000e+00 1.689714e-02
9.764646e+01 8.000000e+00 1.310958e-02
9.764646e+01 9.000000e+00 1.075143e-02
9.764646e+01 1.000000e+01 9.638891e-03
9.764646e+01 1.100000e+01 9.092223e-03
9.764646e+01 1.200000e+01 8.831563e-03
9.764646e+01 1.300000e+01 8.700172e-03
9.764646e+01 1.400000e+01 8.682289e-03
9.764646e+01 1.500000e+01 8.592318e-03
9.764646e+01 1.600000e+01 8.587745e-03
9.764646e+01 1.700000e+01 8.492336e-03
9.764646e+01 1.800000e+01 8.481459e-03
9.764646e+01 1.900000e+01 8.168409e-03
9.764646e+01 2.000000e+01 7.855483e-03
1.006667e+02 0.000000e+00 2.213142e-02
1.006667e+02 1.000000e+00 2.175122e-02
1.006667e+02 2.000000e+00 2.138794e-02
1.006667e+02 3.000000e+00 2.112894e-02
1.006667e+02 4.000000e+00 2.085251e-02
1.006667e+02 5.000000e+00 2.056137e-02
1.006667e+02 6.000000e+00 1.954210e-02
1.006667e+02 7.000000e+00 1.717025e-02
1.006667e+02 8.000000e+00 1.321978e-02
1.006667e+02 9.000000e+00 1.080596e-02
1.006667e+02 1.000000e+01 9.673723e-03
1.006667e+02 1.100000e+01 9.117421e-03
1.006667e+02 1.200000e+01 8.850555e-03
1.006667e+02 1.300000e+01 8.713795e-03
1.006667e+02 1.400000e+01 8.690482e-03
1.006667e+02 1.500000e+01 8.592444e-03
1.006667e+02 1.600000e+01 8.577509e-03
1.006667e+02 1.700000e+01 8.467167e-03
1.006667e+02 1.800000e+01 8.434803e-03
1.006667e+02 1.900000e+01 8.095210e-03
1.006667e+02 2.000000e+01 7.766451e-03
1.036869e+02 0.000000e+00 2.307017e-02
1.036869e+02 1.000000e+00 2.264196e-02
1.036869e+02 2.000000e+00 2.222796e-02
1.036869e+02 3.000000e+00 2.190758e-02
1.036869e+02 4.000000e+00 2.157076e-02
1.036869e+02 5.000000e+00 2.120373e-02
1.036869e+02 6.000000e+00 2.001472e-02
1.036869e+02 7.000000e+00 1.743417e-02
1.036869e+02 8.000000e+00 1.332245e-02
1.036869e+02 9.000000e+00 1.085463e-02
1.036869e+02 1.000000e+01 9.703419e-03
1.036869e+02 1.100000e+01 9.137738e-03
1.036869e+02 1.200000e+01 8.864676e-03
1.036869e+02 1.300000e+01 8.722453e-03
1.036869e+02 1.400000e+01 8.693499e-03
1.036869e+02 1.500000e+01 8.587282e-03
1.036869e+02 1.600000e+01 8.561803e-03
1.036869e+02 1.700000e+01 8.436581e-03
1.036869e+02 1.800000e+01 8.383092e-03
1.036869e+02 1.900000e+01 8.018496e-03
1.036869e+02 2.000000e+01 7.675432e-03
1.067071e+02 0.000000e+00 2.402064e-02
1.067071e+02 1.000000e+00 2.354131e-02
1.067071e+02 2.000000e+00 2.307361e-02
1.067071e+02 3.000000e+00 2.268905e-02
1.067071e+02 4.000000e+00 2.228957e-02
1.067071e+02 5.000000e+00 2.184419e-02
1.067071e+02 6.000000e+00 2.048018e-02
1.067071e+02 7.000000e+00 1.768869e-02
1.067071e+02 8.000000e+00 1.341767e-02
1.067071e+02 9.000000e+00 1.089759e-02
1.067071e+02 1.000000e+01 9.728131e-03
1.067071e+02 1.100000e+01 9.153333e-03
1.067071e+02 1.200000e+01 8.874101e-03
1.067071e+02 1.300000e+01 8.726339e-03
1.067071e+02 1.400000e+01 8.691557e-03
1.067071e+02 1.500000e+01 8.577081e-03
1.067071e+02 1.600000e+01 8.540927e-03
1.067071e+02 1.700000e+01 8.400941e-03
1.067071e+02 1.800000e+01 8.326764e-03
1.067071e+02 1.900000e+01 7.938694e-03
1.067071e+02 2.000000e+01 7.582762e-03
1.097273e+02 0.000000e+00 2.498140e-02
1.097273e+02 1.000000e+00 2.444783e-02
1.097273e+02 2.000000e+00 2.392344e-02
1.097273e+02 3.000000e+00 2.347202e-02
1.097273e+02 4.000000e+00 2.300775e-02
1.097273e+02 5.000000e+00 2.248170e-02
1.097273e+02 6.000000e+00 2.093779e-02
1.097273e+02 7.000000e+00 1.793364e-02
1.097273e+02 8.000000e+00 1.350556e-02
1.097273e+02 9.000000e+00 1.093498e-02
1.097273e+02 1.000000e+01 9.748012e-03
1.097273e+02 1.100000e+01 9.164368e-03
1.097273e+02 1.200000e+01 8.879003e-03
1.097273e+02 1.300000e+01 8.725644e-03
1.097273e+02 1.400000e+01 8.684875e-03
1.097273e+02 1.500000e+01 8.562088e-03
1.097273e+02 1.600000e+01 8.515173e-03
1.097273e+02 1.700000e+01 8.360593e-03
1.097273e+02 1.800000e+01 8.266229e-03
1.097273e+02 1.900000e+01 7.856199e-03
1.097273e+02 2.000000e+01 7.488742e-03
1.127475e+02 0.000000e+00 2.595095e-02
1.127475e+02 1.000000e+00 2.536002e-02
1.127475e+02 2.000000e+00 2.477603e-02
1.127475e+02 3.000000e+00 2.425515e-02
1.127475e+02 4.000000e+00 2.372407e-02
1.127475e+02 5.000000e+00 2.311522e-02
1.127475e+02 6.000000e+00 2.138691e-02
1.127475e+02 7.000000e+00 1.816886e-02
1.127475e+02 8.000000e+00 1.358621e-02
1.127475e+02 9.000000e+00 1.096695e-02
1.127475e+02 1.000000e+01 9.763220e-03
1.127475e+02 1.100000e+01 9.171007e-03
1.127475e+02 1.200000e+01 8.879557e-03
1.127475e+02 1.300000e+01 8.720559e-03
1.127475e+02 1.400000e+01 8.673663e-03
1.127475e+02 1.500000e+01 8.542542e-03
1.127475e+02 1.600000e+01 8.484822e-03
1.127475e+02 1.700000e+01 8.315869e-03
1.127475e+02 1.800000e+01 8.201875e-03
1.127475e+02 1.900000e+01 7.771369e-03
1.127475e+02 2.000000e+01 7.393644e-03
1.157677e+02 0.000000e+00 2.692780e-02
1.157677e+02 1.000000e+00 2.627641e-02
1.157677e+02 2.000000e+00 2.562990e-02
1.157677e+02 3.000000e+00 2.503712e-02
1.157677e+02 4.000000e+00 2.443735e-02
1.157677e+02 5.000000e+00 2.374376e-02
1.157677e+02 6.000000e+00 2.182692e-02
1.157677e+02 7.000000e+00 1.839423e-02
1.157677e+02 8.000000e+00 1.365975e-02
1.157677e+02 9.000000e+00 1.099365e-02
1.157677e+02 1.000000e+01 9.773909e-03
1.157677e+02 1.100000e+01 9.173411e-03
1.157677e+02 1.200000e+01 8.875936e-03
1.157677e+02 1.300000e+01 8.711270e-03
1.157677e+02 1.400000e+01 8.658134e-03
1.157677e+02 1.500000e+01 8.518680e-03
1.157677e+02 1.600000e+01 8.450150e-03
1.157677e+02 1.700000e+01 8.267087e-03
1.157677e+02 1.800000e+01 8.134061e-03
1.157677e+02 1.900000e+01 7.684533e-03
1.157677e+02 2.000000e+01 7.297710e-03
1.187879e+02 0.000000e+00 2.791040e-02
1.187879e+02 1.000000e+00 2.719549e-02
1.187879e+02 2.000000e+00 2.648362e-02
1.187879e+02 3.000000e+00 2.581658e-02
1.187879e+02 4.000000e+00 2.514640e-02
1.187879e+02 5.000000e+00 2.436633e-02
1.187879e+02 6.000000e+00 2.225727e-02
1.187879e+02 7.000000e+00 1.860965e-02
1.187879e+02 8.000000e+00 1.372632e-02
1.187879e+02 9.000000e+00 1.101525e-02
1.187879e+02 1.000000e+01 9.780237e-03
1.187879e+02 1.100000e+01 9.171742e-03
1.187879e+02 1.200000e+01 8.868312e-03
1.187879e+02 1.300000e+01 8.697964e-03
1.187879e+02 1.400000e+01 8.638491e-03
1.187879e+02 1.500000e+01 8.490730e-03
1.187879e+02 1.600000e+01 8.411420e-03
1.187879e+02 1.700000e+01 8.214550e-03
1.187879e+02 1.800000e+01 8.063128e-03
1.187879e+02 1.900000e+01 7.595990e-03
1.187879e+02 2.000000e+01 7.201158e-03
1.218081e+02 0.000000e+00 2.889721e-02
1.218081e+02 1.000000e+00 2.811576e-02
1.218081e+02 2.000000e+00 2.733573e-02
1.218081e+02 3.000000e+00 2.659223e-02
1.218081e+02 4.000000e+00 2.585006e-02
1.218081e+02 5.000000e+00 2.498196e-02
1.218081e+02 6.000000e+00 2.267741e-02
1.218081e+02 7.000000e+00 1.881507e-02
1.218081e+02 8.000000e+00 1.378606e-02
1.218081e+02 9.000000e+00 1.103189e-02
1.218081e+02 1.000000e+01 9.782362e-03
1.218081e+02 1.100000e+01 9.166160e-03
1.218081e+02 1.200000e+01 8.856853e-03
1.218081e+02 1.300000e+01 8.680822e-03
1.218081e+02 1.400000e+01 8.614939e-03
1.218081e+02 1.500000e+01 8.458916e-03
1.218081e+02 1.600000e+01 8.368889e-03
1.218081e+02 1.700000e+01 8.158547e-03
1.218081e+02 1.800000e+01 7.989393e-03
1.218081e+02 1.900000e+01 7.506013e-03
1.218081e+02 2.000000e+01 7.104182e-03
1.248283e+02 0.000000e+00 2.988669e-02
1.248283e+02 1.000000e+00 2.903570e-02
1.248283e+02 2.000000e+00 2.818478e-02
1.248283e+02 3.000000e+00 2.736278e-02
1.248283e+02 4.000000e+00 2.654719e-02
1.248283e+02 5.000000e+00 2.558975e-02
1.248283e+02 6.000000e+00 2.308686e-02
1.248283e+02 7.000000e+00 1.901042e-02
1.248283e+02 8.000000e+00 1.383911e-02
1.248283e+02 9.000000e+00 1.104374e-02
1.248283e+02 1.000000e+01 9.780438e-03
1.248283e+02 1.100000e+01 9.156824e-03
1.248283e+02 1.200000e+01 8.841727e-03
1.248283e+02 1.300000e+01 8.660023e-03
1.248283e+02 1.400000e+01 8.587673e-03
1.248283e+02 1.500000e+01 8.423456e-03
1.248283e+02 1.600000e+01 8.322803e-03
1.248283e+02 1.700000e+01 8.099352e-03
1.248283e+02 1.800000e+01 7.913151e-03
1.248283e+02 1.900000e+01 7.414852e-03
1.248283e+02 2.000000e+01 7.006959e-03
1.278485e+02 0.000000e+00 3.087727e-02
1.278485e+02 1.000000e+00 2.995382e-02
1.278485e+02 2.000000e+00 2.902937e-02
1.278485e+02 3.000000e+00 2.812695e-02
1.278485e+02 4.000000e+00 2.723671e-02
1.278485e+02 5.000000e+00 2.618879e-02
1.278485e+02 6.000000e+00 2.348515e-02
1.278485e+02 7.000000e+00 1.919571e-02
1.278485e+02 8.000000e+00 1.388563e-02
1.278485e+02 9.000000e+00 1.105095e-02
1.278485e+02 1.000000e+01 9.774623e-03
1.278485e+02 1.100000e+01 9.143891e-03
1.278485e+02 1.200000e+01 8.823098e-03
1.278485e+02 1.300000e+01 8.635744e-03
1.278485e+02 1.400000e+01 8.556888e-03
1.278485e+02 1.500000e+01 8.384560e-03
1.278485e+02 1.600000e+01 8.273400e-03
1.278485e+02 1.700000e+01 8.037227e-03
1.278485e+02 1.800000e+01 7.834681e-03
1.278485e+02 1.900000e+01 7.322734e-03
1.278485e+02 2.000000e+01 6.909644e-03
1.308687e+02 0.000000e+00 3.186741e-02
1.308687e+02 1.000000e+00 3.086864e-02
1.308687e+02 2.000000e+00 2.986810e-02
1.308687e+02 3.000000e+00 2.888353e-02
1.308687e+02 4.000000e+00 2.791754e-02
1.308687e+02 5.000000e+00 2.677824e-02
1.308687e+02 6.000000e+00 2.387189e-02
1.308687e+02 7.000000e+00 1.937093e-02
1.308687e+02 8.000000e+00 1.392578e-02
1.308687e+02 9.000000e+00 1.105369e-02
1.308687e+02 1.000000e+01 9.765069e-03
1.308687e+02 1.100000e+01 9.127516e-03
1.308687e+02 1.200000e+01 8.801128e-03
1.308687e+02 1.300000e+01 8.608155e-03
1.308687e+02 1.400000e+01 8.522772e-03
1.308687e+02 1.500000e+01 8.342433e-03
1.308687e+02 1.600000e+01 8.220908e-03
1.308687e+02 1.700000e+01 7.972421e-03
1.308687e+02 1.800000e+01 7.754239e-03
1.308687e+02 1.900000e+01 7.229864e-03
1.308687e+02 2.000000e+01 6.812378e-03
1.338889e+02 0.000000e+00 3.285557e-02
1.338889e+02 1.000000e+00 3.177868e-02
1.338889e+02 2.000000e+00 3.069960e-02
1.338889e+02 3.000000e+00 2.963131e-02
1.338889e+02 4.000000e+00 2.858866e-02
1.338889e+02 5.000000e+00 2.735729e-02
1.338889e+02 6.000000e+00 2.424669e-02
1.338889e+02 7.000000e+00 1.953611e-02
1.338889e+02 8.000000e+00 1.395971e-02
1.338889e+02 9.000000e+00 1.105212e-02
1.338889e+02 1.000000e+01 9.751930e-03
1.338889e+02 1.100000e+01 9.107852e-03
1.338889e+02 1.200000e+01 8.775975e-03
1.338889e+02 1.300000e+01 8.577427e-03
1.338889e+02 1.400000e+01 8.485507e-03
1.338889e+02 1.500000e+01 8.297273e-03
1.338889e+02 1.600000e+01 8.165546e-03
1.338889e+02 1.700000e+01 7.905168e-03
1.338889e+02 1.800000e+01 7.672067e-03
1.338889e+02 1.900000e+01 7.136430e-03
1.338889e+02 2.000000e+01 6.715288e-03
1.369091e+02 0.000000e+00 3.384023e-02
1.369091e+02 1.000000e+00 3.268253e-02
1.369091e+02 2.000000e+00 3.152255e-02
1.369091e+02 3.000000e+00 3.036914e-02
1.369091e+02 4.000000e+00 2.924909e-02
1.369091e+02 5.000000e+00 2.792518e-02
1.369091e+02 6.000000e+00 2.460923e-02
1.369091e+02 7.000000e+00 1.969130e-02
1.369091e+02 8.000000e+00 1.398761e-02
1.369091e+02 9.000000e+00 1.104640e-02
1.369091e+02 1.000000e+01 9.735356e-03
1.369091e+02 1.100000e+01 9.085048e-03
1.369091e+02 1.200000e+01 8.747795e-03
1.369091e+02 1.300000e+01 8.543722e-03
1.369091e+02 1.400000e+01 8.445271e-03
1.369091e+02 1.500000e+01 8.249271e-03
1.369091e+02 1.600000e+01 8.107524e-03
1.369091e+02 1.700000e+01 7.835693e-03
1.369091e+02 1.800000e+01 7.588388e-03
1.369091e+02 1.900000e+01 7.042603e-03
1.369091e+02 2.000000e+01 6.618485e-03
1.399293e+02 0.000000e+00 3.481989e-02
1.399293e+02 1.000000e+00 3.357877e-02
1.399293e+02 2.000000e+00 3.233567e-02
1.399293e+02 3.000000e+00 3.109592e-02
1.399293e+02 4.000000e+00 2.989790e-02
1.399293e+02 5.000000e+00 2.848119e-02
1.399293e+02 6.000000e+00 2.495923e-02
1.399293e+02 7.000000e+00 1.983656e-02
1.399293e+02 8.000000e+00 1.400964e-02
1.399293e+02 9.000000e+00 1.103668e-02
1.399293e+02 1.000000e+01 9.715496e-03
1.399293e+02 1.100000e+01 9.059252e-03
1.399293e+02 1.200000e+01 8.716740e-03
1.399293e+02 1.300000e+01 8.507200e-03
1.399293e+02 1.400000e+01 8.402239e-03
1.399293e+02 1.500000e+01 8.198613e-03
1.399293e+02 1.600000e+01 8.047044e-03
1.399293e+02 1.700000e+01 7.764207e-03
1.399293e+02 1.800000e+01 7.503412e-03
1.399293e+02 1.900000e+01 6.948538e-03
1.399293e+02 2.000000e+01 6.522071e-03
1.429495e+02 0.000000e+00 3.579308e-02
1.429495e+02 1.000000e+00 3.446605e-02
1.429495e+02 2.000000e+00 3.313772e-02
1.429495e+02 3.000000e+00 3.181059e-02
1.429495e+02 4.000000e+00 3.053421e-02
1.429495e+02 5.000000e+00 2.902465e-02
1.429495e+02 6.000000e+00 2.529643e-02
1.429495e+02 7.000000e+00 1.997199e-02
1.429495e+02 8.000000e+00 1.402597e-02
1.429495e+02 9.000000e+00 1.102312e-02
1.429495e+02 1.000000e+01 9.692496e-03
1.429495e+02 1.100000e+01 9.030608e-03
1.429495e+02 1.200000e+01 8.682958e-03
1.429495e+02 1.300000e+01 8.468019e-03
1.429495e+02 1.400000e+01 8.356578e-03
1.429495e+02 1.500000e+01 8.145477e-03
1.429495e+02 1.600000e+01 7.984298e-03
1.429495e+02 1.700000e+01 7.690908e-03
1.429495e+02 1.800000e+01 7.417330e-03
1.429495e+02 1.900000e+01 6.854375e-03
1.429495e+02 2.000000e+01 6.426135e-03
1.459697e+02 0.000000e+00 3.675838e-02
1.459697e+02 1.000000e+00 3.534304e-02
1.459697e+02 2.000000e+00 3.392752e-02
1.459697e+02 3.000000e+00 3.251217e-02
1.459697e+02 4.000000e+00 3.115721e-02
1.459697e+02 5.000000e+00 2.955495e-02
1.459697e+02 6.000000e+00 2.562063e-02
1.459697e+02 7.000000e+00 2.009770e-02
1.459697e+02 8.000000e+00 1.403679e-02
1.459697e+02 9.000000e+00 1.100588e-02
1.459697e+02 1.000000e+01 9.666500e-03
1.459697e+02 1.100000e+01 8.999258e-03
1.459697e+02 1.200000e+01 8.646594e-03
1.459697e+02 1.300000e+01 8.426328e-03
1.459697e+02 1.400000e+01 8.308449e-03
1.459697e+02 1.500000e+01 8.090034e-03
1.459697e+02 1.600000e+01 7.919471e-03
1.459697e+02 1.700000e+01 7.615988e-03
1.459697e+02 1.800000e+01 7.330325e-03
1.459697e+02 1.900000e+01 6.760241e-03
1.459697e+02 2.000000e+01 6.330758e-03
1.489899e+02 0.000000e+00 3.771438e-02
1.489899e+02 1.000000e+00 3.620847e-02
1.489899e+02 2.000000e+00 3.470395e-02
1.489899e+02 3.000000e+00 3.319970e-02
1.489899e+02 4.000000e+00 3.176612e-02
1.489899e+02 5.000000e+00 3.007151e-02
1.489899e+02 6.000000e+00 2.593165e-02
1.489899e+02 7.000000e+00 2.021379e-02
1.489899e+02 8.000000e+00 1.404226e-02
1.489899e+02 9.000000e+00 1.098511e-02
1.489899e+02 1.000000e+01 9.637650e-03
1.489899e+02 1.100000e+01 8.965340e-03
1.489899e+02 1.200000e+01 8.607790e-03
1.489899e+02 1.300000e+01 8.382276e-03
1.489899e+02 1.400000e+01 8.258012e-03
1.489899e+02 1.500000e+01 8.032450e-03
1.489899e+02 1.600000e+01 7.852738e-03
1.489899e+02 1.700000e+01 7.539623e-03
1.489899e+02 1.800000e+01 7.242561e-03
1.489899e+02 1.900000e+01 6.666252e-03
1.489899e+02 2.000000e+01 6.236011e-03
1.520101e+02 0.000000e+00 3.865975e-02
1.520101e+02 1.000000e+00 3.706113e-02
1.520101e+02 2.000000e+00 3.546595e-02
1.520101e+02 3.000000e+00 3.387233e-02
1.520101e+02 4.000000e+00 3.236025e-02
1.520101e+02 5.000000e+00 3.057382e-02
1.520101e+02 6.000000e+00 2.622937e-02
1.520101e+02 7.000000e+00 2.032041e-02
1.520101e+02 8.000000e+00 1.404256e-02
1.520101e+02 9.000000e+00 1.096097e-02
1.520101e+02 1.000000e+01 9.606083e-03
1.520101e+02 1.100000e+01 8.928988e-03
1.520101e+02 1.200000e+01 8.566682e-03
1.520101e+02 1.300000e+01 8.336006e-03
1.520101e+02 1.400000e+01 8.205417e-03
1.520101e+02 1.500000e+01 7.972883e-03
1.520101e+02 1.600000e+01 7.784269e-03
1.520101e+02 1.700000e+01 7.461982e-03
1.520101e+02 1.800000e+01 7.154194e-03
1.520101e+02 1.900000e+01 6.572512e-03
1.520101e+02 2.000000e+01 6.141958e-03
1.550303e+02 0.000000e+00 3.959318e-02
1.550303e+02 1.000000e+00 3.789987e-02
1.550303e+02 2.000000e+00 3.621252e-02
1.550303e+02 3.000000e+00 3.452923e-02
1.550303e+02 4.000000e+00 3.293893e-02
1.550303e+02 5.000000e+00 3.106142e-02
1.550303e+02 6.000000e+00 2.651369e-02
1.550303e+02 7.000000e+00 2.041770e-02
1.550303e+02 8.000000e+00 1.403789e-02
1.550303e+02 9.000000e+00 1.093360e-02
1.550303e+02 1.000000e+01 9.571937e-03
1.550303e+02 1.100000e+01 8.890335e-03
1.550303e+02 1.200000e+01 8.523405e-03
1.550303e+02 1.300000e+01 8.287655e-03
1.550303e+02 1.400000e+01 8.150812e-03
1.550303e+02 1.500000e+01 7.911488e-03
1.550303e+02 1.600000e+01 7.714222e-03
1.550303e+02 1.700000e+01 7.383224e-03
1.550303e+02 1.800000e+01 7.065368e-03
1.550303e+02 1.900000e+01 6.479115e-03
1.550303e+02 2.000000e+01 6.048654e-03
1.580505e+02 0.000000e+00 4.051344e-02
1.580505e+02 1.000000e+00 3.872358e-02
1.580505e+02 2.000000e+00 3.694274e-02
1.580505e+02 3.000000e+00 3.516966e-02
1.580505e+02 4.000000e+00 3.350158e-02
1.580505e+02 5.000000e+00 3.153389e-02
1.580505e+02 6.000000e+00 2.678455e-02
1.580505e+02 7.000000e+00 2.050583e-02
1.580505e+02 8.000000e+00 1.402841e-02
1.580505e+02 9.000000e+00 1.090316e-02
1.580505e+02 1.000000e+01 9.535343e-03
1.580505e+02 1.100000e+01 8.849509e-03
1.580505e+02 1.200000e+01 8.478089e-03
1.580505e+02 1.300000e+01 8.237359e-03
1.580505e+02 1.400000e+01 8.094339e-03
1.580505e+02 1.500000e+01 7.848410e-03
1.580505e+02 1.600000e+01 7.642750e-03
1.580505e+02 1.700000e+01 7.303498e-03
1.580505e+02 1.800000e+01 6.976214e-03
1.580505e+02 1.900000e+01 6.386147e-03
1.580505e+02 2.000000e+01 5.956150e-03
1.610707e+02 0.000000e+00 4.141933e-02
1.610707e+02 1.000000e+00 3.953125e-02
1.610707e+02 2.000000e+00 3.765574e-02
1.610707e+02 3.000000e+00 3.579295e-02
1.610707e+02 4.000000e+00 3.404768e-02
1.610707e+02 5.000000e+00 3.199088e-02
1.610707e+02 6.000000e+00 2.704194e-02
1.610707e+02 7.000000e+00 2.058497e-02
1.610707e+02 8.000000e+00 1.401430e-02
1.610707e+02 9.000000e+00 1.086978e-02
1.610707e+02 1.000000e+01 9.496431e-03
1.610707e+02 1.100000e+01 8.806634e-03
1.610707e+02 1.200000e+01 8.430859e-03
1.610707e+02 1.300000e+01 8.185247e-03
1.610707e+02 1.400000e+01 8.036134e-03
1.610707e+02 1.500000e+01 7.783791e-03
1.610707e+02 1.600000e+01 7.570000e-03
1.610707e+02 1.700000e+01 7.222944e-03
1.610707e+02 1.800000e+01 6.886856e-03
1.610707e+02 1.900000e+01 6.293685e-03
1.610707e+02 2.000000e+01 5.864489e-03
1.640909e+02 0.000000e+00 4.230974e-02
1.640909e+02 1.000000e+00 4.032191e-02
1.640909e+02 2.000000e+00 3.835075e-02
1.640909e+02 3.000000e+00 3.639849e-02
1.640909e+02 4.000000e+00 3.457677e-02
1.640909e+02 5.000000e+00 3.243208e-02
1.640909e+02 6.000000e+00 2.728585e-02
1.640909e+02 7.000000e+00 2.065530e-02
1.640909e+02 8.000000e+00 1.399574e-02
1.640909e+02 9.000000e+00 1.083361e-02
1.640909e+02 1.000000e+01 9.455329e-03
1.640909e+02 1.100000e+01 8.761833e-03
1.640909e+02 1.200000e+01 8.381839e-03
1.640909e+02 1.300000e+01 8.131445e-03
1.640909e+02 1.400000e+01 7.976330e-03
1.640909e+02 1.500000e+01 7.717765e-03
1.640909e+02 1.600000e+01 7.496109e-03
1.640909e+02 1.700000e+01 7.141696e-03
1.640909e+02 1.800000e+01 6.797406e-03
1.640909e+02 1.900000e+01 6.201796e-03
1.640909e+02 2.000000e+01 5.773711e-03
1.671111e+02 0.000000e+00 4.318362e-02
1.671111e+02 1.000000e+00 4.109468e-02
1.671111e+02 2.000000e+00 3.902705e-02
1.671111e+02 3.000000e+00 3.698573e-02
1.671111e+02 4.000000e+00 3.508843e-02
1.671111e+02 5.000000e+00 3.285723e-02
1.671111e+02 6.000000e+00 2.751633e-02
1.671111e+02 7.000000e+00 2.071702e-02
1.671111e+02 8.000000e+00 1.397291e-02
1.671111e+02 9.000000e+00 1.079479e-02
1.671111e+02 1.000000e+01 9.412158e-03
1.671111e+02 1.100000e+01 8.715224e-03
1.671111e+02 1.200000e+01 8.331146e-03
1.671111e+02 1.300000e+01 8.076074e-03
1.671111e+02 1.400000e+01 7.915053e-03
1.671111e+02 1.500000e+01 7.650461e-03
1.671111e+02 1.600000e+01 7.421208e-03
1.671111e+02 1.700000e+01 7.059877e-03
1.671111e+02 1.800000e+01 6.707970e-03
1.671111e+02 1.900000e+01 6.110544e-03
1.671111e+02 2.000000e+01 5.683849e-03
1.701313e+02 0.000000e+00 4.403998e-02
1.701313e+02 1.000000e+00 4.184874e-02
1.701313e+02 2.000000e+00 3.968401e-02
1.701313e+02 3.000000e+00 3.755421e-02
1.701313e+02 4.000000e+00 3.558233e-02
1.701313e+02 5.000000e+00 3.326612e-02
1.701313e+02 6.000000e+00 2.773344e-02
1.701313e+02 7.000000e+00 2.077033e-02
1.701313e+02 8.000000e+00 1.394598e-02
1.701313e+02 9.000000e+00 1.075346e-02
1.701313e+02 1.000000e+01 9.367041e-03
1.701313e+02 1.100000e+01 8.666921e-03
1.701313e+02 1.200000e+01 8.278895e-03
1.701313e+02 1.300000e+01 8.019252e-03
1.701313e+02 1.400000e+01 7.852425e-03
1.701313e+02 1.500000e+01 7.582004e-03
1.701313e+02 1.600000e+01 7.345422e-03
1.701313e+02 1.700000e+01 6.977604e-03
1.701313e+02 1.800000e+01 6.618644e-03
1.701313e+02 1.900000e+01 6.019984e-03
1.701313e+02 2.000000e+01 5.594931e-03
1.731515e+02 0.000000e+00 4.487790e-02
1.731515e+02 1.000000e+00 4.258336e-02
1.731515e+02 2.000000e+00 4.032106e-02
1.731515e+02 3.000000e+00 3.810352e-02
1.731515e+02 4.000000e+00 3.605819e-02
1.731515e+02 5.000000e+00 3.365859e-02
1.731515e+02 6.000000e+00 2.793729e-02
1.731515e+02 7.000000e+00 2.081543e-02
1.731515e+02 8.000000e+00 1.391512e-02
1.731515e+02 9.000000e+00 1.070974e-02
1.731515e+02 1.000000e+01 9.320093e-03
1.731515e+02 1.100000e+01 8.617036e-03
1.731515e+02 1.200000e+01 8.225199e-03
1.731515e+02 1.300000e+01 7.961092e-03
1.731515e+02 1.400000e+01 7.788563e-03
1.731515e+02 1.500000e+01 7.512512e-03
1.731515e+02 1.600000e+01 7.268870e-03
1.731515e+02 1.700000e+01 6.894987e-03
1.731515e+02 1.800000e+01 6.529516e-03
1.731515e+02 1.900000e+01 5.930167e-03
1.731515e+02 2.000000e+01 5.506985e-03
1.761717e+02 0.000000e+00 4.569655e-02
1.761717e+02 1.000000e+00 4.329787e-02
1.761717e+02 2.000000e+00 4.093772e-02
1.761717e+02 3.000000e+00 3.863331e-02
1.761717e+02 4.000000e+00 3.651576e-02
1.761717e+02 5.000000e+00 3.403454e-02
1.761717e+02 6.000000e+00 2.812799e-02
1.761717e+02 7.000000e+00 2.085254e-02
1.761717e+02 8.000000e+00 1.388052e-02
1.761717e+02 9.000000e+00 1.066378e-02
1.761717e+02 1.000000e+01 9.271430e-03
1.761717e+02 1.100000e+01 8.565678e-03
1.761717e+02 1.200000e+01 8.170163e-03
1.761717e+02 1.300000e+01 7.901703e-03
1.761717e+02 1.400000e+01 7.723581e-03
1.761717e+02 1.500000e+01 7.442097e-03
1.761717e+02 1.600000e+01 7.191664e-03
1.761717e+02 1.700000e+01 6.812127e-03
1.761717e+02 1.800000e+01 6.440669e-03
1.761717e+02 1.900000e+01 5.841136e-03
1.761717e+02 2.000000e+01 5.420031e-03
1.791919e+02 0.000000e+00 4.649515e-02
1.791919e+02 1.000000e+00 4.399168e-02
1.791919e+02 2.000000e+00 4.153357e-02
1.791919e+02 3.000000e+00 3.914332e-02
1.791919e+02 4.000000e+00 3.695489e-02
1.791919e+02 5.000000e+00 3.439389e-02
1.791919e+02 6.000000e+00 2.830570e-02
1.791919e+02 7.000000e+00 2.088189e-02
1.791919e+02 8.000000e+00 1.384233e-02
1.791919e+02 9.000000e+00 1.061570e-02
1.791919e+02 1.000000e+01 9.221161e-03
1.791919e+02 1.100000e+01 8.512949e-03
1.791919e+02 1.200000e+01 8.113893e-03
1.791919e+02 1.300000e+01 7.841189e-03
1.791919e+02 1.400000e+01 7.657587e-03
1.791919e+02 1.500000e+01 7.370867e-03
1.791919e+02 1.600000e+01 7.113911e-03
1.791919e+02 1.700000e+01 6.729122e-03
1.791919e+02 1.800000e+01 6.352177e-03
1.791919e+02 1.900000e+01 5.752932e-03
1.791919e+02 2.000000e+01 5.334089e-03
1.822121e+02 0.000000e+00 4.727303e-02
1.822121e+02 1.000000e+00 4.466428e-02
1.822121e+02 2.000000e+00 4.210828e-02
1.822121e+02 3.000000e+00 3.963334e-02
1.822121e+02 4.000000e+00 3.737546e-02
1.822121e+02 5.000000e+00 3.473661e-02
1.822121e+02 6.000000e+00 2.847058e-02
1.822121e+02 7.000000e+00 2.090369e-02
1.822121e+02 8.000000e+00 1.380073e-02
1.822121e+02 9.000000e+00 1.056562e-02
1.822121e+02 1.000000e+01 9.169396e-03
1.822121e+02 1.100000e+01 8.458953e-03
1.822121e+02 1.200000e+01 8.056489e-03
1.822121e+02 1.300000e+01 7.779653e-03
1.822121e+02 1.400000e+01 7.590684e-03
1.822121e+02 1.500000e+01 7.298927e-03
1.822121e+02 1.600000e+01 7.035712e-03
1.822121e+02 1.700000e+01 6.646060e-03
1.822121e+02 1.800000e+01 6.264110e-03
1.822121e+02 1.900000e+01 5.665590e-03
1.822121e+02 2.000000e+01 5.249173e-03
1.852323e+02 0.000000e+00 4.802957e-02
1.852323e+02 1.000000e+00 4.531524e-02
1.852323e+02 2.000000e+00 4.266156e-02
1.852323e+02 3.000000e+00 4.010321e-02
1.852323e+02 4.000000e+00 3.777740e-02
1.852323e+02 5.000000e+00 3.506273e-02
1.852323e+02 6.000000e+00 2.862282e-02
1.852323e+02 7.000000e+00 2.091817e-02
1.852323e+02 8.000000e+00 1.375588e-02
1.852323e+02 9.000000e+00 1.051366e-02
1.852323e+02 1.000000e+01 9.116237e-03
1.852323e+02 1.100000e+01 8.403787e-03
1.852323e+02 1.200000e+01 7.998047e-03
1.852323e+02 1.300000e+01 7.717192e-03
1.852323e+02 1.400000e+01 7.522972e-03
1.852323e+02 1.500000e+01 7.226373e-03
1.852323e+02 1.600000e+01 6.957162e-03
1.852323e+02 1.700000e+01 6.563027e-03
1.852323e+02 1.800000e+01 6.176530e-03
1.852323e+02 1.900000e+01 5.579140e-03
1.852323e+02 2.000000e+01 5.165296e-03
1.882525e+02 0.000000e+00 4.876422e-02
1.882525e+02 1.000000e+00 4.594419e-02
1.882525e+02 2.000000e+00 4.319322e-02
1.882525e+02 3.000000e+00 4.055284e-02
1.882525e+02 4.000000e+00 3.816070e-02
1.882525e+02 5.000000e+00 3.537230e-02
1.882525e+02 6.000000e+00 2.876263e-02
1.882525e+02 7.000000e+00 2.092557e-02
1.882525e+02 8.000000e+00 1.370794e-02
1.882525e+02 9.000000e+00 1.045996e-02
1.882525e+02 1.000000e+01 9.061787e-03
1.882525e+02 1.100000e+01 8.347547e-03
1.882525e+02 1.200000e+01 7.938660e-03
1.882525e+02 1.300000e+01 7.653899e-03
1.882525e+02 1.400000e+01 7.454547e-03
1.882525e+02 1.500000e+01 7.153301e-03
1.882525e+02 1.600000e+01 6.878351e-03
1.882525e+02 1.700000e+01 6.480101e-03
1.882525e+02 1.800000e+01 6.089496e-03
1.882525e+02 1.900000e+01 5.493611e-03
1.882525e+02 2.000000e+01 5.082469e-03
1.912727e+02 0.000000e+00 4.947652e-02
1.912727e+02 1.000000e+00 4.655084e-02
1.912727e+02 2.000000e+00 4.370311e-02
1.912727e+02 3.000000e+00 4.098220e-02
1.912727e+02 4.000000e+00 3.852539e-02
1.912727e+02 5.000000e+00 3.566541e-02
1.912727e+02 6.000000e+00 2.889024e-02
1.912727e+02 7.000000e+00 2.092612e-02
1.912727e+02 8.000000e+00 1.365707e-02
1.912727e+02 9.000000e+00 1.040461e-02
1.912727e+02 1.000000e+01 9.006144e-03
1.912727e+02 1.100000e+01 8.290323e-03
1.912727e+02 1.200000e+01 7.878420e-03
1.912727e+02 1.300000e+01 7.589864e-03
1.912727e+02 1.400000e+01 7.385499e-03
1.912727e+02 1.500000e+01 7.079798e-03
1.912727e+02 1.600000e+01 6.799365e-03
1.912727e+02 1.700000e+01 6.397355e-03
1.912727e+02 1.800000e+01 6.003061e-03
1.912727e+02 1.900000e+01 5.409027e-03
1.912727e+02 2.000000e+01 5.000701e-03
1.942929e+02 0.000000e+00 5.016609e-02
1.942929e+02 1.000000e+00 4.713496e-02
1.942929e+02 2.000000e+00 4.419117e-02
1.942929e+02 3.000000e+00 4.139131e-02
1.942929e+02 4.000000e+00 3.887154e-02
1.942929e+02 5.000000e+00 3.594220e-02
1.942929e+02 6.000000e+00 2.900590e-02
1.942929e+02 7.000000e+00 2.092006e-02
1.942929e+02 8.000000e+00 1.360343e-02
1.942929e+02 9.000000e+00 1.034773e-02
1.942929e+02 1.000000e+01 8.949404e-03
1.942929e+02 1.100000e+01 8.232205e-03
1.942929e+02 1.200000e+01 7.817412e-03
1.942929e+02 1.300000e+01 7.525174e-03
1.942929e+02 1.400000e+01 7.315917e-03
1.942929e+02 1.500000e+01 7.005950e-03
1.942929e+02 1.600000e+01 6.720284e-03
1.942929e+02 1.700000e+01 6.314858e-03
1.942929e+02 1.800000e+01 5.917273e-03
1.942929e+02 1.900000e+01 5.325409e-03
1.942929e+02 2.000000e+01 4.919996e-03
1.973131e+02 0.000000e+00 5.083261e-02
1.973131e+02 1.000000e+00 4.769641e-02
1.973131e+02 2.000000e+00 4.465737e-02
1.973131e+02 3.000000e+00 4.178024e-02
1.973131e+02 4.000000e+00 3.919928e-02
1.973131e+02 5.000000e+00 3.620281e-02
1.973131e+02 6.000000e+00 2.910985e-02
1.973131e+02 7.000000e+00 2.090762e-02
1.973131e+02 8.000000e+00 1.354717e-02
1.973131e+02 9.000000e+00 1.028943e-02
1.973131e+02 1.000000e+01 8.891657e-03
1.973131e+02 1.100000e+01 8.173278e-03
1.973131e+02 1.200000e+01 7.755720e-03
1.973131e+02 1.300000e+01 7.459912e-03
1.973131e+02 1.400000e+01 7.245884e-03
1.973131e+02 1.500000e+01 6.931839e-03
1.973131e+02 1.600000e+01 6.641185e-03
1.973131e+02 1.700000e+01 6.232674e-03
1.973131e+02 1.800000e+01 5.832177e-03
1.973131e+02 1.900000e+01 5.242775e-03
1.973131e+02 2.000000e+01 4.840361e-03
2.003333e+02 0.000000e+00 5.147584e-02
2.003333e+02 1.000000e+00 4.823508e-02
2.003333e+02 2.000000e+00 4.510175e-02
2.003333e+02 3.000000e+00 4.214909e-02
2.003333e+02 4.000000e+00 3.950875e-02
2.003333e+02 5.000000e+00 3.644743e-02
2.003333e+02 6.000000e+00 2.920237e-02
2.003333e+02 7.000000e+00 2.088904e-02
2.003333e+02 8.000000e+00 1.348844e-02
2.003333e+02 9.000000e+00 1.022982e-02
2.003333e+02 1.000000e+01 8.832994e-03
2.003333e+02 1.100000e+01 8.113625e-03
2.003333e+02 1.200000e+01 7.693424e-03
2.003333e+02 1.300000e+01 7.394157e-03
2.003333e+02 1.400000e+01 7.175479e-03
2.003333e+02 1.500000e+01 6.857539e-03
2.003333e+02 1.600000e+01 6.562140e-03
2.003333e+02 1.700000e+01 6.150861e-03
2.003333e+02 1.800000e+01 5.747811e-03
2.003333e+02 1.900000e+01 5.161140e-03
2.003333e+02 2.000000e+01 4.761796e-03
2.033535e+02 0.000000e+00 5.209559e-02
2.033535e+02 1.000000e+00 4.875097e-02
2.033535e+02 2.000000e+00 4.552442e-02
2.033535e+02 3.000000e+00 4.249803e-02
2.033535e+02 4.000000e+00 3.980017e-02
2.033535e+02 5.000000e+00 3.667630e-02
2.033535e+02 6.000000e+00 2.928375e-02
2.033535e+02 7.000000e+00 2.086456e-02
2.033535e+02 8.000000e+00 1.342739e-02
2.033535e+02 9.000000e+00 1.016901e-02
2.033535e+02 1.000000e+01 8.773501e-03
2.033535e+02 1.100000e+01 8.053325e-03
2.033535e+02 1.200000e+01 7.630603e-03
2.033535e+02 1.300000e+01 7.327987e-03
2.033535e+02 1.400000e+01 7.104780e-03
2.033535e+02 1.500000e+01 6.783126e-03
2.033535e+02 1.600000e+01 6.483215e-03
2.033535e+02 1.700000e+01 6.069475e-03
2.033535e+02 1.800000e+01 5.664213e-03
2.033535e+02 1.900000e+01 5.080518e-03
2.033535e+02 2.000000e+01 4.684305e-03
2.063737e+02 0.000000e+00 5.269176e-02
2.063737e+02 1.000000e+00 4.924409e-02
2.063737e+02 2.000000e+00 4.592552e-02
2.063737e+02 3.000000e+00 4.282727e-02
2.063737e+02 4.000000e+00 4.007374e-02
2.063737e+02 5.000000e+00 3.688964e-02
2.063737e+02 6.000000e+00 2.935426e-02
2.063737e+02 7.000000e+00 2.083441e-02
2.063737e+02 8.000000e+00 1.336417e-02
2.063737e+02 9.000000e+00 1.010708e-02
2.063737e+02 1.000000e+01 8.713262e-03
2.063737e+02 1.100000e+01 7.992455e-03
2.063737e+02 1.200000e+01 7.567330e-03
2.063737e+02 1.300000e+01 7.261473e-03
2.063737e+02 1.400000e+01 7.033860e-03
2.063737e+02 1.500000e+01 6.708668e-03
2.063737e+02 1.600000e+01 6.404474e-03
2.063737e+02 1.700000e+01 5.988568e-03
2.063737e+02 1.800000e+01 5.581416e-03
2.063737e+02 1.900000e+01 5.000920e-03
2.063737e+02 2.000000e+01 4.607885e-03
2.093939e+02 0.000000e+00 5.326432e-02
2.093939e+02 1.000000e+00 4.971453e-02
2.093939e+02 2.000000e+00 4.630523e-02
2.093939e+02 3.000000e+00 4.313704e-02
2.093939e+02 4.000000e+00 4.032974e-02
2.093939e+02 5.000000e+00 3.708773e-02
2.093939e+02 6.000000e+00 2.941422e-02
2.093939e+02 7.000000e+00 2.079884e-02
2.093939e+02 8.000000e+00 1.329890e-02
2.093939e+02 9.000000e+00 1.004414e-02
2.093939e+02 1.000000e+01 8.652356e-03
2.093939e+02 1.100000e+01 7.931089e-03
2.093939e+02 1.200000e+01 7.503676e-03
2.093939e+02 1.300000e+01 7.194687e-03
2.093939e+02 1.400000e+01 6.962787e-03
2.093939e+02 1.500000e+01 6.634230e-03
2.093939e+02 1.600000e+01 6.325979e-03
2.093939e+02 1.700000e+01 5.908186e-03
2.093939e+02 1.800000e+01 5.499449e-03
2.093939e+02 1.900000e+01 4.922356e-03
2.093939e+02 2.000000e+01 4.532537e-03
2.124141e+02 0.000000e+00 5.381326e-02
2.124141e+02 1.000000e+00 5.016244e-02
2.124141e+02 2.000000e+00 4.666381e-02
2.124141e+02 3.000000e+00 4.342761e-02
2.124141e+02 4.000000e+00 4.056845e-02
2.124141e+02 5.000000e+00 3.727086e-02
2.124141e+02 6.000000e+00 2.946392e-02
2.124141e+02 7.000000e+00 2.075807e-02
2.124141e+02 8.000000e+00 1.323174e-02
2.124141e+02 9.000000e+00 9.980277e-03
2.124141e+02 1.000000e+01 8.590862e-03
2.124141e+02 1.100000e+01 7.869298e-03
2.124141e+02 1.200000e+01 7.439710e-03
2.124141e+02 1.300000e+01 7.127695e-03
2.124141e+02 1.400000e+01 6.891627e-03
2.124141e+02 1.500000e+01 6.559876e-03
2.124141e+02 1.600000e+01 6.247784e-03
2.124141e+02 1.700000e+01 5.828374e-03
2.124141e+02 1.800000e+01 5.418339e-03
2.124141e+02 1.900000e+01 4.844832e-03
2.124141e+02 2.000000e+01 4.458258e-03
2.154343e+02 0.000000e+00 5.433866e-02
2.154343e+02 1.000000e+00 5.058801e-02
2.154343e+02 2.000000e+00 4.700151e-02
2.154343e+02 3.000000e+00 4.369930e-02
2.154343e+02 4.000000e+00 4.079018e-02
2.154343e+02 5.000000e+00 3.743933e-02
2.154343e+02 6.000000e+00 2.950369e-02
2.154343e+02 7.000000e+00 2.071234e-02
2.154343e+02 8.000000e+00 1.316281e-02
2.154343e+02 9.000000e+00 9.915589e-03
2.154343e+02 1.000000e+01 8.528854e-03
2.154343e+02 1.100000e+01 7.807151e-03
2.154343e+02 1.200000e+01 7.375498e-03
2.154343e+02 1.300000e+01 7.060562e-03
2.154343e+02 1.400000e+01 6.820446e-03
2.154343e+02 1.500000e+01 6.485664e-03
2.154343e+02 1.600000e+01 6.169942e-03
2.154343e+02 1.700000e+01 5.749173e-03
2.154343e+02 1.800000e+01 5.338110e-03
2.154343e+02 1.900000e+01 4.768355e-03
2.154343e+02 2.000000e+01 4.385044e-03
2.184545e+02 0.000000e+00 5.484066e-02
2.184545e+02 1.000000e+00 5.099147e-02
2.184545e+02 2.000000e+00 4.731865e-02
2.184545e+02 3.000000e+00 4.395244e-02
2.184545e+02 4.000000e+00 4.099527e-02
2.184545e+02 5.000000e+00 3.759347e-02
2.184545e+02 6.000000e+00 2.953383e-02
2.184545e+02 7.000000e+00 2.066188e-02
2.184545e+02 8.000000e+00 1.309224e-02
2.184545e+02 9.000000e+00 9.850161e-03
2.184545e+02 1.000000e+01 8.466405e-03
2.184545e+02 1.100000e+01 7.744713e-03
2.184545e+02 1.200000e+01 7.311103e-03
2.184545e+02 1.300000e+01 6.993349e-03
2.184545e+02 1.400000e+01 6.749301e-03
2.184545e+02 1.500000e+01 6.411650e-03
2.184545e+02 1.600000e+01 6.092504e-03
2.184545e+02 1.700000e+01 5.670620e-03
2.184545e+02 1.800000e+01 5.258783e-03
2.184545e+02 1.900000e+01 4.692928e-03
2.184545e+02 2.000000e+01 4.312891e-03
2.214747e+02 0.000000e+00 5.531943e-02
2.214747e+02 1.000000e+00 5.137309e-02
2.214747e+02 2.000000e+00 4.761559e-02
2.214747e+02 3.000000e+00 4.418738e-02
2.214747e+02 4.000000e+00 4.118408e-02
2.214747e+02 5.000000e+00 3.773362e-02
2.214747e+02 6.000000e+00 2.955467e-02
2.214747e+02 7.000000e+00 2.060691e-02
2.214747e+02 8.000000e+00 1.302016e-02
2.214747e+02 9.000000e+00 9.784077e-03
2.214747e+02 1.000000e+01 8.403585e-03
2.214747e+02 1.100000e+01 7.682048e-03
2.214747e+02 1.200000e+01 7.246585e-03
2.214747e+02 1.300000e+01 6.926114e-03
2.214747e+02 1.400000e+01 6.678252e-03
2.214747e+02 1.500000e+01 6.337887e-03
2.214747e+02 1.600000e+01 6.015516e-03
2.214747e+02 1.700000e+01 5.592750e-03
2.214747e+02 1.800000e+01 5.180378e-03
2.214747e+02 1.900000e+01 4.618555e-03
2.214747e+02 2.000000e+01 4.241795e-03
2.244949e+02 0.000000e+00 5.577520e-02
2.244949e+02 1.000000e+00 5.173319e-02
2.244949e+02 2.000000e+00 4.789269e-02
2.244949e+02 3.000000e+00 4.440452e-02
2.244949e+02 4.000000e+00 4.135698e-02
2.244949e+02 5.000000e+00 3.786013e-02
2.244949e+02 6.000000e+00 2.956653e-02
2.244949e+02 7.000000e+00 2.054767e-02
2.244949e+02 8.000000e+00 1.294670e-02
2.244949e+02 9.000000e+00 9.717421e-03
2.244949e+02 1.000000e+01 8.340461e-03
2.244949e+02 1.100000e+01 7.619217e-03
2.244949e+02 1.200000e+01 7.182003e-03
2.244949e+02 1.300000e+01 6.858914e-03
2.244949e+02 1.400000e+01 6.607351e-03
2.244949e+02 1.500000e+01 6.264426e-03
2.244949e+02 1.600000e+01 5.939021e-03
2.244949e+02 1.700000e+01 5.515594e-03
2.244949e+02 1.800000e+01 5.102912e-03
2.244949e+02 1.900000e+01 4.545237e-03
2.244949e+02 2.000000e+01 4.171748e-03
2.275152e+02 0.000000e+00 5.620824e-02
2.275152e+02 1.000000e+00 5.207212e-02
2.275152e+02 2.000000e+00 4.815035e-02
2.275152e+02 3.000000e+00 4.460426e-02
2.275152e+02 4.000000e+00 4.151437e-02
2.275152e+02 5.000000e+00 3.797336e-02
2.275152e+02 6.000000e+00 2.956974e-02
2.275152e+02 7.000000e+00 2.048437e-02
2.275152e+02 8.000000e+00 1.287197e-02
2.275152e+02 9.000000e+00 9.650271e-03
2.275152e+02 1.000000e+01 8.277098e-03
2.275152e+02 1.100000e+01 7.556277e-03
2.275152e+02 1.200000e+01 7.117411e-03
2.275152e+02 1.300000e+01 6.791802e-03
2.275152e+02 1.400000e+01 6.536652e-03
2.275152e+02 1.500000e+01 6.191313e-03
2.275152e+02 1.600000e+01 5.863061e-03
2.275152e+02 1.700000e+01 5.439183e-03
2.275152e+02 1.800000e+01 5.026399e-03
2.275152e+02 1.900000e+01 4.472974e-03
2.275152e+02 2.000000e+01 4.102746e-03
2.305354e+02 0.000000e+00 5.661885e-02
2.305354e+02 1.000000e+00 5.239027e-02
2.305354e+02 2.000000e+00 4.838901e-02
2.305354e+02 3.000000e+00 4.478702e-02
2.305354e+02 4.000000e+00 4.165665e-02
2.305354e+02 5.000000e+00 3.807371e-02
2.305354e+02 6.000000e+00 2.956463e-02
2.305354e+02 7.000000e+00 2.041723e-02
2.305354e+02 8.000000e+00 1.279609e-02
2.305354e+02 9.000000e+00 9.582705e-03
2.305354e+02 1.000000e+01 8.213558e-03
2.305354e+02 1.100000e+01 7.493286e-03
2.305354e+02 1.200000e+01 7.052863e-03
2.305354e+02 1.300000e+01 6.724830e-03
2.305354e+02 1.400000e+01 6.466202e-03
2.305354e+02 1.500000e+01 6.118593e-03
2.305354e+02 1.600000e+01 5.787672e-03
2.305354e+02 1.700000e+01 5.363543e-03
2.305354e+02 1.800000e+01 4.950852e-03
2.305354e+02 1.900000e+01 4.401767e-03
2.305354e+02 2.000000e+01 4.034780e-03
2.335556e+02 0.000000e+00 5.700740e-02
2.335556e+02 1.000000e+00 5.268804e-02
2.335556e+02 2.000000e+00 4.860910e-02
2.335556e+02 3.000000e+00 4.495325e-02
2.335556e+02 4.000000e+00 4.178424e-02
2.335556e+02 5.000000e+00 3.816154e-02
2.335556e+02 6.000000e+00 2.955152e-02
2.335556e+02 7.000000e+00 2.034648e-02
2.335556e+02 8.000000e+00 1.271918e-02
2.335556e+02 9.000000e+00 9.514796e-03
2.335556e+02 1.000000e+01 8.149900e-03
2.335556e+02 1.100000e+01 7.430296e-03
2.335556e+02 1.200000e+01 6.988410e-03
2.335556e+02 1.300000e+01 6.658044e-03
2.335556e+02 1.400000e+01 6.396050e-03
2.335556e+02 1.500000e+01 6.046308e-03
2.335556e+02 1.600000e+01 5.712891e-03
2.335556e+02 1.700000e+01 5.288699e-03
2.335556e+02 1.800000e+01 4.876283e-03
2.335556e+02 1.900000e+01 4.331613e-03
2.335556e+02 2.000000e+01 3.967844e-03
2.365758e+02 0.000000e+00 5.737426e-02
2.365758e+02 1.000000e+00 5.296588e-02
2.365758e+02 2.000000e+00 4.881111e-02
2.365758e+02 3.000000e+00 4.510340e-02
2.365758e+02 4.000000e+00 4.189757e-02
2.365758e+02 5.000000e+00 3.823725e-02
2.365758e+02 6.000000e+00 2.953075e-02
2.365758e+02 7.000000e+00 2.027231e-02
2.365758e+02 8.000000e+00 1.264134e-02
2.365758e+02 9.000000e+00 9.446616e-03
2.365758e+02 1.000000e+01 8.086182e-03
2.365758e+02 1.100000e+01 7.367359e-03
2.365758e+02 1.200000e+01 6.924100e-03
2.365758e+02 1.300000e+01 6.591493e-03
2.365758e+02 1.400000e+01 6.326238e-03
2.365758e+02 1.500000e+01 5.974497e-03
2.365758e+02 1.600000e+01 5.638751e-03
2.365758e+02 1.700000e+01 5.214672e-03
2.365758e+02 1.800000e+01 4.802701e-03
2.365758e+02 1.900000e+01 4.262511e-03
2.365758e+02 2.000000e+01 3.901930e-03
2.395960e+02 0.000000e+00 5.771984e-02
2.395960e+02 1.000000e+00 5.322423e-02
2.395960e+02 2.000000e+00 4.899550e-02
2.395960e+02 3.000000e+00 4.523794e-02
2.395960e+02 4.000000e+00 4.199707e-02
2.395960e+02 5.000000e+00 3.830123e-02
2.395960e+02 6.000000e+00 2.950263e-02
2.395960e+02 7.000000e+00 2.019494e-02
2.395960e+02 8.000000e+00 1.256268e-02
2.395960e+02 9.000000e+00 9.378233e-03
2.395960e+02 1.000000e+01 8.022460e-03
2.395960e+02 1.100000e+01 7.304525e-03
2.395960e+02 1.200000e+01 6.859980e-03
2.395960e+02 1.300000e+01 6.525221e-03
2.395960e+02 1.400000e+01 6.256810e-03
2.395960e+02 1.500000e+01 5.903199e-03
2.395960e+02 1.600000e+01 5.565282e-03
2.395960e+02 1.700000e+01 5.141485e-03
2.395960e+02 1.800000e+01 4.730113e-03
2.395960e+02 1.900000e+01 4.194457e-03
2.395960e+02 2.000000e+01 3.837029e-03
2.426162e+02 0.000000e+00 5.804459e-02
2.426162e+02 1.000000e+00 5.346358e-02
2.426162e+02 2.000000e+00 4.916278e-02
2.426162e+02 3.000000e+00 4.535734e-02
2.426162e+02 4.000000e+00 4.208321e-02
2.426162e+02 5.000000e+00 3.835389e-02
2.426162e+02 6.000000e+00 2.946749e-02
2.426162e+02 7.000000e+00 2.011457e-02
2.426162e+02 8.000000e+00 1.248330e-02
2.426162e+02 9.000000e+00 9.309715e-03
2.426162e+02 1.000000e+01 7.958787e-03
2.426162e+02 1.100000e+01 7.241841e-03
2.426162e+02 1.200000e+01 6.796093e-03
2.426162e+02 1.300000e+01 6.459268e-03
2.426162e+02 1.400000e+01 6.187804e-03
2.426162e+02 1.500000e+01 5.832447e-03
2.426162e+02 1.600000e+01 5.492514e-03
2.426162e+02 1.700000e+01 5.069154e-03
2.426162e+02 1.800000e+01 4.658528e-03
2.426162e+02 1.900000e+01 4.127447e-03
2.426162e+02 2.000000e+01 3.773133e-03
2.456364e+02 0.000000e+00 5.834897e-02
2.456364e+02 1.000000e+00 5.368442e-02
2.456364e+02 2.000000e+00 4.931344e-02
2.456364e+02 3.000000e+00 4.546208e-02
2.456364e+02 4.000000e+00 4.215641e-02
2.456364e+02 5.000000e+00 3.839564e-02
2.456364e+02 6.000000e+00 2.942565e-02
2.456364e+02 7.000000e+00 2.003141e-02
2.456364e+02 8.000000e+00 1.240330e-02
2.456364e+02 9.000000e+00 9.241124e-03
2.456364e+02 1.000000e+01 7.895213e-03
2.456364e+02 1.100000e+01 7.179352e-03
2.456364e+02 1.200000e+01 6.732482e-03
2.456364e+02 1.300000e+01 6.393675e-03
2.456364e+02 1.400000e+01 6.119258e-03
2.456364e+02 1.500000e+01 5.762275e-03
2.456364e+02 1.600000e+01 5.420472e-03
2.456364e+02 1.700000e+01 4.997696e-03
2.456364e+02 1.800000e+01 4.587950e-03
2.456364e+02 1.900000e+01 4.061477e-03
2.456364e+02 2.000000e+01 3.710233e-03
2.486566e+02 0.000000e+00 5.863346e-02
2.486566e+02 1.000000e+00 5.388727e-02
2.486566e+02 2.000000e+00 4.944802e-02
2.486566e+02 3.000000e+00 4.555266e-02
2.486566e+02 4.000000e+00 4.221714e-02
2.486566e+02 5.000000e+00 3.842686e-02
2.486566e+02 6.000000e+00 2.937743e-02
2.486566e+02 7.000000e+00 1.994564e-02
2.486566e+02 8.000000e+00 1.232279e-02
2.486566e+02 9.000000e+00 9.172523e-03
2.486566e+02 1.000000e+01 7.831787e-03
2.486566e+02 1.100000e+01 7.117101e-03
2.486566e+02 1.200000e+01 6.669187e-03
2.486566e+02 1.300000e+01 6.328479e-03
2.486566e+02 1.400000e+01 6.051208e-03
2.486566e+02 1.500000e+01 5.692714e-03
2.486566e+02 1.600000e+01 5.349181e-03
2.486566e+02 1.700000e+01 4.927128e-03
2.486566e+02 1.800000e+01 4.518384e-03
2.486566e+02 1.900000e+01 3.996542e-03
2.486566e+02 2.000000e+01 3.648319e-03
2.516768e+02 0.000000e+00 5.889857e-02
2.516768e+02 1.000000e+00 5.407265e-02
2.516768e+02 2.000000e+00 4.956703e-02
2.516768e+02 3.000000e+00 4.562957e-02
2.516768e+02 4.000000e+00 4.226586e-02
2.516768e+02 5.000000e+00 3.844799e-02
2.516768e+02 6.000000e+00 2.932314e-02
2.516768e+02 7.000000e+00 1.985745e-02
2.516768e+02 8.000000e+00 1.224185e-02
2.516768e+02 9.000000e+00 9.103970e-03
2.516768e+02 1.000000e+01 7.768557e-03
2.516768e+02 1.100000e+01 7.055130e-03
2.516768e+02 1.200000e+01 6.606247e-03
2.516768e+02 1.300000e+01 6.263718e-03
2.516768e+02 1.400000e+01 5.983688e-03
2.516768e+02 1.500000e+01 5.623793e-03
2.516768e+02 1.600000e+01 5.278664e-03
2.516768e+02 1.700000e+01 4.857461e-03
2.516768e+02 1.800000e+01 4.449832e-03
2.516768e+02 1.900000e+01 3.932637e-03
2.516768e+02 2.000000e+01 3.587384e-03
2.546970e+02 0.000000e+00 5.914483e-02
2.546970e+02 1.000000e+00 5.424109e-02
2.546970e+02 2.000000e+00 4.967101e-02
2.546970e+02 3.000000e+00 4.569330e-02
2.546970e+02 4.000000e+00 4.230302e-02
2.546970e+02 5.000000e+00 3.845941e-02
2.546970e+02 6.000000e+00 2.926311e-02
2.546970e+02 7.000000e+00 1.976705e-02
2.546970e+02 8.000000e+00 1.216057e-02
2.546970e+02 9.000000e+00 9.035522e-03
2.546970e+02 1.000000e+01 7.705567e-03
2.546970e+02 1.100000e+01 6.993478e-03
2.546970e+02 1.200000e+01 6.543697e-03
2.546970e+02 1.300000e+01 6.199424e-03
2.546970e+02 1.400000e+01 5.916728e-03
2.546970e+02 1.500000e+01 5.555538e-03
2.546970e+02 1.600000e+01 5.208942e-03
2.546970e+02 1.700000e+01 4.788709e-03
2.546970e+02 1.800000e+01 4.382297e-03
2.546970e+02 1.900000e+01 3.869755e-03
2.546970e+02 2.000000e+01 3.527417e-03
2.577172e+02 0.000000e+00 5.937276e-02
2.577172e+02 1.000000e+00 5.439314e-02
2.577172e+02 2.000000e+00 4.976048e-02
2.577172e+02 3.000000e+00 4.574436e-02
2.577172e+02 4.000000e+00 4.232908e-02
2.577172e+02 5.000000e+00 3.846154e-02
2.577172e+02 6.000000e+00 2.919762e-02
2.577172e+02 7.000000e+00 1.967460e-02
2.577172e+02 8.000000e+00 1.207905e-02
2.577172e+02 9.000000e+00 8.967234e-03
2.577172e+02 1.000000e+01 7.642860e-03
2.577172e+02 1.100000e+01 6.932182e-03
2.577172e+02 1.200000e+01 6.481574e-03
2.577172e+02 1.300000e+01 6.135630e-03
2.577172e+02 1.400000e+01 5.850359e-03
2.577172e+02 1.500000e+01 5.487975e-03
2.577172e+02 1.600000e+01 5.140035e-03
2.577172e+02 1.700000e+01 4.720881e-03
2.577172e+02 1.800000e+01 4.315780e-03
2.577172e+02 1.900000e+01 3.807890e-03
2.577172e+02 2.000000e+01 3.468408e-03
2.607374e+02 0.000000e+00 5.958292e-02
2.607374e+02 1.000000e+00 5.452934e-02
2.607374e+02 2.000000e+00 4.983599e-02
2.607374e+02 3.000000e+00 4.578324e-02
2.607374e+02 4.000000e+00 4.234450e-02
2.607374e+02 5.000000e+00 3.845477e-02
2.607374e+02 6.000000e+00 2.912700e-02
2.607374e+02 7.000000e+00 1.958028e-02
2.607374e+02 8.000000e+00 1.199736e-02
2.607374e+02 9.000000e+00 8.899158e-03
2.607374e+02 1.000000e+01 7.580477e-03
2.607374e+02 1.100000e+01 6.871279e-03
2.607374e+02 1.200000e+01 6.419909e-03
2.607374e+02 1.300000e+01 6.072366e-03
2.607374e+02 1.400000e+01 5.784609e-03
2.607374e+02 1.500000e+01 5.421127e-03
2.607374e+02 1.600000e+01 5.071958e-03
2.607374e+02 1.700000e+01 4.653988e-03
2.607374e+02 1.800000e+01 4.250282e-03
2.607374e+02 1.900000e+01 3.747035e-03
2.607374e+02 2.000000e+01 3.410348e-03
2.637576e+02 0.000000e+00 5.977586e-02
2.637576e+02 1.000000e+00 5.465026e-02
2.637576e+02 2.000000e+00 4.989808e-02
2.637576e+02 3.000000e+00 4.581045e-02
2.637576e+02 4.000000e+00 4.234973e-02
2.637576e+02 5.000000e+00 3.843952e-02
2.637576e+02 6.000000e+00 2.905152e-02
2.637576e+02 7.000000e+00 1.948427e-02
2.637576e+02 8.000000e+00 1.191559e-02
2.637576e+02 9.000000e+00 8.831345e-03
2.637576e+02 1.000000e+01 7.518457e-03
2.637576e+02 1.100000e+01 6.810803e-03
2.637576e+02 1.200000e+01 6.358734e-03
2.637576e+02 1.300000e+01 6.009663e-03
2.637576e+02 1.400000e+01 5.719504e-03
2.637576e+02 1.500000e+01 5.355017e-03
2.637576e+02 1.600000e+01 5.004730e-03
2.637576e+02 1.700000e+01 4.588036e-03
2.637576e+02 1.800000e+01 4.185801e-03
2.637576e+02 1.900000e+01 3.687183e-03
2.637576e+02 2.000000e+01 3.353228e-03
2.667778e+02 0.000000e+00 5.995215e-02
2.667778e+02 1.000000e+00 5.475644e-02
2.667778e+02 2.000000e+00 4.994727e-02
2.667778e+02 3.000000e+00 4.582648e-02
2.667778e+02 4.000000e+00 4.234523e-02
2.667778e+02 5.000000e+00 3.841617e-02
2.667778e+02 6.000000e+00 2.897150e-02
2.667778e+02 7.000000e+00 1.938674e-02
2.667778e+02 8.000000e+00 1.183381e-02
2.667778e+02 9.000000e+00 8.763842e-03
2.667778e+02 1.000000e+01 7.456839e-03
2.667778e+02 1.100000e+01 6.750787e-03
2.667778e+02 1.200000e+01 6.298080e-03
2.667778e+02 1.300000e+01 5.947546e-03
2.667778e+02 1.400000e+01 5.655069e-03
2.667778e+02 1.500000e+01 5.289665e-03
2.667778e+02 1.600000e+01 4.938364e-03
2.667778e+02 1.700000e+01 4.523033e-03
2.667778e+02 1.800000e+01 4.122337e-03
2.667778e+02 1.900000e+01 3.628327e-03
2.667778e+02 2.000000e+01 3.297037e-03
2.697980e+02 0.000000e+00 6.011236e-02
2.697980e+02 1.000000e+00 5.484845e-02
2.697980e+02 2.000000e+00 4.998412e-02
2.697980e+02 3.000000e+00 4.583182e-02
2.697980e+02 4.000000e+00 4.233144e-02
2.697980e+02 5.000000e+00 3.838512e-02
2.697980e+02 6.000000e+00 2.888721e-02
2.697980e+02 7.000000e+00 1.928785e-02
2.697980e+02 8.000000e+00 1.175211e-02
2.697980e+02 9.000000e+00 8.696697e-03
2.697980e+02 1.000000e+01 7.395657e-03
2.697980e+02 1.100000e+01 6.691261e-03
2.697980e+02 1.200000e+01 6.237973e-03
2.697980e+02 1.300000e+01 5.886042e-03
2.697980e+02 1.400000e+01 5.591327e-03
2.697980e+02 1.500000e+01 5.225090e-03
2.697980e+02 1.600000e+01 4.872875e-03
2.697980e+02 1.700000e+01 4.458984e-03
2.697980e+02 1.800000e+01 4.059887e-03
2.697980e+02 1.900000e+01 3.570459e-03
2.697980e+02 2.000000e+01 3.241765e-03
2.728182e+02 0.000000e+00 6.025706e-02
2.728182e+02 1.000000e+00 5.492684e-02
2.728182e+02 2.000000e+00 5.000914e-02
2.728182e+02 3.000000e+00 4.582696e-02
2.728182e+02 4.000000e+00 4.230882e-02
2.728182e+02 5.000000e+00 3.834677e-02
2.728182e+02 6.000000e+00 2.879894e-02
2.728182e+02 7.000000e+00 1.918777e-02
2.728182e+02 8.000000e+00 1.167055e-02
2.728182e+02 9.000000e+00 8.629953e-03
2.728182e+02 1.000000e+01 7.334946e-03
2.728182e+02 1.100000e+01 6.632256e-03
2.728182e+02 1.200000e+01 6.178441e-03
2.728182e+02 1.300000e+01 5.825174e-03
2.728182e+02 1.400000e+01 5.528300e-03
2.728182e+02 1.500000e+01 5.161309e-03
2.728182e+02 1.600000e+01 4.808273e-03
2.728182e+02 1.700000e+01 4.395895e-03
2.728182e+02 1.800000e+01 3.998450e-03
2.728182e+02 1.900000e+01 3.513571e-03
2.728182e+02 2.000000e+01 3.187404e-03
2.758384e+02 0.000000e+00 6.038682e-02
2.758384e+02 1.000000e+00 5.499218e-02
2.758384e+02 2.000000e+00 5.002289e-02
2.758384e+02 3.000000e+00 4.581240e-02
2.758384e+02 4.000000e+00 4.227780e-02
2.758384e+02 5.000000e+00 3.830149e-02
2.758384e+02 6.000000e+00 2.870697e-02
2.758384e+02 7.000000e+00 1.908663e-02
2.758384e+02 8.000000e+00 1.158920e-02
2.758384e+02 9.000000e+00 8.563652e-03
2.758384e+02 1.000000e+01 7.274740e-03
2.758384e+02 1.100000e+01 6.573799e-03
2.758384e+02 1.200000e+01 6.119509e-03
2.758384e+02 1.300000e+01 5.764967e-03
2.758384e+02 1.400000e+01 5.466008e-03
2.758384e+02 1.500000e+01 5.098338e-03
2.758384e+02 1.600000e+01 4.744570e-03
2.758384e+02 1.700000e+01 4.333770e-03
2.758384e+02 1.800000e+01 3.938021e-03
2.758384e+02 1.900000e+01 3.457654e-03
2.758384e+02 2.000000e+01 3.133942e-03
2.788586e+02 0.000000e+00 6.050224e-02
2.788586e+02 1.000000e+00 5.504503e-02
2.788586e+02 2.000000e+00 5.002587e-02
2.788586e+02 3.000000e+00 4.578860e-02
2.788586e+02 4.000000e+00 4.223881e-02
2.788586e+02 5.000000e+00 3.824967e-02
2.788586e+02 6.000000e+00 2.861156e-02
2.788586e+02 7.000000e+00 1.898461e-02
2.788586e+02 8.000000e+00 1.150814e-02
2.788586e+02 9.000000e+00 8.497836e-03
2.788586e+02 1.000000e+01 7.215068e-03
2.788586e+02 1.100000e+01 6.515916e-03
2.788586e+02 1.200000e+01 6.061201e-03
2.788586e+02 1.300000e+01 5.705441e-03
2.788586e+02 1.400000e+01 5.404471e-03
2.788586e+02 1.500000e+01 5.036193e-03
2.788586e+02 1.600000e+01 4.681776e-03
2.788586e+02 1.700000e+01 4.272610e-03
2.788586e+02 1.800000e+01 3.878599e-03
2.788586e+02 1.900000e+01 3.402701e-03
2.788586e+02 2.000000e+01 3.081370e-03
2.818788e+02 0.000000e+00 6.060389e-02
2.818788e+02 1.000000e+00 5.508593e-02
2.818788e+02 2.000000e+00 5.001862e-02
2.818788e+02 3.000000e+00 4.575606e-02
2.818788e+02 4.000000e+00 4.219230e-02
2.818788e+02 5.000000e+00 3.819168e-02
2.818788e+02 6.000000e+00 2.851298e-02
2.818788e+02 7.000000e+00 1.888184e-02
2.818788e+02 8.000000e+00 1.142743e-02
2.818788e+02 9.000000e+00 8.432543e-03
2.818788e+02 1.000000e+01 7.155960e-03
2.818788e+02 1.100000e+01 6.458634e-03
2.818788e+02 1.200000e+01 6.003540e-03
2.818788e+02 1.300000e+01 5.646616e-03
2.818788e+02 1.400000e+01 5.343705e-03
2.818788e+02 1.500000e+01 4.974887e-03
2.818788e+02 1.600000e+01 4.619899e-03
2.818788e+02 1.700000e+01 4.212420e-03
2.818788e+02 1.800000e+01 3.820177e-03
2.818788e+02 1.900000e+01 3.348704e-03
2.818788e+02 2.000000e+01 3.029679e-03
2.848990e+02 0.000000e+00 6.069234e-02
2.848990e+02 1.000000e+00 5.511545e-02
2.848990e+02 2.000000e+00 5.000164e-02
2.848990e+02 3.000000e+00 4.571522e-02
2.848990e+02 4.000000e+00 4.213867e-02
2.848990e+02 5.000000e+00 3.812788e-02
2.848990e+02 6.000000e+00 2.841149e-02
2.848990e+02 7.000000e+00 1.877846e-02
2.848990e+02 8.000000e+00 1.134712e-02
2.848990e+02 9.000000e+00 8.367810e-03
2.848990e+02 1.000000e+01 7.097445e-03
2.848990e+02 1.100000e+01 6.401976e-03
2.848990e+02 1.200000e+01 5.946547e-03
2.848990e+02 1.300000e+01 5.588512e-03
2.848990e+02 1.400000e+01 5.283728e-03
2.848990e+02 1.500000e+01 4.914433e-03
2.848990e+02 1.600000e+01 4.558947e-03
2.848990e+02 1.700000e+01 4.153199e-03
2.848990e+02 1.800000e+01 3.762753e-03
2.848990e+02 1.900000e+01 3.295652e-03
2.848990e+02 2.000000e+01 2.978858e-03
2.879192e+02 0.000000e+00 6.076817e-02
2.879192e+02 1.000000e+00 5.513411e-02
2.879192e+02 2.000000e+00 4.997546e-02
2.879192e+02 3.000000e+00 4.566657e-02
2.879192e+02 4.000000e+00 4.207835e-02
2.879192e+02 5.000000e+00 3.805865e-02
2.879192e+02 6.000000e+00 2.830735e-02
2.879192e+02 7.000000e+00 1.867462e-02
2.879192e+02 8.000000e+00 1.126728e-02
2.879192e+02 9.000000e+00 8.303672e-03
2.879192e+02 1.000000e+01 7.039550e-03
2.879192e+02 1.100000e+01 6.345965e-03
2.879192e+02 1.200000e+01 5.890242e-03
2.879192e+02 1.300000e+01 5.531147e-03
2.879192e+02 1.400000e+01 5.224555e-03
2.879192e+02 1.500000e+01 4.854842e-03
2.879192e+02 1.600000e+01 4.498927e-03
2.879192e+02 1.700000e+01 4.094949e-03
2.879192e+02 1.800000e+01 3.706321e-03
2.879192e+02 1.900000e+01 3.243539e-03
2.879192e+02 2.000000e+01 2.928899e-03
2.909394e+02 0.000000e+00 6.083196e-02
2.909394e+02 1.000000e+00 5.514248e-02
2.909394e+02 2.000000e+00 4.994056e-02
2.909394e+02 3.000000e+00 4.561054e-02
2.909394e+02 4.000000e+00 4.201174e-02
2.909394e+02 5.000000e+00 3.798432e-02
2.909394e+02 6.000000e+00 2.820079e-02
2.909394e+02 7.000000e+00 1.857044e-02
2.909394e+02 8.000000e+00 1.118797e-02
2.909394e+02 9.000000e+00 8.240163e-03
2.909394e+02 1.000000e+01 6.982299e-03
2.909394e+02 1.100000e+01 6.290622e-03
2.909394e+02 1.200000e+01 5.834644e-03
2.909394e+02 1.300000e+01 5.474536e-03
2.909394e+02 1.400000e+01 5.166199e-03
2.909394e+02 1.500000e+01 4.796124e-03
2.909394e+02 1.600000e+01 4.439844e-03
2.909394e+02 1.700000e+01 4.037670e-03
2.909394e+02 1.800000e+01 3.650875e-03
2.909394e+02 1.900000e+01 3.192354e-03
2.909394e+02 2.000000e+01 2.879790e-03
2.939596e+02 0.000000e+00 6.088428e-02
2.939596e+02 1.000000e+00 5.514107e-02
2.939596e+02 2.000000e+00 4.989745e-02
2.939596e+02 3.000000e+00 4.554759e-02
2.939596e+02 4.000000e+00 4.193925e-02
2.939596e+02 5.000000e+00 3.790526e-02
2.939596e+02 6.000000e+00 2.809207e-02
2.939596e+02 7.000000e+00 1.846605e-02
2.939596e+02 8.000000e+00 1.110924e-02
2.939596e+02 9.000000e+00 8.177315e-03
2.939596e+02 1.000000e+01 6.925717e-03
2.939596e+02 1.100000e+01 6.235967e-03
2.939596e+02 1.200000e+01 5.779771e-03
2.939596e+02 1.300000e+01 5.418696e-03
2.939596e+02 1.400000e+01 5.108674e-03
2.939596e+02 1.500000e+01 4.738289e-03
2.939596e+02 1.600000e+01 4.381703e-03
2.939596e+02 1.700000e+01 3.981361e-03
2.939596e+02 1.800000e+01 3.596411e-03
2.939596e+02 1.900000e+01 3.142090e-03
2.939596e+02 2.000000e+01 2.831524e-03
2.969798e+02 0.000000e+00 6.092568e-02
2.969798e+02 1.000000e+00 5.513043e-02
2.969798e+02 2.000000e+00 4.984661e-02
2.969798e+02 3.000000e+00 4.547816e-02
2.969798e+02 4.000000e+00 4.186127e-02
2.969798e+02 5.000000e+00 3.782180e-02
2.969798e+02 6.000000e+00 2.798141e-02
2.969798e+02 7.000000e+00 1.836159e-02
2.969798e+02 8.000000e+00 1.103115e-02
2.969798e+02 9.000000e+00 8.115159e-03
2.969798e+02 1.000000e+01 6.869828e-03
2.969798e+02 1.100000e+01 6.182021e-03
2.969798e+02 1.200000e+01 5.725639e-03
2.969798e+02 1.300000e+01 5.363641e-03
2.969798e+02 1.400000e+01 5.051992e-03
2.969798e+02 1.500000e+01 4.681345e-03
2.969798e+02 1.600000e+01 4.324508e-03
2.969798e+02 1.700000e+01 3.926021e-03
2.969798e+02 1.800000e+01 3.542922e-03
2.969798e+02 1.900000e+01 3.092737e-03
2.969798e+02 2.000000e+01 2.784091e-03
3.000000e+02 0.000000e+00 6.095672e-02
3.000000e+02 1.000000e+00 5.511106e-02
3.000000e+02 2.000000e+00 4.978852e-02
3.000000e+02 3.000000e+00 4.540267e-02
3.000000e+02 4.000000e+00 4.177819e-02
3.000000e+02 5.000000e+00 3.773427e-02
3.000000e+02 6.000000e+00 2.786905e-02
3.000000e+02 7.000000e+00 1.825716e-02
3.000000e+02 8.000000e+00 1.095374e-02
3.000000e+02 9.000000e+00 8.053724e-03
3.000000e+02 1.000000e+01 6.814651e-03
3.000000e+02 1.100000e+01 6.128799e-03
3.000000e+02 1.200000e+01 5.672264e-03
3.000000e+02 1.300000e+01 5.309384e-03
3.000000e+02 1.400000e+01 4.996165e-03
3.000000e+02 1.500000e+01 4.625300e-03
3.000000e+02 1.600000e+01 4.268264e-03
3.000000e+02 1.700000e+01 3.871648e-03
3.000000e+02 1.800000e+01 3.490402e-03
3.000000e+02 1.900000e+01 3.044286e-03
3.000000e+02 2.000000e+01 2.737481e-03
