# Ea rad s(Ea,rad)
1.000000e+00 0.000000e+00 1.529874e-01
1.000000e+00 1.000000e+00 1.557795e-01
1.000000e+00 2.000000e+00 1.604338e-01
1.000000e+00 3.000000e+00 1.751655e-01
1.000000e+00 4.000000e+00 1.925765e-01
1.000000e+00 5.000000e+00 2.204761e-01
1.000000e+00 6.000000e+00 2.788064e-01
1.000000e+00 7.000000e+00 3.450394e-01
1.000000e+00 8.000000e+00 3.539048e-01
1.000000e+00 9.000000e+00 3.269217e-01
1.000000e+00 1.000000e+01 3.052685e-01
1.000000e+00 1.100000e+01 2.898125e-01
1.000000e+00 1.200000e+01 2.775532e-01
1.000000e+00 1.300000e+01 2.658924e-01
1.000000e+00 1.400000e+01 2.539566e-01
1.000000e+00 1.500000e+01 2.372241e-01
1.000000e+00 1.600000e+01 2.182611e-01
1.000000e+00 1.700000e+01 1.940660e-01
1.000000e+00 1.800000e+01 1.710312e-01
1.000000e+00 1.900000e+01 1.538349e-01
1.000000e+00 2.000000e+01 1.474461e-01
4.020202e+00 0.000000e+00 1.646929e-01
4.020202e+00 1.000000e+00 1.685232e-01
4.020202e+00 2.000000e+00 1.743066e-01
4.020202e+00 3.000000e+00 1.904266e-01
4.020202e+00 4.000000e+00 2.089680e-01
4.020202e+00 5.000000e+00 2.380789e-01
4.020202e+00 6.000000e+00 2.975895e-01
4.020202e+00 7.000000e+00 3.641951e-01
4.020202e+00 8.000000e+00 3.708587e-01
4.020202e+00 9.000000e+00 3.416232e-01
4.020202e+00 1.000000e+01 3.189920e-01
4.020202e+00 1.100000e+01 3.033632e-01
4.020202e+00 1.200000e+01 2.914428e-01
4.020202e+00 1.300000e+01 2.804125e-01
4.020202e+00 1.400000e+01 2.694561e-01
4.020202e+00 1.500000e+01 2.537693e-01
4.020202e+00 1.600000e+01 2.363088e-01
4.020202e+00 1.700000e+01 2.137230e-01
4.020202e+00 1.800000e+01 1.933771e-01
4.020202e+00 1.900000e+01 1.802326e-01
4.020202e+00 2.000000e+01 1.803779e-01
7.040404e+00 0.000000e+00 1.803347e-01
7.040404e+00 1.000000e+00 1.838310e-01
7.040404e+00 2.000000e+00 1.895988e-01
7.040404e+00 3.000000e+00 2.063001e-01
7.040404e+00 4.000000e+00 2.256144e-01
7.040404e+00 5.000000e+00 2.559159e-01
7.040404e+00 6.000000e+00 3.177361e-01
7.040404e+00 7.000000e+00 3.848746e-01
7.040404e+00 8.000000e+00 3.889768e-01
7.040404e+00 9.000000e+00 3.572730e-01
7.040404e+00 1.000000e+01 3.335634e-01
7.040404e+00 1.100000e+01 3.177297e-01
7.040404e+00 1.200000e+01 3.061516e-01
7.040404e+00 1.300000e+01 2.957600e-01
7.040404e+00 1.400000e+01 2.858091e-01
7.040404e+00 1.500000e+01 2.711245e-01
7.040404e+00 1.600000e+01 2.551408e-01
7.040404e+00 1.700000e+01 2.340813e-01
7.040404e+00 1.800000e+01 2.164789e-01
7.040404e+00 1.900000e+01 2.072958e-01
7.040404e+00 2.000000e+01 2.136121e-01
1.006061e+01 0.000000e+00 1.958895e-01
1.006061e+01 1.000000e+00 1.997775e-01
1.006061e+01 2.000000e+00 2.061655e-01
1.006061e+01 3.000000e+00 2.238893e-01
1.006061e+01 4.000000e+00 2.441538e-01
1.006061e+01 5.000000e+00 2.756318e-01
1.006061e+01 6.000000e+00 3.393011e-01
1.006061e+01 7.000000e+00 4.069535e-01
1.006061e+01 8.000000e+00 4.082378e-01
1.006061e+01 9.000000e+00 3.738161e-01
1.006061e+01 1.000000e+01 3.489158e-01
1.006061e+01 1.100000e+01 3.328341e-01
1.006061e+01 1.200000e+01 3.215878e-01
1.006061e+01 1.300000e+01 3.118287e-01
1.006061e+01 1.400000e+01 3.028896e-01
1.006061e+01 1.500000e+01 2.891511e-01
1.006061e+01 1.600000e+01 2.745963e-01
1.006061e+01 1.700000e+01 2.549580e-01
1.006061e+01 1.800000e+01 2.400731e-01
1.006061e+01 1.900000e+01 2.345906e-01
1.006061e+01 2.000000e+01 2.464067e-01
1.308081e+01 0.000000e+00 2.131625e-01
1.308081e+01 1.000000e+00 2.175186e-01
1.308081e+01 2.000000e+00 2.244431e-01
1.308081e+01 3.000000e+00 2.430485e-01
1.308081e+01 4.000000e+00 2.641295e-01
1.308081e+01 5.000000e+00 2.966574e-01
1.308081e+01 6.000000e+00 3.621925e-01
1.308081e+01 7.000000e+00 4.303168e-01
1.308081e+01 8.000000e+00 4.284130e-01
1.308081e+01 9.000000e+00 3.910288e-01
1.308081e+01 1.000000e+01 3.648307e-01
1.308081e+01 1.100000e+01 3.484556e-01
1.308081e+01 1.200000e+01 3.375232e-01
1.308081e+01 1.300000e+01 3.283815e-01
1.308081e+01 1.400000e+01 3.204479e-01
1.308081e+01 1.500000e+01 3.075979e-01
1.308081e+01 1.600000e+01 2.944162e-01
1.308081e+01 1.700000e+01 2.760909e-01
1.308081e+01 1.800000e+01 2.638419e-01
1.308081e+01 1.900000e+01 2.616886e-01
1.308081e+01 2.000000e+01 2.781720e-01
1.610101e+01 0.000000e+00 2.320116e-01
1.610101e+01 1.000000e+00 2.366632e-01
1.610101e+01 2.000000e+00 2.440210e-01
1.610101e+01 3.000000e+00 2.634684e-01
1.610101e+01 4.000000e+00 2.853678e-01
1.610101e+01 5.000000e+00 3.189575e-01
1.610101e+01 6.000000e+00 3.864119e-01
1.610101e+01 7.000000e+00 4.547705e-01
1.610101e+01 8.000000e+00 4.492755e-01
1.610101e+01 9.000000e+00 4.086895e-01
1.610101e+01 1.000000e+01 3.810933e-01
1.610101e+01 1.100000e+01 3.643795e-01
1.610101e+01 1.200000e+01 3.537376e-01
1.610101e+01 1.300000e+01 3.451919e-01
1.610101e+01 1.400000e+01 3.382470e-01
1.610101e+01 1.500000e+01 3.262277e-01
1.610101e+01 1.600000e+01 3.143568e-01
1.610101e+01 1.700000e+01 2.972347e-01
1.610101e+01 1.800000e+01 2.874941e-01
1.610101e+01 1.900000e+01 2.882222e-01
1.610101e+01 2.000000e+01 3.084737e-01
1.912121e+01 0.000000e+00 2.520790e-01
1.912121e+01 1.000000e+00 2.569947e-01
1.912121e+01 2.000000e+00 2.648400e-01
1.912121e+01 3.000000e+00 2.851951e-01
1.912121e+01 4.000000e+00 3.079447e-01
1.912121e+01 5.000000e+00 3.425840e-01
1.912121e+01 6.000000e+00 4.118549e-01
1.912121e+01 7.000000e+00 4.801414e-01
1.912121e+01 8.000000e+00 4.706166e-01
1.912121e+01 9.000000e+00 4.265991e-01
1.912121e+01 1.000000e+01 3.975131e-01
1.912121e+01 1.100000e+01 3.804167e-01
1.912121e+01 1.200000e+01 3.700381e-01
1.912121e+01 1.300000e+01 3.620620e-01
1.912121e+01 1.400000e+01 3.560803e-01
1.912121e+01 1.500000e+01 3.448340e-01
1.912121e+01 1.600000e+01 3.342059e-01
1.912121e+01 1.700000e+01 3.181753e-01
1.912121e+01 1.800000e+01 3.107764e-01
1.912121e+01 1.900000e+01 3.138904e-01
1.912121e+01 2.000000e+01 3.370106e-01
2.214141e+01 0.000000e+00 2.732927e-01
2.214141e+01 1.000000e+00 2.785671e-01
2.214141e+01 2.000000e+00 2.870076e-01
2.214141e+01 3.000000e+00 3.083184e-01
2.214141e+01 4.000000e+00 3.319021e-01
2.214141e+01 5.000000e+00 3.675160e-01
2.214141e+01 6.000000e+00 4.384050e-01
2.214141e+01 7.000000e+00 5.062762e-01
2.214141e+01 8.000000e+00 4.922507e-01
2.214141e+01 9.000000e+00 4.445847e-01
2.214141e+01 1.000000e+01 4.139270e-01
2.214141e+01 1.100000e+01 3.964060e-01
2.214141e+01 1.200000e+01 3.862609e-01
2.214141e+01 1.300000e+01 3.788243e-01
2.214141e+01 1.400000e+01 3.737733e-01
2.214141e+01 1.500000e+01 3.632421e-01
2.214141e+01 1.600000e+01 3.537838e-01
2.214141e+01 1.700000e+01 3.387302e-01
2.214141e+01 1.800000e+01 3.334747e-01
2.214141e+01 1.900000e+01 3.384567e-01
2.214141e+01 2.000000e+01 3.635897e-01
2.516162e+01 0.000000e+00 2.957516e-01
2.516162e+01 1.000000e+00 3.014996e-01
2.516162e+01 2.000000e+00 3.106068e-01
2.516162e+01 3.000000e+00 3.328649e-01
2.516162e+01 4.000000e+00 3.572217e-01
2.516162e+01 5.000000e+00 3.936938e-01
2.516162e+01 6.000000e+00 4.659664e-01
2.516162e+01 7.000000e+00 5.330339e-01
2.516162e+01 8.000000e+00 5.140151e-01
2.516162e+01 9.000000e+00 4.624994e-01
2.516162e+01 1.000000e+01 4.301975e-01
2.516162e+01 1.100000e+01 4.122128e-01
2.516162e+01 1.200000e+01 4.022699e-01
2.516162e+01 1.300000e+01 3.953396e-01
2.516162e+01 1.400000e+01 3.911810e-01
2.516162e+01 1.500000e+01 3.813070e-01
2.516162e+01 1.600000e+01 3.729405e-01
2.516162e+01 1.700000e+01 3.587473e-01
2.516162e+01 1.800000e+01 3.554133e-01
2.516162e+01 1.900000e+01 3.617433e-01
2.516162e+01 2.000000e+01 3.881044e-01
2.818182e+01 0.000000e+00 3.195732e-01
2.818182e+01 1.000000e+00 3.258669e-01
2.818182e+01 2.000000e+00 3.356618e-01
2.818182e+01 3.000000e+00 3.588179e-01
2.818182e+01 4.000000e+00 3.838626e-01
2.818182e+01 5.000000e+00 4.210559e-01
2.818182e+01 6.000000e+00 4.944600e-01
2.818182e+01 7.000000e+00 5.602834e-01
2.818182e+01 8.000000e+00 5.357683e-01
2.818182e+01 9.000000e+00 4.802187e-01
2.818182e+01 1.000000e+01 4.462099e-01
2.818182e+01 1.100000e+01 4.277256e-01
2.818182e+01 1.200000e+01 4.179526e-01
2.818182e+01 1.300000e+01 4.114933e-01
2.818182e+01 1.400000e+01 4.081841e-01
2.818182e+01 1.500000e+01 3.989093e-01
2.818182e+01 1.600000e+01 3.915528e-01
2.818182e+01 1.700000e+01 3.781016e-01
2.818182e+01 1.800000e+01 3.764510e-01
2.818182e+01 1.900000e+01 3.836237e-01
2.818182e+01 2.000000e+01 4.105144e-01
3.120202e+01 0.000000e+00 3.448267e-01
3.120202e+01 1.000000e+00 3.516906e-01
3.120202e+01 2.000000e+00 3.621635e-01
3.120202e+01 3.000000e+00 3.861492e-01
3.120202e+01 4.000000e+00 4.117847e-01
3.120202e+01 5.000000e+00 4.495508e-01
3.120202e+01 6.000000e+00 5.238136e-01
3.120202e+01 7.000000e+00 5.879035e-01
3.120202e+01 8.000000e+00 5.573876e-01
3.120202e+01 9.000000e+00 4.976381e-01
3.120202e+01 1.000000e+01 4.618696e-01
3.120202e+01 1.100000e+01 4.428528e-01
3.120202e+01 1.200000e+01 4.332171e-01
3.120202e+01 1.300000e+01 4.271922e-01
3.120202e+01 1.400000e+01 4.246857e-01
3.120202e+01 1.500000e+01 4.159523e-01
3.120202e+01 1.600000e+01 4.095211e-01
3.120202e+01 1.700000e+01 3.966927e-01
3.120202e+01 1.800000e+01 3.964782e-01
3.120202e+01 1.900000e+01 4.040150e-01
3.120202e+01 2.000000e+01 4.308291e-01
3.422222e+01 0.000000e+00 3.715341e-01
3.422222e+01 1.000000e+00 3.789650e-01
3.422222e+01 2.000000e+00 3.900958e-01
3.422222e+01 3.000000e+00 4.148343e-01
3.422222e+01 4.000000e+00 4.409551e-01
3.422222e+01 5.000000e+00 4.791352e-01
3.422222e+01 6.000000e+00 5.539562e-01
3.422222e+01 7.000000e+00 6.157824e-01
3.422222e+01 8.000000e+00 5.787667e-01
3.422222e+01 9.000000e+00 5.146702e-01
3.422222e+01 1.000000e+01 4.770985e-01
3.422222e+01 1.100000e+01 4.575201e-01
3.422222e+01 1.200000e+01 4.479893e-01
3.422222e+01 1.300000e+01 4.423613e-01
3.422222e+01 1.400000e+01 4.406079e-01
3.422222e+01 1.500000e+01 4.323586e-01
3.422222e+01 1.600000e+01 4.267657e-01
3.422222e+01 1.700000e+01 4.144416e-01
3.422222e+01 1.800000e+01 4.154128e-01
3.422222e+01 1.900000e+01 4.228711e-01
3.422222e+01 2.000000e+01 4.490946e-01
3.724242e+01 0.000000e+00 3.996919e-01
3.724242e+01 1.000000e+00 4.076785e-01
3.724242e+01 2.000000e+00 4.194467e-01
3.724242e+01 3.000000e+00 4.448536e-01
3.724242e+01 4.000000e+00 4.713452e-01
3.724242e+01 5.000000e+00 5.097689e-01
3.724242e+01 6.000000e+00 5.848161e-01
3.724242e+01 7.000000e+00 6.438172e-01
3.724242e+01 8.000000e+00 5.998137e-01
3.724242e+01 9.000000e+00 5.312426e-01
3.724242e+01 1.000000e+01 4.918335e-01
3.724242e+01 1.100000e+01 4.716677e-01
3.724242e+01 1.200000e+01 4.622101e-01
3.724242e+01 1.300000e+01 4.569408e-01
3.724242e+01 1.400000e+01 4.558892e-01
3.724242e+01 1.500000e+01 4.480671e-01
3.724242e+01 1.600000e+01 4.432248e-01
3.724242e+01 1.700000e+01 4.312880e-01
3.724242e+01 1.800000e+01 4.331969e-01
3.724242e+01 1.900000e+01 4.401755e-01
3.724242e+01 2.000000e+01 4.653827e-01
4.026263e+01 0.000000e+00 4.292908e-01
4.026263e+01 1.000000e+00 4.378238e-01
4.026263e+01 2.000000e+00 4.502082e-01
4.026263e+01 3.000000e+00 4.761896e-01
4.026263e+01 4.000000e+00 5.029262e-01
4.026263e+01 5.000000e+00 5.414114e-01
4.026263e+01 6.000000e+00 6.163210e-01
4.026263e+01 7.000000e+00 6.719124e-01
4.026263e+01 8.000000e+00 6.204494e-01
4.026263e+01 9.000000e+00 5.472954e-01
4.026263e+01 1.000000e+01 5.060236e-01
4.026263e+01 1.100000e+01 4.852482e-01
4.026263e+01 1.200000e+01 4.758328e-01
4.026263e+01 1.300000e+01 4.708844e-01
4.026263e+01 1.400000e+01 4.704818e-01
4.026263e+01 1.500000e+01 4.630312e-01
4.026263e+01 1.600000e+01 4.588513e-01
4.026263e+01 1.700000e+01 4.471878e-01
4.026263e+01 1.800000e+01 4.497931e-01
4.026263e+01 1.900000e+01 4.559358e-01
4.026263e+01 2.000000e+01 4.797828e-01
4.328283e+01 0.000000e+00 4.603248e-01
4.328283e+01 1.000000e+00 4.693980e-01
4.328283e+01 2.000000e+00 4.823732e-01
4.328283e+01 3.000000e+00 5.088219e-01
4.328283e+01 4.000000e+00 5.356664e-01
4.328283e+01 5.000000e+00 5.740188e-01
4.328283e+01 6.000000e+00 6.483988e-01
4.328283e+01 7.000000e+00 6.999797e-01
4.328283e+01 8.000000e+00 6.406052e-01
4.328283e+01 9.000000e+00 5.627796e-01
4.328283e+01 1.000000e+01 5.196284e-01
4.328283e+01 1.100000e+01 4.982248e-01
4.328283e+01 1.200000e+01 4.888219e-01
4.328283e+01 1.300000e+01 4.841567e-01
4.328283e+01 1.400000e+01 4.843496e-01
4.328283e+01 1.500000e+01 4.772159e-01
4.328283e+01 1.600000e+01 4.736111e-01
4.328283e+01 1.700000e+01 4.621110e-01
4.328283e+01 1.800000e+01 4.651817e-01
4.328283e+01 1.900000e+01 4.701781e-01
4.328283e+01 2.000000e+01 4.923952e-01
4.630303e+01 0.000000e+00 4.927932e-01
4.630303e+01 1.000000e+00 5.023995e-01
4.630303e+01 2.000000e+00 5.159306e-01
4.630303e+01 3.000000e+00 5.427254e-01
4.630303e+01 4.000000e+00 5.695294e-01
4.630303e+01 5.000000e+00 6.075438e-01
4.630303e+01 6.000000e+00 6.809774e-01
4.630303e+01 7.000000e+00 7.279364e-01
4.630303e+01 8.000000e+00 6.602225e-01
4.630303e+01 9.000000e+00 5.776560e-01
4.630303e+01 1.000000e+01 5.326167e-01
4.630303e+01 1.100000e+01 5.105695e-01
4.630303e+01 1.200000e+01 5.011507e-01
4.630303e+01 1.300000e+01 4.967318e-01
4.630303e+01 1.400000e+01 4.974668e-01
4.630303e+01 1.500000e+01 4.905969e-01
4.630303e+01 1.600000e+01 4.874813e-01
4.630303e+01 1.700000e+01 4.760397e-01
4.630303e+01 1.800000e+01 4.793578e-01
4.630303e+01 1.900000e+01 4.829431e-01
4.630303e+01 2.000000e+01 5.033266e-01
4.932323e+01 0.000000e+00 5.266975e-01
4.932323e+01 1.000000e+00 5.368238e-01
4.932323e+01 2.000000e+00 5.508630e-01
4.932323e+01 3.000000e+00 5.778683e-01
4.932323e+01 4.000000e+00 6.044736e-01
4.932323e+01 5.000000e+00 6.419357e-01
4.932323e+01 6.000000e+00 7.139853e-01
4.932323e+01 7.000000e+00 7.557055e-01
4.932323e+01 8.000000e+00 6.792511e-01
4.932323e+01 9.000000e+00 5.918932e-01
4.932323e+01 1.000000e+01 5.449649e-01
4.932323e+01 1.100000e+01 5.222623e-01
4.932323e+01 1.200000e+01 5.128006e-01
4.932323e+01 1.300000e+01 5.085918e-01
4.932323e+01 1.400000e+01 5.098156e-01
4.932323e+01 1.500000e+01 5.031583e-01
4.932323e+01 1.600000e+01 5.004482e-01
4.932323e+01 1.700000e+01 4.889660e-01
4.932323e+01 1.800000e+01 4.923285e-01
4.932323e+01 1.900000e+01 4.942819e-01
4.932323e+01 2.000000e+01 5.126863e-01
5.234343e+01 0.000000e+00 5.620376e-01
5.234343e+01 1.000000e+00 5.726599e-01
5.234343e+01 2.000000e+00 5.871457e-01
5.234343e+01 3.000000e+00 6.142128e-01
5.234343e+01 4.000000e+00 6.404526e-01
5.234343e+01 5.000000e+00 6.771401e-01
5.234343e+01 6.000000e+00 7.473512e-01
5.234343e+01 7.000000e+00 7.832149e-01
5.234343e+01 8.000000e+00 6.976484e-01
5.234343e+01 9.000000e+00 6.054670e-01
5.234343e+01 1.000000e+01 5.566559e-01
5.234343e+01 1.100000e+01 5.332891e-01
5.234343e+01 1.200000e+01 5.237592e-01
5.234343e+01 1.300000e+01 5.197256e-01
5.234343e+01 1.400000e+01 5.213858e-01
5.234343e+01 1.500000e+01 5.148917e-01
5.234343e+01 1.600000e+01 5.125063e-01
5.234343e+01 1.700000e+01 5.008908e-01
5.234343e+01 1.800000e+01 5.041113e-01
5.234343e+01 1.900000e+01 5.042536e-01
5.234343e+01 2.000000e+01 5.205832e-01
5.536364e+01 0.000000e+00 5.988084e-01
5.536364e+01 1.000000e+00 6.098893e-01
5.536364e+01 2.000000e+00 6.247459e-01
5.536364e+01 3.000000e+00 6.517147e-01
5.536364e+01 4.000000e+00 6.774152e-01
5.536364e+01 5.000000e+00 7.130997e-01
5.536364e+01 6.000000e+00 7.810043e-01
5.536364e+01 7.000000e+00 8.103968e-01
5.536364e+01 8.000000e+00 7.153787e-01
5.536364e+01 9.000000e+00 6.183592e-01
5.536364e+01 1.000000e+01 5.676784e-01
5.536364e+01 1.100000e+01 5.436419e-01
5.536364e+01 1.200000e+01 5.340201e-01
5.536364e+01 1.300000e+01 5.301279e-01
5.536364e+01 1.400000e+01 5.321730e-01
5.536364e+01 1.500000e+01 5.257951e-01
5.536364e+01 1.600000e+01 5.236568e-01
5.536364e+01 1.700000e+01 5.118225e-01
5.536364e+01 1.800000e+01 5.147315e-01
5.536364e+01 1.900000e+01 5.129225e-01
5.536364e+01 2.000000e+01 5.271242e-01
5.838384e+01 0.000000e+00 6.369975e-01
5.838384e+01 1.000000e+00 6.484850e-01
5.838384e+01 2.000000e+00 6.636238e-01
5.838384e+01 3.000000e+00 6.903241e-01
5.838384e+01 4.000000e+00 7.153060e-01
5.838384e+01 5.000000e+00 7.497547e-01
5.838384e+01 6.000000e+00 8.148734e-01
5.838384e+01 7.000000e+00 8.371883e-01
5.838384e+01 8.000000e+00 7.324119e-01
5.838384e+01 9.000000e+00 6.305571e-01
5.838384e+01 1.000000e+01 5.780260e-01
5.838384e+01 1.100000e+01 5.533170e-01
5.838384e+01 1.200000e+01 5.435812e-01
5.838384e+01 1.300000e+01 5.397981e-01
5.838384e+01 1.400000e+01 5.421781e-01
5.838384e+01 1.500000e+01 5.358717e-01
5.838384e+01 1.600000e+01 5.339067e-01
5.838384e+01 1.700000e+01 5.217753e-01
5.838384e+01 1.800000e+01 5.242210e-01
5.838384e+01 1.900000e+01 5.203560e-01
5.838384e+01 2.000000e+01 5.324127e-01
6.140404e+01 0.000000e+00 6.765840e-01
6.140404e+01 1.000000e+00 6.884120e-01
6.140404e+01 2.000000e+00 7.037325e-01
6.140404e+01 3.000000e+00 7.299861e-01
6.140404e+01 4.000000e+00 7.540656e-01
6.140404e+01 5.000000e+00 7.870426e-01
6.140404e+01 6.000000e+00 8.488877e-01
6.140404e+01 7.000000e+00 8.635300e-01
6.140404e+01 8.000000e+00 7.487237e-01
6.140404e+01 9.000000e+00 6.420525e-01
6.140404e+01 1.000000e+01 5.876962e-01
6.140404e+01 1.100000e+01 5.623147e-01
6.140404e+01 1.200000e+01 5.524448e-01
6.140404e+01 1.300000e+01 5.487398e-01
6.140404e+01 1.400000e+01 5.514062e-01
6.140404e+01 1.500000e+01 5.451292e-01
6.140404e+01 1.600000e+01 5.432677e-01
6.140404e+01 1.700000e+01 5.307685e-01
6.140404e+01 1.800000e+01 5.326165e-01
6.140404e+01 1.900000e+01 5.266233e-01
6.140404e+01 2.000000e+01 5.365475e-01
6.442424e+01 0.000000e+00 7.175387e-01
6.442424e+01 1.000000e+00 7.296278e-01
6.442424e+01 2.000000e+00 7.450186e-01
6.442424e+01 3.000000e+00 7.706404e-01
6.442424e+01 4.000000e+00 7.936309e-01
6.442424e+01 5.000000e+00 8.248989e-01
6.442424e+01 6.000000e+00 8.829762e-01
6.442424e+01 7.000000e+00 8.893670e-01
6.442424e+01 8.000000e+00 7.642944e-01
6.442424e+01 9.000000e+00 6.528409e-01
6.442424e+01 1.000000e+01 5.966901e-01
6.442424e+01 1.100000e+01 5.706388e-01
6.442424e+01 1.200000e+01 5.606164e-01
6.442424e+01 1.300000e+01 5.569602e-01
6.442424e+01 1.400000e+01 5.598662e-01
6.442424e+01 1.500000e+01 5.535790e-01
6.442424e+01 1.600000e+01 5.517555e-01
6.442424e+01 1.700000e+01 5.388254e-01
6.442424e+01 1.800000e+01 5.399586e-01
6.442424e+01 1.900000e+01 5.317940e-01
6.442424e+01 2.000000e+01 5.396225e-01
6.744444e+01 0.000000e+00 7.598245e-01
6.744444e+01 1.000000e+00 7.720826e-01
6.744444e+01 2.000000e+00 7.874231e-01
6.744444e+01 3.000000e+00 8.122223e-01
6.744444e+01 4.000000e+00 8.339353e-01
6.744444e+01 5.000000e+00 8.632568e-01
6.744444e+01 6.000000e+00 9.170677e-01
6.744444e+01 7.000000e+00 9.146480e-01
6.744444e+01 8.000000e+00 7.791086e-01
6.744444e+01 9.000000e+00 6.629218e-01
6.744444e+01 1.000000e+01 6.050119e-01
6.744444e+01 1.100000e+01 5.782959e-01
6.744444e+01 1.200000e+01 5.681041e-01
6.744444e+01 1.300000e+01 5.644691e-01
6.744444e+01 1.400000e+01 5.675700e-01
6.744444e+01 1.500000e+01 5.612358e-01
6.744444e+01 1.600000e+01 5.593892e-01
6.744444e+01 1.700000e+01 5.459728e-01
6.744444e+01 1.800000e+01 5.462906e-01
6.744444e+01 1.900000e+01 5.359369e-01
6.744444e+01 2.000000e+01 5.417261e-01
7.046465e+01 0.000000e+00 8.033964e-01
7.046465e+01 1.000000e+00 8.157203e-01
7.046465e+01 2.000000e+00 8.308809e-01
7.046465e+01 3.000000e+00 8.546630e-01
7.046465e+01 4.000000e+00 8.749092e-01
7.046465e+01 5.000000e+00 9.020475e-01
7.046465e+01 6.000000e+00 9.510917e-01
7.046465e+01 7.000000e+00 9.393255e-01
7.046465e+01 8.000000e+00 7.931549e-01
7.046465e+01 9.000000e+00 6.722973e-01
7.046465e+01 1.000000e+01 6.126683e-01
7.046465e+01 1.100000e+01 5.852950e-01
7.046465e+01 1.200000e+01 5.749187e-01
7.046465e+01 1.300000e+01 5.712789e-01
7.046465e+01 1.400000e+01 5.745319e-01
7.046465e+01 1.500000e+01 5.681166e-01
7.046465e+01 1.600000e+01 5.661905e-01
7.046465e+01 1.700000e+01 5.522398e-01
7.046465e+01 1.800000e+01 5.516574e-01
7.046465e+01 1.900000e+01 5.391197e-01
7.046465e+01 2.000000e+01 5.429410e-01
7.348485e+01 0.000000e+00 8.482025e-01
7.348485e+01 1.000000e+00 8.604786e-01
7.348485e+01 2.000000e+00 8.753220e-01
7.348485e+01 3.000000e+00 8.978894e-01
7.348485e+01 4.000000e+00 9.164800e-01
7.348485e+01 5.000000e+00 9.412001e-01
7.348485e+01 6.000000e+00 9.849777e-01
7.348485e+01 7.000000e+00 9.633555e-01
7.348485e+01 8.000000e+00 8.064254e-01
7.348485e+01 9.000000e+00 6.809721e-01
7.348485e+01 1.000000e+01 6.196683e-01
7.348485e+01 1.100000e+01 5.916471e-01
7.348485e+01 1.200000e+01 5.810730e-01
7.348485e+01 1.300000e+01 5.774039e-01
7.348485e+01 1.400000e+01 5.807684e-01
7.348485e+01 1.500000e+01 5.742406e-01
7.348485e+01 1.600000e+01 5.721832e-01
7.348485e+01 1.700000e+01 5.576576e-01
7.348485e+01 1.800000e+01 5.561053e-01
7.348485e+01 1.900000e+01 5.414081e-01
7.348485e+01 2.000000e+01 5.433446e-01
7.650505e+01 0.000000e+00 8.941844e-01
7.650505e+01 1.000000e+00 9.062892e-01
7.650505e+01 2.000000e+00 9.206712e-01
7.650505e+01 3.000000e+00 9.418250e-01
7.650505e+01 4.000000e+00 9.585724e-01
7.650505e+01 5.000000e+00 9.806420e-01
7.650505e+01 6.000000e+00 1.018656e+00
7.650505e+01 7.000000e+00 9.866978e-01
7.650505e+01 8.000000e+00 8.189153e-01
7.650505e+01 9.000000e+00 6.889535e-01
7.650505e+01 1.000000e+01 6.260226e-01
7.650505e+01 1.100000e+01 5.973649e-01
7.650505e+01 1.200000e+01 5.865811e-01
7.650505e+01 1.300000e+01 5.828602e-01
7.650505e+01 1.400000e+01 5.862978e-01
7.650505e+01 1.500000e+01 5.796289e-01
7.650505e+01 1.600000e+01 5.773929e-01
7.650505e+01 1.700000e+01 5.622588e-01
7.650505e+01 1.800000e+01 5.596809e-01
7.650505e+01 1.900000e+01 5.428655e-01
7.650505e+01 2.000000e+01 5.430089e-01
7.952525e+01 0.000000e+00 9.412774e-01
7.952525e+01 1.000000e+00 9.530787e-01
7.952525e+01 2.000000e+00 9.668492e-01
7.952525e+01 3.000000e+00 9.863899e-01
7.952525e+01 4.000000e+00 1.001108e+00
7.952525e+01 5.000000e+00 1.020299e+00
7.952525e+01 6.000000e+00 1.052058e+00
7.952525e+01 7.000000e+00 1.009315e+00
7.952525e+01 8.000000e+00 8.306227e-01
7.952525e+01 9.000000e+00 6.962503e-01
7.952525e+01 1.000000e+01 6.317434e-01
7.952525e+01 1.100000e+01 6.024624e-01
7.952525e+01 1.200000e+01 5.914588e-01
7.952525e+01 1.300000e+01 5.876650e-01
7.952525e+01 1.400000e+01 5.911394e-01
7.952525e+01 1.500000e+01 5.843036e-01
7.952525e+01 1.600000e+01 5.818463e-01
7.952525e+01 1.700000e+01 5.660768e-01
7.952525e+01 1.800000e+01 5.624308e-01
7.952525e+01 1.900000e+01 5.435527e-01
7.952525e+01 2.000000e+01 5.420003e-01
8.254545e+01 0.000000e+00 9.894107e-01
8.254545e+01 1.000000e+00 1.000769e+00
8.254545e+01 2.000000e+00 1.013772e+00
8.254545e+01 3.000000e+00 1.031501e+00
8.254545e+01 4.000000e+00 1.044008e+00
8.254545e+01 5.000000e+00 1.060096e+00
8.254545e+01 6.000000e+00 1.085116e+00
8.254545e+01 7.000000e+00 1.031175e+00
8.254545e+01 8.000000e+00 8.415483e-01
8.254545e+01 9.000000e+00 7.028734e-01
8.254545e+01 1.000000e+01 6.368443e-01
8.254545e+01 1.100000e+01 6.069548e-01
8.254545e+01 1.200000e+01 5.957227e-01
8.254545e+01 1.300000e+01 5.918367e-01
8.254545e+01 1.400000e+01 5.953140e-01
8.254545e+01 1.500000e+01 5.882879e-01
8.254545e+01 1.600000e+01 5.855712e-01
8.254545e+01 1.700000e+01 5.691458e-01
8.254545e+01 1.800000e+01 5.644010e-01
8.254545e+01 1.900000e+01 5.435278e-01
8.254545e+01 2.000000e+01 5.403806e-01
8.556566e+01 0.000000e+00 1.038508e+00
8.556566e+01 1.000000e+00 1.049275e+00
8.556566e+01 2.000000e+00 1.061353e+00
8.556566e+01 3.000000e+00 1.077073e+00
8.556566e+01 4.000000e+00 1.087188e+00
8.556566e+01 5.000000e+00 1.099955e+00
8.556566e+01 6.000000e+00 1.117765e+00
8.556566e+01 7.000000e+00 1.052246e+00
8.556566e+01 8.000000e+00 8.516952e-01
8.556566e+01 9.000000e+00 7.088347e-01
8.556566e+01 1.000000e+01 6.413400e-01
8.556566e+01 1.100000e+01 6.108583e-01
8.556566e+01 1.200000e+01 5.993904e-01
8.556566e+01 1.300000e+01 5.953945e-01
8.556566e+01 1.400000e+01 5.988430e-01
8.556566e+01 1.500000e+01 5.916061e-01
8.556566e+01 1.600000e+01 5.885960e-01
8.556566e+01 1.700000e+01 5.715003e-01
8.556566e+01 1.800000e+01 5.656370e-01
8.556566e+01 1.900000e+01 5.428458e-01
8.556566e+01 2.000000e+01 5.382066e-01
8.858586e+01 0.000000e+00 1.088489e+00
8.858586e+01 1.000000e+00 1.098513e+00
8.858586e+01 2.000000e+00 1.109502e+00
8.858586e+01 3.000000e+00 1.123018e+00
8.858586e+01 4.000000e+00 1.130565e+00
8.858586e+01 5.000000e+00 1.139799e+00
8.858586e+01 6.000000e+00 1.149938e+00
8.858586e+01 7.000000e+00 1.072501e+00
8.858586e+01 8.000000e+00 8.610684e-01
8.858586e+01 9.000000e+00 7.141477e-01
8.858586e+01 1.000000e+01 6.452461e-01
8.858586e+01 1.100000e+01 6.141897e-01
8.858586e+01 1.200000e+01 6.024802e-01
8.858586e+01 1.300000e+01 5.983582e-01
8.858586e+01 1.400000e+01 6.017484e-01
8.858586e+01 1.500000e+01 5.942825e-01
8.858586e+01 1.600000e+01 5.909494e-01
8.858586e+01 1.700000e+01 5.731746e-01
8.858586e+01 1.800000e+01 5.661832e-01
8.858586e+01 1.900000e+01 5.415589e-01
8.858586e+01 2.000000e+01 5.355308e-01
9.160606e+01 0.000000e+00 1.139268e+00
9.160606e+01 1.000000e+00 1.148389e+00
9.160606e+01 2.000000e+00 1.158124e+00
9.160606e+01 3.000000e+00 1.169245e+00
9.160606e+01 4.000000e+00 1.174053e+00
9.160606e+01 5.000000e+00 1.179549e+00
9.160606e+01 6.000000e+00 1.181575e+00
9.160606e+01 7.000000e+00 1.091918e+00
9.160606e+01 8.000000e+00 8.696750e-01
9.160606e+01 9.000000e+00 7.188267e-01
9.160606e+01 1.000000e+01 6.485787e-01
9.160606e+01 1.100000e+01 6.169664e-01
9.160606e+01 1.200000e+01 6.050107e-01
9.160606e+01 1.300000e+01 6.007481e-01
9.160606e+01 1.400000e+01 6.040525e-01
9.160606e+01 1.500000e+01 5.963421e-01
9.160606e+01 1.600000e+01 5.926604e-01
9.160606e+01 1.700000e+01 5.742028e-01
9.160606e+01 1.800000e+01 5.660828e-01
9.160606e+01 1.900000e+01 5.397162e-01
9.160606e+01 2.000000e+01 5.324013e-01
9.462626e+01 0.000000e+00 1.190754e+00
9.462626e+01 1.000000e+00 1.198810e+00
9.462626e+01 2.000000e+00 1.207125e+00
9.462626e+01 3.000000e+00 1.215662e+00
9.462626e+01 4.000000e+00 1.217566e+00
9.462626e+01 5.000000e+00 1.219127e+00
9.462626e+01 6.000000e+00 1.212615e+00
9.462626e+01 7.000000e+00 1.110474e+00
9.462626e+01 8.000000e+00 8.775237e-01
9.462626e+01 9.000000e+00 7.228869e-01
9.462626e+01 1.000000e+01 6.513546e-01
9.462626e+01 1.100000e+01 6.192062e-01
9.462626e+01 1.200000e+01 6.070010e-01
9.462626e+01 1.300000e+01 6.025847e-01
9.462626e+01 1.400000e+01 6.057783e-01
9.462626e+01 1.500000e+01 5.978100e-01
9.462626e+01 1.600000e+01 5.937579e-01
9.462626e+01 1.700000e+01 5.746188e-01
9.462626e+01 1.800000e+01 5.653773e-01
9.462626e+01 1.900000e+01 5.373640e-01
9.462626e+01 2.000000e+01 5.288626e-01
9.764646e+01 0.000000e+00 1.242854e+00
9.764646e+01 1.000000e+00 1.249681e+00
9.764646e+01 2.000000e+00 1.256407e+00
9.764646e+01 3.000000e+00 1.262175e+00
9.764646e+01 4.000000e+00 1.261015e+00
9.764646e+01 5.000000e+00 1.258453e+00
9.764646e+01 6.000000e+00 1.242999e+00
9.764646e+01 7.000000e+00 1.128152e+00
9.764646e+01 8.000000e+00 8.846248e-01
9.764646e+01 9.000000e+00 7.263444e-01
9.764646e+01 1.000000e+01 6.535911e-01
9.764646e+01 1.100000e+01 6.209272e-01
9.764646e+01 1.200000e+01 6.084705e-01
9.764646e+01 1.300000e+01 6.038888e-01
9.764646e+01 1.400000e+01 6.069484e-01
9.764646e+01 1.500000e+01 5.987112e-01
9.764646e+01 1.600000e+01 5.942706e-01
9.764646e+01 1.700000e+01 5.744555e-01
9.764646e+01 1.800000e+01 5.641072e-01
9.764646e+01 1.900000e+01 5.345456e-01
9.764646e+01 2.000000e+01 5.249553e-01
1.006667e+02 0.000000e+00 1.295472e+00
1.006667e+02 1.000000e+00 1.300901e+00
1.006667e+02 2.000000e+00 1.305869e+00
1.006667e+02 3.000000e+00 1.308690e+00
1.006667e+02 4.000000e+00 1.304312e+00
1.006667e+02 5.000000e+00 1.297451e+00
1.006667e+02 6.000000e+00 1.272674e+00
1.006667e+02 7.000000e+00 1.144938e+00
1.006667e+02 8.000000e+00 8.909898e-01
1.006667e+02 9.000000e+00 7.292157e-01
1.006667e+02 1.000000e+01 6.553057e-01
1.006667e+02 1.100000e+01 6.221478e-01
1.006667e+02 1.200000e+01 6.094385e-01
1.006667e+02 1.300000e+01 6.046812e-01
1.006667e+02 1.400000e+01 6.075857e-01
1.006667e+02 1.500000e+01 5.990707e-01
1.006667e+02 1.600000e+01 5.942270e-01
1.006667e+02 1.700000e+01 5.737455e-01
1.006667e+02 1.800000e+01 5.623111e-01
1.006667e+02 1.900000e+01 5.313019e-01
1.006667e+02 2.000000e+01 5.207168e-01
1.036869e+02 0.000000e+00 1.348510e+00
1.036869e+02 1.000000e+00 1.352371e+00
1.036869e+02 2.000000e+00 1.355412e+00
1.036869e+02 3.000000e+00 1.355111e+00
1.036869e+02 4.000000e+00 1.347368e+00
1.036869e+02 5.000000e+00 1.336041e+00
1.036869e+02 6.000000e+00 1.301585e+00
1.036869e+02 7.000000e+00 1.160818e+00
1.036869e+02 8.000000e+00 8.966316e-01
1.036869e+02 9.000000e+00 7.315178e-01
1.036869e+02 1.000000e+01 6.565161e-01
1.036869e+02 1.100000e+01 6.228864e-01
1.036869e+02 1.200000e+01 6.099245e-01
1.036869e+02 1.300000e+01 6.049826e-01
1.036869e+02 1.400000e+01 6.077129e-01
1.036869e+02 1.500000e+01 5.989132e-01
1.036869e+02 1.600000e+01 5.936549e-01
1.036869e+02 1.700000e+01 5.725204e-01
1.036869e+02 1.800000e+01 5.600262e-01
1.036869e+02 1.900000e+01 5.276706e-01
1.036869e+02 2.000000e+01 5.161816e-01
1.067071e+02 0.000000e+00 1.401865e+00
1.067071e+02 1.000000e+00 1.403988e+00
1.067071e+02 2.000000e+00 1.404932e+00
1.067071e+02 3.000000e+00 1.401342e+00
1.067071e+02 4.000000e+00 1.390096e+00
1.067071e+02 5.000000e+00 1.374149e+00
1.067071e+02 6.000000e+00 1.329685e+00
1.067071e+02 7.000000e+00 1.175785e+00
1.067071e+02 8.000000e+00 9.015640e-01
1.067071e+02 9.000000e+00 7.332680e-01
1.067071e+02 1.000000e+01 6.572401e-01
1.067071e+02 1.100000e+01 6.231614e-01
1.067071e+02 1.200000e+01 6.099478e-01
1.067071e+02 1.300000e+01 6.048137e-01
1.067071e+02 1.400000e+01 6.073526e-01
1.067071e+02 1.500000e+01 5.982631e-01
1.067071e+02 1.600000e+01 5.925819e-01
1.067071e+02 1.700000e+01 5.708109e-01
1.067071e+02 1.800000e+01 5.572877e-01
1.067071e+02 1.900000e+01 5.236874e-01
1.067071e+02 2.000000e+01 5.113810e-01
1.097273e+02 0.000000e+00 1.455435e+00
1.097273e+02 1.000000e+00 1.455649e+00
1.097273e+02 2.000000e+00 1.454328e+00
1.097273e+02 3.000000e+00 1.447287e+00
1.097273e+02 4.000000e+00 1.432408e+00
1.097273e+02 5.000000e+00 1.411699e+00
1.097273e+02 6.000000e+00 1.356925e+00
1.097273e+02 7.000000e+00 1.189830e+00
1.097273e+02 8.000000e+00 9.058019e-01
1.097273e+02 9.000000e+00 7.344841e-01
1.097273e+02 1.000000e+01 6.574958e-01
1.097273e+02 1.100000e+01 6.229911e-01
1.097273e+02 1.200000e+01 6.095278e-01
1.097273e+02 1.300000e+01 6.041949e-01
1.097273e+02 1.400000e+01 6.065270e-01
1.097273e+02 1.500000e+01 5.971446e-01
1.097273e+02 1.600000e+01 5.910349e-01
1.097273e+02 1.700000e+01 5.686467e-01
1.097273e+02 1.800000e+01 5.541296e-01
1.097273e+02 1.900000e+01 5.193852e-01
1.097273e+02 2.000000e+01 5.063439e-01
1.127475e+02 0.000000e+00 1.509116e+00
1.127475e+02 1.000000e+00 1.507250e+00
1.127475e+02 2.000000e+00 1.503497e+00
1.127475e+02 3.000000e+00 1.492851e+00
1.127475e+02 4.000000e+00 1.474218e+00
1.127475e+02 5.000000e+00 1.448618e+00
1.127475e+02 6.000000e+00 1.383264e+00
1.127475e+02 7.000000e+00 1.202949e+00
1.127475e+02 8.000000e+00 9.093610e-01
1.127475e+02 9.000000e+00 7.351839e-01
1.127475e+02 1.000000e+01 6.573009e-01
1.127475e+02 1.100000e+01 6.223938e-01
1.127475e+02 1.200000e+01 6.086834e-01
1.127475e+02 1.300000e+01 6.031465e-01
1.127475e+02 1.400000e+01 6.052579e-01
1.127475e+02 1.500000e+01 5.955811e-01
1.127475e+02 1.600000e+01 5.890401e-01
1.127475e+02 1.700000e+01 5.660567e-01
1.127475e+02 1.800000e+01 5.505839e-01
1.127475e+02 1.900000e+01 5.147947e-01
1.127475e+02 2.000000e+01 5.010968e-01
1.157677e+02 0.000000e+00 1.562805e+00
1.157677e+02 1.000000e+00 1.558687e+00
1.157677e+02 2.000000e+00 1.552337e+00
1.157677e+02 3.000000e+00 1.537940e+00
1.157677e+02 4.000000e+00 1.515440e+00
1.157677e+02 5.000000e+00 1.484836e+00
1.157677e+02 6.000000e+00 1.408661e+00
1.157677e+02 7.000000e+00 1.215142e+00
1.157677e+02 8.000000e+00 9.122577e-01
1.157677e+02 9.000000e+00 7.353852e-01
1.157677e+02 1.000000e+01 6.566734e-01
1.157677e+02 1.100000e+01 6.213875e-01
1.157677e+02 1.200000e+01 6.074336e-01
1.157677e+02 1.300000e+01 6.016883e-01
1.157677e+02 1.400000e+01 6.035671e-01
1.157677e+02 1.500000e+01 5.935958e-01
1.157677e+02 1.600000e+01 5.866230e-01
1.157677e+02 1.700000e+01 5.630685e-01
1.157677e+02 1.800000e+01 5.466811e-01
1.157677e+02 1.900000e+01 5.099445e-01
1.157677e+02 2.000000e+01 4.956640e-01
1.187879e+02 0.000000e+00 1.616396e+00
1.187879e+02 1.000000e+00 1.609857e+00
1.187879e+02 2.000000e+00 1.600746e+00
1.187879e+02 3.000000e+00 1.582459e+00
1.187879e+02 4.000000e+00 1.555992e+00
1.187879e+02 5.000000e+00 1.520284e+00
1.187879e+02 6.000000e+00 1.433079e+00
1.187879e+02 7.000000e+00 1.226407e+00
1.187879e+02 8.000000e+00 9.145088e-01
1.187879e+02 9.000000e+00 7.351062e-01
1.187879e+02 1.000000e+01 6.556308e-01
1.187879e+02 1.100000e+01 6.199901e-01
1.187879e+02 1.200000e+01 6.057968e-01
1.187879e+02 1.300000e+01 5.998399e-01
1.187879e+02 1.400000e+01 6.014755e-01
1.187879e+02 1.500000e+01 5.912112e-01
1.187879e+02 1.600000e+01 5.838084e-01
1.187879e+02 1.700000e+01 5.597089e-01
1.187879e+02 1.800000e+01 5.424502e-01
1.187879e+02 1.900000e+01 5.048611e-01
1.187879e+02 2.000000e+01 4.900676e-01
1.218081e+02 0.000000e+00 1.669784e+00
1.218081e+02 1.000000e+00 1.660657e+00
1.218081e+02 2.000000e+00 1.648623e+00
1.218081e+02 3.000000e+00 1.626319e+00
1.218081e+02 4.000000e+00 1.595794e+00
1.218081e+02 5.000000e+00 1.554898e+00
1.218081e+02 6.000000e+00 1.456486e+00
1.218081e+02 7.000000e+00 1.236747e+00
1.218081e+02 8.000000e+00 9.161320e-01
1.218081e+02 9.000000e+00 7.343648e-01
1.218081e+02 1.000000e+01 6.541906e-01
1.218081e+02 1.100000e+01 6.182192e-01
1.218081e+02 1.200000e+01 6.037913e-01
1.218081e+02 1.300000e+01 5.976205e-01
1.218081e+02 1.400000e+01 5.990040e-01
1.218081e+02 1.500000e+01 5.884494e-01
1.218081e+02 1.600000e+01 5.806204e-01
1.218081e+02 1.700000e+01 5.560034e-01
1.218081e+02 1.800000e+01 5.379184e-01
1.218081e+02 1.900000e+01 4.995691e-01
1.218081e+02 2.000000e+01 4.843282e-01
1.248283e+02 0.000000e+00 1.722865e+00
1.248283e+02 1.000000e+00 1.710984e+00
1.248283e+02 2.000000e+00 1.695871e+00
1.248283e+02 3.000000e+00 1.669430e+00
1.248283e+02 4.000000e+00 1.634768e+00
1.248283e+02 5.000000e+00 1.588614e+00
1.248283e+02 6.000000e+00 1.478852e+00
1.248283e+02 7.000000e+00 1.246168e+00
1.248283e+02 8.000000e+00 9.171453e-01
1.248283e+02 9.000000e+00 7.331789e-01
1.248283e+02 1.000000e+01 6.523702e-01
1.248283e+02 1.100000e+01 6.160921e-01
1.248283e+02 1.200000e+01 6.014349e-01
1.248283e+02 1.300000e+01 5.950489e-01
1.248283e+02 1.400000e+01 5.961725e-01
1.248283e+02 1.500000e+01 5.853318e-01
1.248283e+02 1.600000e+01 5.770821e-01
1.248283e+02 1.700000e+01 5.519767e-01
1.248283e+02 1.800000e+01 5.331117e-01
1.248283e+02 1.900000e+01 4.940914e-01
1.248283e+02 2.000000e+01 4.784645e-01
1.278485e+02 0.000000e+00 1.775536e+00
1.278485e+02 1.000000e+00 1.760738e+00
1.278485e+02 2.000000e+00 1.742393e+00
1.278485e+02 3.000000e+00 1.711705e+00
1.278485e+02 4.000000e+00 1.672839e+00
1.278485e+02 5.000000e+00 1.621375e+00
1.278485e+02 6.000000e+00 1.500150e+00
1.278485e+02 7.000000e+00 1.254675e+00
1.278485e+02 8.000000e+00 9.175668e-01
1.278485e+02 9.000000e+00 7.315665e-01
1.278485e+02 1.000000e+01 6.501866e-01
1.278485e+02 1.100000e+01 6.136258e-01
1.278485e+02 1.200000e+01 5.987453e-01
1.278485e+02 1.300000e+01 5.921433e-01
1.278485e+02 1.400000e+01 5.930008e-01
1.278485e+02 1.500000e+01 5.818790e-01
1.278485e+02 1.600000e+01 5.732160e-01
1.278485e+02 1.700000e+01 5.476522e-01
1.278485e+02 1.800000e+01 5.280544e-01
1.278485e+02 1.900000e+01 4.884490e-01
1.278485e+02 2.000000e+01 4.724935e-01
1.308687e+02 0.000000e+00 1.827696e+00
1.308687e+02 1.000000e+00 1.809819e+00
1.308687e+02 2.000000e+00 1.788094e+00
1.308687e+02 3.000000e+00 1.753063e+00
1.308687e+02 4.000000e+00 1.709936e+00
1.308687e+02 5.000000e+00 1.653124e+00
1.308687e+02 6.000000e+00 1.520359e+00
1.308687e+02 7.000000e+00 1.262278e+00
1.308687e+02 8.000000e+00 9.174152e-01
1.308687e+02 9.000000e+00 7.295450e-01
1.308687e+02 1.000000e+01 6.476566e-01
1.308687e+02 1.100000e+01 6.108370e-01
1.308687e+02 1.200000e+01 5.957395e-01
1.308687e+02 1.300000e+01 5.889217e-01
1.308687e+02 1.400000e+01 5.895081e-01
1.308687e+02 1.500000e+01 5.781113e-01
1.308687e+02 1.600000e+01 5.690438e-01
1.308687e+02 1.700000e+01 5.430525e-01
1.308687e+02 1.800000e+01 5.227695e-01
1.308687e+02 1.900000e+01 4.826615e-01
1.308687e+02 2.000000e+01 4.664309e-01
1.338889e+02 0.000000e+00 1.879243e+00
1.338889e+02 1.000000e+00 1.858133e+00
1.338889e+02 2.000000e+00 1.832884e+00
1.338889e+02 3.000000e+00 1.793422e+00
1.338889e+02 4.000000e+00 1.745992e+00
1.338889e+02 5.000000e+00 1.683810e+00
1.338889e+02 6.000000e+00 1.539458e+00
1.338889e+02 7.000000e+00 1.268985e+00
1.338889e+02 8.000000e+00 9.167094e-01
1.338889e+02 9.000000e+00 7.271321e-01
1.338889e+02 1.000000e+01 6.447967e-01
1.338889e+02 1.100000e+01 6.077419e-01
1.338889e+02 1.200000e+01 5.924342e-01
1.338889e+02 1.300000e+01 5.854016e-01
1.338889e+02 1.400000e+01 5.857129e-01
1.338889e+02 1.500000e+01 5.740481e-01
1.338889e+02 1.600000e+01 5.645862e-01
1.338889e+02 1.700000e+01 5.381990e-01
1.338889e+02 1.800000e+01 5.172787e-01
1.338889e+02 1.900000e+01 4.767470e-01
1.338889e+02 2.000000e+01 4.602912e-01
1.369091e+02 0.000000e+00 1.930081e+00
1.369091e+02 1.000000e+00 1.905584e+00
1.369091e+02 2.000000e+00 1.876676e+00
1.369091e+02 3.000000e+00 1.832708e+00
1.369091e+02 4.000000e+00 1.780943e+00
1.369091e+02 5.000000e+00 1.713385e+00
1.369091e+02 6.000000e+00 1.557433e+00
1.369091e+02 7.000000e+00 1.274810e+00
1.369091e+02 8.000000e+00 9.154682e-01
1.369091e+02 9.000000e+00 7.243450e-01
1.369091e+02 1.000000e+01 6.416230e-01
1.369091e+02 1.100000e+01 6.043565e-01
1.369091e+02 1.200000e+01 5.888457e-01
1.369091e+02 1.300000e+01 5.815998e-01
1.369091e+02 1.400000e+01 5.816332e-01
1.369091e+02 1.500000e+01 5.697082e-01
1.369091e+02 1.600000e+01 5.598633e-01
1.369091e+02 1.700000e+01 5.331121e-01
1.369091e+02 1.800000e+01 5.116022e-01
1.369091e+02 1.900000e+01 4.707222e-01
1.369091e+02 2.000000e+01 4.540877e-01
1.399293e+02 0.000000e+00 1.980112e+00
1.399293e+02 1.000000e+00 1.952081e+00
1.399293e+02 2.000000e+00 1.919385e+00
1.399293e+02 3.000000e+00 1.870848e+00
1.399293e+02 4.000000e+00 1.814730e+00
1.399293e+02 5.000000e+00 1.741805e+00
1.399293e+02 6.000000e+00 1.574271e+00
1.399293e+02 7.000000e+00 1.279764e+00
1.399293e+02 8.000000e+00 9.137107e-01
1.399293e+02 9.000000e+00 7.212008e-01
1.399293e+02 1.000000e+01 6.381513e-01
1.399293e+02 1.100000e+01 6.006964e-01
1.399293e+02 1.200000e+01 5.849899e-01
1.399293e+02 1.300000e+01 5.775328e-01
1.399293e+02 1.400000e+01 5.772866e-01
1.399293e+02 1.500000e+01 5.651100e-01
1.399293e+02 1.600000e+01 5.548943e-01
1.399293e+02 1.700000e+01 5.278113e-01
1.399293e+02 1.800000e+01 5.057593e-01
1.399293e+02 1.900000e+01 4.646026e-01
1.399293e+02 2.000000e+01 4.478323e-01
1.429495e+02 0.000000e+00 2.029245e+00
1.429495e+02 1.000000e+00 1.997539e+00
1.429495e+02 2.000000e+00 1.960932e+00
1.429495e+02 3.000000e+00 1.907776e+00
1.429495e+02 4.000000e+00 1.847297e+00
1.429495e+02 5.000000e+00 1.769031e+00
1.429495e+02 6.000000e+00 1.589963e+00
1.429495e+02 7.000000e+00 1.283863e+00
1.429495e+02 8.000000e+00 9.114560e-01
1.429495e+02 9.000000e+00 7.177161e-01
1.429495e+02 1.000000e+01 6.343972e-01
1.429495e+02 1.100000e+01 5.967766e-01
1.429495e+02 1.200000e+01 5.808822e-01
1.429495e+02 1.300000e+01 5.732167e-01
1.429495e+02 1.400000e+01 5.726898e-01
1.429495e+02 1.500000e+01 5.602708e-01
1.429495e+02 1.600000e+01 5.496977e-01
1.429495e+02 1.700000e+01 5.223151e-01
1.429495e+02 1.800000e+01 4.997678e-01
1.429495e+02 1.900000e+01 4.584024e-01
1.429495e+02 2.000000e+01 4.415362e-01
1.459697e+02 0.000000e+00 2.077389e+00
1.459697e+02 1.000000e+00 2.041872e+00
1.459697e+02 2.000000e+00 2.001242e+00
1.459697e+02 3.000000e+00 1.943429e+00
1.459697e+02 4.000000e+00 1.878596e+00
1.459697e+02 5.000000e+00 1.795028e+00
1.459697e+02 6.000000e+00 1.604503e+00
1.459697e+02 7.000000e+00 1.287123e+00
1.459697e+02 8.000000e+00 9.087232e-01
1.459697e+02 9.000000e+00 7.139076e-01
1.459697e+02 1.000000e+01 6.303758e-01
1.459697e+02 1.100000e+01 5.926120e-01
1.459697e+02 1.200000e+01 5.765377e-01
1.459697e+02 1.300000e+01 5.686668e-01
1.459697e+02 1.400000e+01 5.678594e-01
1.459697e+02 1.500000e+01 5.552077e-01
1.459697e+02 1.600000e+01 5.442910e-01
1.459697e+02 1.700000e+01 5.166412e-01
1.459697e+02 1.800000e+01 4.936445e-01
1.459697e+02 1.900000e+01 4.521348e-01
1.459697e+02 2.000000e+01 4.352095e-01
1.489899e+02 0.000000e+00 2.124459e+00
1.489899e+02 1.000000e+00 2.085003e+00
1.489899e+02 2.000000e+00 2.040244e+00
1.489899e+02 3.000000e+00 1.977749e+00
1.489899e+02 4.000000e+00 1.908580e+00
1.489899e+02 5.000000e+00 1.819763e+00
1.489899e+02 6.000000e+00 1.617888e+00
1.489899e+02 7.000000e+00 1.289559e+00
1.489899e+02 8.000000e+00 9.055314e-01
1.489899e+02 9.000000e+00 7.097914e-01
1.489899e+02 1.000000e+01 6.261018e-01
1.489899e+02 1.100000e+01 5.882169e-01
1.489899e+02 1.200000e+01 5.719708e-01
1.489899e+02 1.300000e+01 5.638983e-01
1.489899e+02 1.400000e+01 5.628111e-01
1.489899e+02 1.500000e+01 5.499369e-01
1.489899e+02 1.600000e+01 5.386913e-01
1.489899e+02 1.700000e+01 5.108061e-01
1.489899e+02 1.800000e+01 4.874053e-01
1.489899e+02 1.900000e+01 4.458119e-01
1.489899e+02 2.000000e+01 4.288616e-01
1.520101e+02 0.000000e+00 2.170371e+00
1.520101e+02 1.000000e+00 2.126855e+00
1.520101e+02 2.000000e+00 2.077873e+00
1.520101e+02 3.000000e+00 2.010685e+00
1.520101e+02 4.000000e+00 1.937209e+00
1.520101e+02 5.000000e+00 1.843211e+00
1.520101e+02 6.000000e+00 1.630120e+00
1.520101e+02 7.000000e+00 1.291192e+00
1.520101e+02 8.000000e+00 9.018994e-01
1.520101e+02 9.000000e+00 7.053833e-01
1.520101e+02 1.000000e+01 6.215896e-01
1.520101e+02 1.100000e+01 5.836053e-01
1.520101e+02 1.200000e+01 5.671957e-01
1.520101e+02 1.300000e+01 5.589256e-01
1.520101e+02 1.400000e+01 5.575600e-01
1.520101e+02 1.500000e+01 5.444739e-01
1.520101e+02 1.600000e+01 5.329146e-01
1.520101e+02 1.700000e+01 5.048257e-01
1.520101e+02 1.800000e+01 4.810649e-01
1.520101e+02 1.900000e+01 4.394451e-01
1.520101e+02 2.000000e+01 4.225009e-01
1.550303e+02 0.000000e+00 2.215049e+00
1.550303e+02 1.000000e+00 2.167360e+00
1.550303e+02 2.000000e+00 2.114071e+00
1.550303e+02 3.000000e+00 2.042188e+00
1.550303e+02 4.000000e+00 1.964446e+00
1.550303e+02 5.000000e+00 1.865348e+00
1.550303e+02 6.000000e+00 1.641201e+00
1.550303e+02 7.000000e+00 1.292038e+00
1.550303e+02 8.000000e+00 8.978461e-01
1.550303e+02 9.000000e+00 7.006988e-01
1.550303e+02 1.000000e+01 6.168533e-01
1.550303e+02 1.100000e+01 5.787908e-01
1.550303e+02 1.200000e+01 5.622261e-01
1.550303e+02 1.300000e+01 5.537628e-01
1.550303e+02 1.400000e+01 5.521211e-01
1.550303e+02 1.500000e+01 5.388340e-01
1.550303e+02 1.600000e+01 5.269765e-01
1.550303e+02 1.700000e+01 4.987151e-01
1.550303e+02 1.800000e+01 4.746371e-01
1.550303e+02 1.900000e+01 4.330446e-01
1.550303e+02 2.000000e+01 4.161353e-01
1.580505e+02 0.000000e+00 2.258417e+00
1.580505e+02 1.000000e+00 2.206451e+00
1.580505e+02 2.000000e+00 2.148781e+00
1.580505e+02 3.000000e+00 2.072217e+00
1.580505e+02 4.000000e+00 1.990262e+00
1.580505e+02 5.000000e+00 1.886156e+00
1.580505e+02 6.000000e+00 1.651137e+00
1.580505e+02 7.000000e+00 1.292119e+00
1.580505e+02 8.000000e+00 8.933901e-01
1.580505e+02 9.000000e+00 6.957533e-01
1.580505e+02 1.000000e+01 6.119065e-01
1.580505e+02 1.100000e+01 5.737864e-01
1.580505e+02 1.200000e+01 5.570750e-01
1.580505e+02 1.300000e+01 5.484234e-01
1.580505e+02 1.400000e+01 5.465082e-01
1.580505e+02 1.500000e+01 5.330313e-01
1.580505e+02 1.600000e+01 5.208916e-01
1.580505e+02 1.700000e+01 4.924884e-01
1.580505e+02 1.800000e+01 4.681347e-01
1.580505e+02 1.900000e+01 4.266199e-01
1.580505e+02 2.000000e+01 4.097719e-01
1.610707e+02 0.000000e+00 2.300408e+00
1.610707e+02 1.000000e+00 2.244069e+00
1.610707e+02 2.000000e+00 2.181955e+00
1.610707e+02 3.000000e+00 2.100736e+00
1.610707e+02 4.000000e+00 2.014631e+00
1.610707e+02 5.000000e+00 1.905621e+00
1.610707e+02 6.000000e+00 1.659937e+00
1.610707e+02 7.000000e+00 1.291454e+00
1.610707e+02 8.000000e+00 8.885498e-01
1.610707e+02 9.000000e+00 6.905615e-01
1.610707e+02 1.000000e+01 6.067624e-01
1.610707e+02 1.100000e+01 5.686048e-01
1.610707e+02 1.200000e+01 5.517554e-01
1.610707e+02 1.300000e+01 5.429204e-01
1.610707e+02 1.400000e+01 5.407352e-01
1.610707e+02 1.500000e+01 5.270799e-01
1.610707e+02 1.600000e+01 5.146740e-01
1.610707e+02 1.700000e+01 4.861591e-01
1.610707e+02 1.800000e+01 4.615699e-01
1.610707e+02 1.900000e+01 4.201799e-01
1.610707e+02 2.000000e+01 4.034173e-01
1.640909e+02 0.000000e+00 2.340955e+00
1.640909e+02 1.000000e+00 2.280160e+00
1.640909e+02 2.000000e+00 2.213551e+00
1.640909e+02 3.000000e+00 2.127714e+00
1.640909e+02 4.000000e+00 2.037531e+00
1.640909e+02 5.000000e+00 1.923733e+00
1.640909e+02 6.000000e+00 1.667611e+00
1.640909e+02 7.000000e+00 1.290066e+00
1.640909e+02 8.000000e+00 8.833436e-01
1.640909e+02 9.000000e+00 6.851378e-01
1.640909e+02 1.000000e+01 6.014339e-01
1.640909e+02 1.100000e+01 5.632586e-01
1.640909e+02 1.200000e+01 5.462797e-01
1.640909e+02 1.300000e+01 5.372665e-01
1.640909e+02 1.400000e+01 5.348151e-01
1.640909e+02 1.500000e+01 5.209929e-01
1.640909e+02 1.600000e+01 5.083371e-01
1.640909e+02 1.700000e+01 4.797397e-01
1.640909e+02 1.800000e+01 4.549539e-01
1.640909e+02 1.900000e+01 4.137326e-01
1.640909e+02 2.000000e+01 3.970774e-01
1.671111e+02 0.000000e+00 2.380002e+00
1.671111e+02 1.000000e+00 2.314675e+00
1.671111e+02 2.000000e+00 2.243532e+00
1.671111e+02 3.000000e+00 2.153125e+00
1.671111e+02 4.000000e+00 2.058946e+00
1.671111e+02 5.000000e+00 1.940485e+00
1.671111e+02 6.000000e+00 1.674175e+00
1.671111e+02 7.000000e+00 1.287975e+00
1.671111e+02 8.000000e+00 8.777893e-01
1.671111e+02 9.000000e+00 6.794965e-01
1.671111e+02 1.000000e+01 5.959335e-01
1.671111e+02 1.100000e+01 5.577595e-01
1.671111e+02 1.200000e+01 5.406596e-01
1.671111e+02 1.300000e+01 5.314738e-01
1.671111e+02 1.400000e+01 5.287605e-01
1.671111e+02 1.500000e+01 5.147830e-01
1.671111e+02 1.600000e+01 5.018937e-01
1.671111e+02 1.700000e+01 4.732424e-01
1.671111e+02 1.800000e+01 4.482972e-01
1.671111e+02 1.900000e+01 4.072855e-01
1.671111e+02 2.000000e+01 3.907576e-01
1.701313e+02 0.000000e+00 2.417493e+00
1.701313e+02 1.000000e+00 2.347571e+00
1.701313e+02 2.000000e+00 2.271865e+00
1.701313e+02 3.000000e+00 2.176949e+00
1.701313e+02 4.000000e+00 2.078865e+00
1.701313e+02 5.000000e+00 1.955875e+00
1.701313e+02 6.000000e+00 1.679642e+00
1.701313e+02 7.000000e+00 1.285203e+00
1.701313e+02 8.000000e+00 8.719048e-01
1.701313e+02 9.000000e+00 6.736513e-01
1.701313e+02 1.000000e+01 5.902734e-01
1.701313e+02 1.100000e+01 5.521191e-01
1.701313e+02 1.200000e+01 5.349068e-01
1.701313e+02 1.300000e+01 5.255540e-01
1.701313e+02 1.400000e+01 5.225834e-01
1.701313e+02 1.500000e+01 5.084624e-01
1.701313e+02 1.600000e+01 4.953558e-01
1.701313e+02 1.700000e+01 4.666784e-01
1.701313e+02 1.800000e+01 4.416095e-01
1.701313e+02 1.900000e+01 4.008453e-01
1.701313e+02 2.000000e+01 3.844629e-01
1.731515e+02 0.000000e+00 2.453380e+00
1.731515e+02 1.000000e+00 2.378810e+00
1.731515e+02 2.000000e+00 2.298525e+00
1.731515e+02 3.000000e+00 2.199171e+00
1.731515e+02 4.000000e+00 2.097281e+00
1.731515e+02 5.000000e+00 1.969904e+00
1.731515e+02 6.000000e+00 1.684030e+00
1.731515e+02 7.000000e+00 1.281775e+00
1.731515e+02 8.000000e+00 8.657074e-01
1.731515e+02 9.000000e+00 6.676156e-01
1.731515e+02 1.000000e+01 5.844652e-01
1.731515e+02 1.100000e+01 5.463485e-01
1.731515e+02 1.200000e+01 5.290323e-01
1.731515e+02 1.300000e+01 5.195184e-01
1.731515e+02 1.400000e+01 5.162955e-01
1.731515e+02 1.500000e+01 5.020425e-01
1.731515e+02 1.600000e+01 4.887350e-01
1.731515e+02 1.700000e+01 4.600583e-01
1.731515e+02 1.800000e+01 4.348999e-01
1.731515e+02 1.900000e+01 3.944185e-01
1.731515e+02 2.000000e+01 3.781979e-01
1.761717e+02 0.000000e+00 2.487621e+00
1.761717e+02 1.000000e+00 2.408362e+00
1.761717e+02 2.000000e+00 2.323493e+00
1.761717e+02 3.000000e+00 2.219781e+00
1.761717e+02 4.000000e+00 2.114192e+00
1.761717e+02 5.000000e+00 1.982578e+00
1.761717e+02 6.000000e+00 1.687360e+00
1.761717e+02 7.000000e+00 1.277712e+00
1.761717e+02 8.000000e+00 8.592143e-01
1.761717e+02 9.000000e+00 6.614024e-01
1.761717e+02 1.000000e+01 5.785203e-01
1.761717e+02 1.100000e+01 5.404586e-01
1.761717e+02 1.200000e+01 5.230469e-01
1.761717e+02 1.300000e+01 5.133777e-01
1.761717e+02 1.400000e+01 5.099079e-01
1.761717e+02 1.500000e+01 4.955346e-01
1.761717e+02 1.600000e+01 4.820423e-01
1.761717e+02 1.700000e+01 4.533922e-01
1.761717e+02 1.800000e+01 4.281771e-01
1.761717e+02 1.900000e+01 3.880108e-01
1.761717e+02 2.000000e+01 3.719666e-01
1.791919e+02 0.000000e+00 2.520178e+00
1.791919e+02 1.000000e+00 2.436200e+00
1.791919e+02 2.000000e+00 2.346755e+00
1.791919e+02 3.000000e+00 2.238774e+00
1.791919e+02 4.000000e+00 2.129599e+00
1.791919e+02 5.000000e+00 1.993905e+00
1.791919e+02 6.000000e+00 1.689652e+00
1.791919e+02 7.000000e+00 1.273037e+00
1.791919e+02 8.000000e+00 8.524423e-01
1.791919e+02 9.000000e+00 6.550244e-01
1.791919e+02 1.000000e+01 5.724498e-01
1.791919e+02 1.100000e+01 5.344598e-01
1.791919e+02 1.200000e+01 5.169608e-01
1.791919e+02 1.300000e+01 5.071424e-01
1.791919e+02 1.400000e+01 5.034312e-01
1.791919e+02 1.500000e+01 4.889491e-01
1.791919e+02 1.600000e+01 4.752881e-01
1.791919e+02 1.700000e+01 4.466895e-01
1.791919e+02 1.800000e+01 4.214487e-01
1.791919e+02 1.900000e+01 3.816274e-01
1.791919e+02 2.000000e+01 3.657729e-01
1.822121e+02 0.000000e+00 2.551020e+00
1.822121e+02 1.000000e+00 2.462304e+00
1.822121e+02 2.000000e+00 2.368301e+00
1.822121e+02 3.000000e+00 2.256151e+00
1.822121e+02 4.000000e+00 2.143509e+00
1.822121e+02 5.000000e+00 2.003895e+00
1.822121e+02 6.000000e+00 1.690930e+00
1.822121e+02 7.000000e+00 1.267775e+00
1.822121e+02 8.000000e+00 8.454078e-01
1.822121e+02 9.000000e+00 6.484938e-01
1.822121e+02 1.000000e+01 5.662642e-01
1.822121e+02 1.100000e+01 5.283620e-01
1.822121e+02 1.200000e+01 5.107839e-01
1.822121e+02 1.300000e+01 5.008224e-01
1.822121e+02 1.400000e+01 4.968757e-01
1.822121e+02 1.500000e+01 4.822963e-01
1.822121e+02 1.600000e+01 4.684821e-01
1.822121e+02 1.700000e+01 4.399592e-01
1.822121e+02 1.800000e+01 4.147222e-01
1.822121e+02 1.900000e+01 3.752733e-01
1.822121e+02 2.000000e+01 3.596200e-01
1.852323e+02 0.000000e+00 2.580122e+00
1.852323e+02 1.000000e+00 2.486661e+00
1.852323e+02 2.000000e+00 2.388128e+00
1.852323e+02 3.000000e+00 2.271916e+00
1.852323e+02 4.000000e+00 2.155932e+00
1.852323e+02 5.000000e+00 2.012565e+00
1.852323e+02 6.000000e+00 1.691216e+00
1.852323e+02 7.000000e+00 1.261948e+00
1.852323e+02 8.000000e+00 8.381271e-01
1.852323e+02 9.000000e+00 6.418227e-01
1.852323e+02 1.000000e+01 5.599739e-01
1.852323e+02 1.100000e+01 5.221750e-01
1.852323e+02 1.200000e+01 5.045258e-01
1.852323e+02 1.300000e+01 4.944274e-01
1.852323e+02 1.400000e+01 4.902510e-01
1.852323e+02 1.500000e+01 4.755855e-01
1.852323e+02 1.600000e+01 4.616338e-01
1.852323e+02 1.700000e+01 4.332095e-01
1.852323e+02 1.800000e+01 4.080043e-01
1.852323e+02 1.900000e+01 3.689529e-01
1.852323e+02 2.000000e+01 3.535113e-01
1.882525e+02 0.000000e+00 2.607463e+00
1.882525e+02 1.000000e+00 2.509260e+00
1.882525e+02 2.000000e+00 2.406239e+00
1.882525e+02 3.000000e+00 2.286078e+00
1.882525e+02 4.000000e+00 2.166880e+00
1.882525e+02 5.000000e+00 2.019930e+00
1.882525e+02 6.000000e+00 1.690537e+00
1.882525e+02 7.000000e+00 1.255580e+00
1.882525e+02 8.000000e+00 8.306160e-01
1.882525e+02 9.000000e+00 6.350226e-01
1.882525e+02 1.000000e+01 5.535887e-01
1.882525e+02 1.100000e+01 5.159080e-01
1.882525e+02 1.200000e+01 4.981957e-01
1.882525e+02 1.300000e+01 4.879664e-01
1.882525e+02 1.400000e+01 4.835667e-01
1.882525e+02 1.500000e+01 4.688261e-01
1.882525e+02 1.600000e+01 4.547520e-01
1.882525e+02 1.700000e+01 4.264484e-01
1.882525e+02 1.800000e+01 4.013014e-01
1.882525e+02 1.900000e+01 3.626703e-01
1.882525e+02 2.000000e+01 3.474493e-01
1.912727e+02 0.000000e+00 2.633029e+00
1.912727e+02 1.000000e+00 2.530100e+00
1.912727e+02 2.000000e+00 2.422639e+00
1.912727e+02 3.000000e+00 2.298651e+00
1.912727e+02 4.000000e+00 2.176372e+00
1.912727e+02 5.000000e+00 2.026012e+00
1.912727e+02 6.000000e+00 1.688919e+00
1.912727e+02 7.000000e+00 1.248695e+00
1.912727e+02 8.000000e+00 8.228898e-01
1.912727e+02 9.000000e+00 6.281046e-01
1.912727e+02 1.000000e+01 5.471184e-01
1.912727e+02 1.100000e+01 5.095700e-01
1.912727e+02 1.200000e+01 4.918024e-01
1.912727e+02 1.300000e+01 4.814483e-01
1.912727e+02 1.400000e+01 4.768315e-01
1.912727e+02 1.500000e+01 4.620268e-01
1.912727e+02 1.600000e+01 4.478450e-01
1.912727e+02 1.700000e+01 4.196831e-01
1.912727e+02 1.800000e+01 3.946193e-01
1.912727e+02 1.900000e+01 3.564293e-01
1.912727e+02 2.000000e+01 3.414367e-01
1.942929e+02 0.000000e+00 2.656810e+00
1.942929e+02 1.000000e+00 2.549181e+00
1.942929e+02 2.000000e+00 2.437341e+00
1.942929e+02 3.000000e+00 2.309650e+00
1.942929e+02 4.000000e+00 2.184427e+00
1.942929e+02 5.000000e+00 2.030832e+00
1.942929e+02 6.000000e+00 1.686390e+00
1.942929e+02 7.000000e+00 1.241316e+00
1.942929e+02 8.000000e+00 8.149636e-01
1.942929e+02 9.000000e+00 6.210797e-01
1.942929e+02 1.000000e+01 5.405720e-01
1.942929e+02 1.100000e+01 5.031696e-01
1.942929e+02 1.200000e+01 4.853542e-01
1.942929e+02 1.300000e+01 4.748816e-01
1.942929e+02 1.400000e+01 4.700540e-01
1.942929e+02 1.500000e+01 4.551958e-01
1.942929e+02 1.600000e+01 4.409209e-01
1.942929e+02 1.700000e+01 4.129206e-01
1.942929e+02 1.800000e+01 3.879634e-01
1.942929e+02 1.900000e+01 3.502332e-01
1.942929e+02 2.000000e+01 3.354757e-01
1.973131e+02 0.000000e+00 2.678804e+00
1.973131e+02 1.000000e+00 2.566511e+00
1.973131e+02 2.000000e+00 2.450359e+00
1.973131e+02 3.000000e+00 2.319097e+00
1.973131e+02 4.000000e+00 2.191068e+00
1.973131e+02 5.000000e+00 2.034415e+00
1.973131e+02 6.000000e+00 1.682979e+00
1.973131e+02 7.000000e+00 1.233466e+00
1.973131e+02 8.000000e+00 8.068522e-01
1.973131e+02 9.000000e+00 6.139584e-01
1.973131e+02 1.000000e+01 5.339586e-01
1.973131e+02 1.100000e+01 4.967152e-01
1.973131e+02 1.200000e+01 4.788594e-01
1.973131e+02 1.300000e+01 4.682742e-01
1.973131e+02 1.400000e+01 4.632423e-01
1.973131e+02 1.500000e+01 4.483410e-01
1.973131e+02 1.600000e+01 4.339871e-01
1.973131e+02 1.700000e+01 4.061673e-01
1.973131e+02 1.800000e+01 3.813388e-01
1.973131e+02 1.900000e+01 3.440851e-01
1.973131e+02 2.000000e+01 3.295684e-01
2.003333e+02 0.000000e+00 2.699011e+00
2.003333e+02 1.000000e+00 2.582100e+00
2.003333e+02 2.000000e+00 2.461714e+00
2.003333e+02 3.000000e+00 2.327016e+00
2.003333e+02 4.000000e+00 2.196322e+00
2.003333e+02 5.000000e+00 2.036789e+00
2.003333e+02 6.000000e+00 1.678713e+00
2.003333e+02 7.000000e+00 1.225169e+00
2.003333e+02 8.000000e+00 7.985699e-01
2.003333e+02 9.000000e+00 6.067508e-01
2.003333e+02 1.000000e+01 5.272866e-01
2.003333e+02 1.100000e+01 4.902147e-01
2.003333e+02 1.200000e+01 4.723257e-01
2.003333e+02 1.300000e+01 4.616340e-01
2.003333e+02 1.400000e+01 4.564043e-01
2.003333e+02 1.500000e+01 4.414699e-01
2.003333e+02 1.600000e+01 4.270506e-01
2.003333e+02 1.700000e+01 3.994294e-01
2.003333e+02 1.800000e+01 3.747501e-01
2.003333e+02 1.900000e+01 3.379880e-01
2.003333e+02 2.000000e+01 3.237165e-01
2.033535e+02 0.000000e+00 2.717438e+00
2.033535e+02 1.000000e+00 2.595965e+00
2.033535e+02 2.000000e+00 2.471429e+00
2.033535e+02 3.000000e+00 2.333433e+00
2.033535e+02 4.000000e+00 2.200216e+00
2.033535e+02 5.000000e+00 2.037982e+00
2.033535e+02 6.000000e+00 1.673624e+00
2.033535e+02 7.000000e+00 1.216448e+00
2.033535e+02 8.000000e+00 7.901307e-01
2.033535e+02 9.000000e+00 5.994667e-01
2.033535e+02 1.000000e+01 5.205645e-01
2.033535e+02 1.100000e+01 4.836757e-01
2.033535e+02 1.200000e+01 4.657605e-01
2.033535e+02 1.300000e+01 4.549683e-01
2.033535e+02 1.400000e+01 4.495472e-01
2.033535e+02 1.500000e+01 4.345897e-01
2.033535e+02 1.600000e+01 4.201182e-01
2.033535e+02 1.700000e+01 3.927124e-01
2.033535e+02 1.800000e+01 3.682015e-01
2.033535e+02 1.900000e+01 3.319443e-01
2.033535e+02 2.000000e+01 3.179219e-01
2.063737e+02 0.000000e+00 2.734097e+00
2.063737e+02 1.000000e+00 2.608126e+00
2.063737e+02 2.000000e+00 2.479532e+00
2.063737e+02 3.000000e+00 2.338380e+00
2.063737e+02 4.000000e+00 2.202782e+00
2.063737e+02 5.000000e+00 2.038024e+00
2.063737e+02 6.000000e+00 1.667741e+00
2.063737e+02 7.000000e+00 1.207325e+00
2.063737e+02 8.000000e+00 7.815480e-01
2.063737e+02 9.000000e+00 5.921157e-01
2.063737e+02 1.000000e+01 5.138001e-01
2.063737e+02 1.100000e+01 4.771057e-01
2.063737e+02 1.200000e+01 4.591711e-01
2.063737e+02 1.300000e+01 4.482842e-01
2.063737e+02 1.400000e+01 4.426782e-01
2.063737e+02 1.500000e+01 4.277070e-01
2.063737e+02 1.600000e+01 4.131961e-01
2.063737e+02 1.700000e+01 3.860217e-01
2.063737e+02 1.800000e+01 3.616971e-01
2.063737e+02 1.900000e+01 3.259564e-01
2.063737e+02 2.000000e+01 3.121858e-01
2.093939e+02 0.000000e+00 2.749002e+00
2.093939e+02 1.000000e+00 2.618607e+00
2.093939e+02 2.000000e+00 2.486052e+00
2.093939e+02 3.000000e+00 2.341888e+00
2.093939e+02 4.000000e+00 2.204052e+00
2.093939e+02 5.000000e+00 2.036947e+00
2.093939e+02 6.000000e+00 1.661095e+00
2.093939e+02 7.000000e+00 1.197824e+00
2.093939e+02 8.000000e+00 7.728352e-01
2.093939e+02 9.000000e+00 5.847069e-01
2.093939e+02 1.000000e+01 5.070011e-01
2.093939e+02 1.100000e+01 4.705116e-01
2.093939e+02 1.200000e+01 4.525642e-01
2.093939e+02 1.300000e+01 4.415883e-01
2.093939e+02 1.400000e+01 4.358039e-01
2.093939e+02 1.500000e+01 4.208283e-01
2.093939e+02 1.600000e+01 4.062902e-01
2.093939e+02 1.700000e+01 3.793621e-01
2.093939e+02 1.800000e+01 3.552404e-01
2.093939e+02 1.900000e+01 3.200264e-01
2.093939e+02 2.000000e+01 3.065097e-01
2.124141e+02 0.000000e+00 2.762175e+00
2.124141e+02 1.000000e+00 2.627436e+00
2.124141e+02 2.000000e+00 2.491024e+00
2.124141e+02 3.000000e+00 2.343993e+00
2.124141e+02 4.000000e+00 2.204061e+00
2.124141e+02 5.000000e+00 2.034783e+00
2.124141e+02 6.000000e+00 1.653717e+00
2.124141e+02 7.000000e+00 1.187966e+00
2.124141e+02 8.000000e+00 7.640051e-01
2.124141e+02 9.000000e+00 5.772491e-01
2.124141e+02 1.000000e+01 5.001749e-01
2.124141e+02 1.100000e+01 4.639003e-01
2.124141e+02 1.200000e+01 4.459464e-01
2.124141e+02 1.300000e+01 4.348872e-01
2.124141e+02 1.400000e+01 4.289309e-01
2.124141e+02 1.500000e+01 4.139596e-01
2.124141e+02 1.600000e+01 3.994062e-01
2.124141e+02 1.700000e+01 3.727384e-01
2.124141e+02 1.800000e+01 3.488348e-01
2.124141e+02 1.900000e+01 3.141563e-01
2.124141e+02 2.000000e+01 3.008945e-01
2.154343e+02 0.000000e+00 2.773639e+00
2.154343e+02 1.000000e+00 2.634643e+00
2.154343e+02 2.000000e+00 2.494483e+00
2.154343e+02 3.000000e+00 2.344731e+00
2.154343e+02 4.000000e+00 2.202846e+00
2.154343e+02 5.000000e+00 2.031569e+00
2.154343e+02 6.000000e+00 1.645637e+00
2.154343e+02 7.000000e+00 1.177774e+00
2.154343e+02 8.000000e+00 7.550701e-01
2.154343e+02 9.000000e+00 5.697508e-01
2.154343e+02 1.000000e+01 4.933285e-01
2.154343e+02 1.100000e+01 4.572782e-01
2.154343e+02 1.200000e+01 4.393239e-01
2.154343e+02 1.300000e+01 4.281870e-01
2.154343e+02 1.400000e+01 4.220650e-01
2.154343e+02 1.500000e+01 4.071067e-01
2.154343e+02 1.600000e+01 3.925493e-01
2.154343e+02 1.700000e+01 3.661548e-01
2.154343e+02 1.800000e+01 3.424833e-01
2.154343e+02 1.900000e+01 3.083477e-01
2.154343e+02 2.000000e+01 2.953415e-01
2.184545e+02 0.000000e+00 2.783422e+00
2.184545e+02 1.000000e+00 2.640263e+00
2.184545e+02 2.000000e+00 2.496467e+00
2.184545e+02 3.000000e+00 2.344141e+00
2.184545e+02 4.000000e+00 2.200443e+00
2.184545e+02 5.000000e+00 2.027338e+00
2.184545e+02 6.000000e+00 1.636888e+00
2.184545e+02 7.000000e+00 1.167268e+00
2.184545e+02 8.000000e+00 7.460423e-01
2.184545e+02 9.000000e+00 5.622204e-01
2.184545e+02 1.000000e+01 4.864688e-01
2.184545e+02 1.100000e+01 4.506516e-01
2.184545e+02 1.200000e+01 4.327027e-01
2.184545e+02 1.300000e+01 4.214935e-01
2.184545e+02 1.400000e+01 4.152121e-01
2.184545e+02 1.500000e+01 4.002750e-01
2.184545e+02 1.600000e+01 3.857244e-01
2.184545e+02 1.700000e+01 3.596152e-01
2.184545e+02 1.800000e+01 3.361889e-01
2.184545e+02 1.900000e+01 3.026023e-01
2.184545e+02 2.000000e+01 2.898513e-01
2.214747e+02 0.000000e+00 2.791555e+00
2.214747e+02 1.000000e+00 2.644333e+00
2.214747e+02 2.000000e+00 2.497018e+00
2.214747e+02 3.000000e+00 2.342263e+00
2.214747e+02 4.000000e+00 2.196892e+00
2.214747e+02 5.000000e+00 2.022126e+00
2.214747e+02 6.000000e+00 1.627501e+00
2.214747e+02 7.000000e+00 1.156471e+00
2.214747e+02 8.000000e+00 7.369334e-01
2.214747e+02 9.000000e+00 5.546655e-01
2.214747e+02 1.000000e+01 4.796022e-01
2.214747e+02 1.100000e+01 4.440264e-01
2.214747e+02 1.200000e+01 4.260886e-01
2.214747e+02 1.300000e+01 4.148123e-01
2.214747e+02 1.400000e+01 4.083777e-01
2.214747e+02 1.500000e+01 3.934696e-01
2.214747e+02 1.600000e+01 3.789361e-01
2.214747e+02 1.700000e+01 3.531235e-01
2.214747e+02 1.800000e+01 3.299540e-01
2.214747e+02 1.900000e+01 2.969213e-01
2.214747e+02 2.000000e+01 2.844248e-01
2.244949e+02 0.000000e+00 2.798073e+00
2.244949e+02 1.000000e+00 2.646892e+00
2.244949e+02 2.000000e+00 2.496177e+00
2.244949e+02 3.000000e+00 2.339140e+00
2.244949e+02 4.000000e+00 2.192232e+00
2.244949e+02 5.000000e+00 2.015971e+00
2.244949e+02 6.000000e+00 1.617506e+00
2.244949e+02 7.000000e+00 1.145403e+00
2.244949e+02 8.000000e+00 7.277548e-01
2.244949e+02 9.000000e+00 5.470940e-01
2.244949e+02 1.000000e+01 4.727350e-01
2.244949e+02 1.100000e+01 4.374082e-01
2.244949e+02 1.200000e+01 4.194870e-01
2.244949e+02 1.300000e+01 4.081486e-01
2.244949e+02 1.400000e+01 4.015670e-01
2.244949e+02 1.500000e+01 3.866954e-01
2.244949e+02 1.600000e+01 3.721889e-01
2.244949e+02 1.700000e+01 3.466830e-01
2.244949e+02 1.800000e+01 3.237811e-01
2.244949e+02 1.900000e+01 2.913061e-01
2.244949e+02 2.000000e+01 2.790626e-01
2.275152e+02 0.000000e+00 2.803013e+00
2.275152e+02 1.000000e+00 2.647982e+00
2.275152e+02 2.000000e+00 2.493989e+00
2.275152e+02 3.000000e+00 2.334814e+00
2.275152e+02 4.000000e+00 2.186505e+00
2.275152e+02 5.000000e+00 2.008910e+00
2.275152e+02 6.000000e+00 1.606935e+00
2.275152e+02 7.000000e+00 1.134084e+00
2.275152e+02 8.000000e+00 7.185174e-01
2.275152e+02 9.000000e+00 5.395130e-01
2.275152e+02 1.000000e+01 4.658732e-01
2.275152e+02 1.100000e+01 4.308025e-01
2.275152e+02 1.200000e+01 4.129030e-01
2.275152e+02 1.300000e+01 4.015076e-01
2.275152e+02 1.400000e+01 3.947849e-01
2.275152e+02 1.500000e+01 3.799569e-01
2.275152e+02 1.600000e+01 3.654868e-01
2.275152e+02 1.700000e+01 3.402970e-01
2.275152e+02 1.800000e+01 3.176723e-01
2.275152e+02 1.900000e+01 2.857576e-01
2.275152e+02 2.000000e+01 2.737653e-01
2.305354e+02 0.000000e+00 2.806415e+00
2.305354e+02 1.000000e+00 2.647646e+00
2.305354e+02 2.000000e+00 2.490499e+00
2.305354e+02 3.000000e+00 2.329330e+00
2.305354e+02 4.000000e+00 2.179751e+00
2.305354e+02 5.000000e+00 2.000980e+00
2.305354e+02 6.000000e+00 1.595818e+00
2.305354e+02 7.000000e+00 1.122536e+00
2.305354e+02 8.000000e+00 7.092319e-01
2.305354e+02 9.000000e+00 5.319296e-01
2.305354e+02 1.000000e+01 4.590226e-01
2.305354e+02 1.100000e+01 4.242146e-01
2.305354e+02 1.200000e+01 4.063417e-01
2.305354e+02 1.300000e+01 3.948941e-01
2.305354e+02 1.400000e+01 3.880360e-01
2.305354e+02 1.500000e+01 3.732585e-01
2.305354e+02 1.600000e+01 3.588335e-01
2.305354e+02 1.700000e+01 3.339684e-01
2.305354e+02 1.800000e+01 3.116295e-01
2.305354e+02 1.900000e+01 2.802769e-01
2.305354e+02 2.000000e+01 2.685333e-01
2.335556e+02 0.000000e+00 2.808321e+00
2.335556e+02 1.000000e+00 2.645930e+00
2.335556e+02 2.000000e+00 2.485754e+00
2.335556e+02 3.000000e+00 2.322731e+00
2.335556e+02 4.000000e+00 2.172012e+00
2.335556e+02 5.000000e+00 1.992219e+00
2.335556e+02 6.000000e+00 1.584187e+00
2.335556e+02 7.000000e+00 1.110776e+00
2.335556e+02 8.000000e+00 6.999086e-01
2.335556e+02 9.000000e+00 5.243507e-01
2.335556e+02 1.000000e+01 4.521885e-01
2.335556e+02 1.100000e+01 4.176494e-01
2.335556e+02 1.200000e+01 3.998077e-01
2.335556e+02 1.300000e+01 3.883125e-01
2.335556e+02 1.400000e+01 3.813249e-01
2.335556e+02 1.500000e+01 3.666042e-01
2.335556e+02 1.600000e+01 3.522327e-01
2.335556e+02 1.700000e+01 3.276999e-01
2.335556e+02 1.800000e+01 3.056545e-01
2.335556e+02 1.900000e+01 2.748648e-01
2.335556e+02 2.000000e+01 2.633669e-01
2.365758e+02 0.000000e+00 2.808776e+00
2.365758e+02 1.000000e+00 2.642881e+00
2.365758e+02 2.000000e+00 2.479800e+00
2.365758e+02 3.000000e+00 2.315063e+00
2.365758e+02 4.000000e+00 2.163331e+00
2.365758e+02 5.000000e+00 1.982665e+00
2.365758e+02 6.000000e+00 1.572072e+00
2.365758e+02 7.000000e+00 1.098826e+00
2.365758e+02 8.000000e+00 6.905573e-01
2.365758e+02 9.000000e+00 5.167826e-01
2.365758e+02 1.000000e+01 4.453764e-01
2.365758e+02 1.100000e+01 4.111116e-01
2.365758e+02 1.200000e+01 3.933056e-01
2.365758e+02 1.300000e+01 3.817673e-01
2.365758e+02 1.400000e+01 3.746556e-01
2.365758e+02 1.500000e+01 3.599978e-01
2.365758e+02 1.600000e+01 3.456877e-01
2.365758e+02 1.700000e+01 3.214942e-01
2.365758e+02 1.800000e+01 2.997490e-01
2.365758e+02 1.900000e+01 2.695221e-01
2.365758e+02 2.000000e+01 2.582664e-01
2.395960e+02 0.000000e+00 2.807826e+00
2.395960e+02 1.000000e+00 2.638545e+00
2.395960e+02 2.000000e+00 2.472687e+00
2.395960e+02 3.000000e+00 2.306372e+00
2.395960e+02 4.000000e+00 2.153751e+00
2.395960e+02 5.000000e+00 1.972357e+00
2.395960e+02 6.000000e+00 1.559502e+00
2.395960e+02 7.000000e+00 1.086702e+00
2.395960e+02 8.000000e+00 6.811876e-01
2.395960e+02 9.000000e+00 5.092316e-01
2.395960e+02 1.000000e+01 4.385913e-01
2.395960e+02 1.100000e+01 4.046057e-01
2.395960e+02 1.200000e+01 3.868396e-01
2.395960e+02 1.300000e+01 3.752625e-01
2.395960e+02 1.400000e+01 3.680321e-01
2.395960e+02 1.500000e+01 3.534430e-01
2.395960e+02 1.600000e+01 3.392015e-01
2.395960e+02 1.700000e+01 3.153534e-01
2.395960e+02 1.800000e+01 2.939143e-01
2.395960e+02 1.900000e+01 2.642493e-01
2.395960e+02 2.000000e+01 2.532321e-01
2.426162e+02 0.000000e+00 2.805518e+00
2.426162e+02 1.000000e+00 2.632973e+00
2.426162e+02 2.000000e+00 2.464462e+00
2.426162e+02 3.000000e+00 2.296704e+00
2.426162e+02 4.000000e+00 2.143314e+00
2.426162e+02 5.000000e+00 1.961333e+00
2.426162e+02 6.000000e+00 1.546508e+00
2.426162e+02 7.000000e+00 1.074424e+00
2.426162e+02 8.000000e+00 6.718088e-01
2.426162e+02 9.000000e+00 5.017037e-01
2.426162e+02 1.000000e+01 4.318378e-01
2.426162e+02 1.100000e+01 3.981361e-01
2.426162e+02 1.200000e+01 3.804138e-01
2.426162e+02 1.300000e+01 3.688020e-01
2.426162e+02 1.400000e+01 3.614583e-01
2.426162e+02 1.500000e+01 3.469431e-01
2.426162e+02 1.600000e+01 3.327771e-01
2.426162e+02 1.700000e+01 3.092797e-01
2.426162e+02 1.800000e+01 2.881517e-01
2.426162e+02 1.900000e+01 2.590470e-01
2.426162e+02 2.000000e+01 2.482641e-01
2.456364e+02 0.000000e+00 2.801901e+00
2.456364e+02 1.000000e+00 2.626214e+00
2.456364e+02 2.000000e+00 2.455176e+00
2.456364e+02 3.000000e+00 2.286104e+00
2.456364e+02 4.000000e+00 2.132062e+00
2.456364e+02 5.000000e+00 1.949630e+00
2.456364e+02 6.000000e+00 1.533118e+00
2.456364e+02 7.000000e+00 1.062010e+00
2.456364e+02 8.000000e+00 6.624298e-01
2.456364e+02 9.000000e+00 4.942045e-01
2.456364e+02 1.000000e+01 4.251207e-01
2.456364e+02 1.100000e+01 3.917068e-01
2.456364e+02 1.200000e+01 3.740321e-01
2.456364e+02 1.300000e+01 3.623895e-01
2.456364e+02 1.400000e+01 3.549375e-01
2.456364e+02 1.500000e+01 3.405012e-01
2.456364e+02 1.600000e+01 3.264172e-01
2.456364e+02 1.700000e+01 3.032751e-01
2.456364e+02 1.800000e+01 2.824625e-01
2.456364e+02 1.900000e+01 2.539156e-01
2.456364e+02 2.000000e+01 2.433625e-01
2.486566e+02 0.000000e+00 2.797026e+00
2.486566e+02 1.000000e+00 2.618319e+00
2.486566e+02 2.000000e+00 2.444877e+00
2.486566e+02 3.000000e+00 2.274620e+00
2.486566e+02 4.000000e+00 2.120038e+00
2.486566e+02 5.000000e+00 1.937287e+00
2.486566e+02 6.000000e+00 1.519362e+00
2.486566e+02 7.000000e+00 1.049476e+00
2.486566e+02 8.000000e+00 6.530592e-01
2.486566e+02 9.000000e+00 4.867397e-01
2.486566e+02 1.000000e+01 4.184443e-01
2.486566e+02 1.100000e+01 3.853219e-01
2.486566e+02 1.200000e+01 3.676981e-01
2.486566e+02 1.300000e+01 3.560285e-01
2.486566e+02 1.400000e+01 3.484731e-01
2.486566e+02 1.500000e+01 3.341203e-01
2.486566e+02 1.600000e+01 3.201243e-01
2.486566e+02 1.700000e+01 2.973414e-01
2.486566e+02 1.800000e+01 2.768476e-01
2.486566e+02 1.900000e+01 2.488555e-01
2.486566e+02 2.000000e+01 2.385273e-01
2.516768e+02 0.000000e+00 2.790943e+00
2.516768e+02 1.000000e+00 2.609337e+00
2.516768e+02 2.000000e+00 2.433615e+00
2.516768e+02 3.000000e+00 2.262298e+00
2.516768e+02 4.000000e+00 2.107285e+00
2.516768e+02 5.000000e+00 1.924341e+00
2.516768e+02 6.000000e+00 1.505268e+00
2.516768e+02 7.000000e+00 1.036840e+00
2.516768e+02 8.000000e+00 6.437052e-01
2.516768e+02 9.000000e+00 4.793143e-01
2.516768e+02 1.000000e+01 4.118129e-01
2.516768e+02 1.100000e+01 3.789849e-01
2.516768e+02 1.200000e+01 3.614153e-01
2.516768e+02 1.300000e+01 3.497223e-01
2.516768e+02 1.400000e+01 3.420682e-01
2.516768e+02 1.500000e+01 3.278033e-01
2.516768e+02 1.600000e+01 3.139006e-01
2.516768e+02 1.700000e+01 2.914802e-01
2.516768e+02 1.800000e+01 2.713080e-01
2.516768e+02 1.900000e+01 2.438669e-01
2.516768e+02 2.000000e+01 2.337585e-01
2.546970e+02 0.000000e+00 2.783704e+00
2.546970e+02 1.000000e+00 2.599321e+00
2.546970e+02 2.000000e+00 2.421440e+00
2.546970e+02 3.000000e+00 2.249182e+00
2.546970e+02 4.000000e+00 2.093845e+00
2.546970e+02 5.000000e+00 1.910830e+00
2.546970e+02 6.000000e+00 1.490863e+00
2.546970e+02 7.000000e+00 1.024118e+00
2.546970e+02 8.000000e+00 6.343757e-01
2.546970e+02 9.000000e+00 4.719335e-01
2.546970e+02 1.000000e+01 4.052303e-01
2.546970e+02 1.100000e+01 3.726994e-01
2.546970e+02 1.200000e+01 3.551870e-01
2.546970e+02 1.300000e+01 3.434740e-01
2.546970e+02 1.400000e+01 3.357258e-01
2.546970e+02 1.500000e+01 3.215526e-01
2.546970e+02 1.600000e+01 3.077484e-01
2.546970e+02 1.700000e+01 2.856930e-01
2.546970e+02 1.800000e+01 2.658444e-01
2.546970e+02 1.900000e+01 2.389501e-01
2.546970e+02 2.000000e+01 2.290560e-01
2.577172e+02 0.000000e+00 2.775362e+00
2.577172e+02 1.000000e+00 2.588322e+00
2.577172e+02 2.000000e+00 2.408401e+00
2.577172e+02 3.000000e+00 2.235319e+00
2.577172e+02 4.000000e+00 2.079759e+00
2.577172e+02 5.000000e+00 1.896789e+00
2.577172e+02 6.000000e+00 1.476175e+00
2.577172e+02 7.000000e+00 1.011326e+00
2.577172e+02 8.000000e+00 6.250785e-01
2.577172e+02 9.000000e+00 4.646020e-01
2.577172e+02 1.000000e+01 3.987003e-01
2.577172e+02 1.100000e+01 3.664687e-01
2.577172e+02 1.200000e+01 3.490164e-01
2.577172e+02 1.300000e+01 3.372865e-01
2.577172e+02 1.400000e+01 3.294485e-01
2.577172e+02 1.500000e+01 3.153707e-01
2.577172e+02 1.600000e+01 3.016695e-01
2.577172e+02 1.700000e+01 2.799812e-01
2.577172e+02 1.800000e+01 2.604576e-01
2.577172e+02 1.900000e+01 2.341052e-01
2.577172e+02 2.000000e+01 2.244198e-01
2.607374e+02 0.000000e+00 2.765968e+00
2.607374e+02 1.000000e+00 2.576390e+00
2.607374e+02 2.000000e+00 2.394546e+00
2.607374e+02 3.000000e+00 2.220755e+00
2.607374e+02 4.000000e+00 2.065069e+00
2.607374e+02 5.000000e+00 1.882256e+00
2.607374e+02 6.000000e+00 1.461231e+00
2.607374e+02 7.000000e+00 9.984798e-01
2.607374e+02 8.000000e+00 6.158207e-01
2.607374e+02 9.000000e+00 4.573244e-01
2.607374e+02 1.000000e+01 3.922267e-01
2.607374e+02 1.100000e+01 3.602962e-01
2.607374e+02 1.200000e+01 3.429063e-01
2.607374e+02 1.300000e+01 3.311625e-01
2.607374e+02 1.400000e+01 3.232391e-01
2.607374e+02 1.500000e+01 3.092599e-01
2.607374e+02 1.600000e+01 2.956658e-01
2.607374e+02 1.700000e+01 2.743459e-01
2.607374e+02 1.800000e+01 2.551481e-01
2.607374e+02 1.900000e+01 2.293323e-01
2.607374e+02 2.000000e+01 2.198496e-01
2.637576e+02 0.000000e+00 2.755575e+00
2.637576e+02 1.000000e+00 2.563577e+00
2.637576e+02 2.000000e+00 2.379926e+00
2.637576e+02 3.000000e+00 2.205533e+00
2.637576e+02 4.000000e+00 2.049815e+00
2.637576e+02 5.000000e+00 1.867266e+00
2.637576e+02 6.000000e+00 1.446056e+00
2.637576e+02 7.000000e+00 9.855941e-01
2.637576e+02 8.000000e+00 6.066096e-01
2.637576e+02 9.000000e+00 4.501051e-01
2.637576e+02 1.000000e+01 3.858128e-01
2.637576e+02 1.100000e+01 3.541846e-01
2.637576e+02 1.200000e+01 3.368595e-01
2.637576e+02 1.300000e+01 3.251048e-01
2.637576e+02 1.400000e+01 3.170999e-01
2.637576e+02 1.500000e+01 3.032222e-01
2.637576e+02 1.600000e+01 2.897390e-01
2.637576e+02 1.700000e+01 2.687882e-01
2.637576e+02 1.800000e+01 2.499165e-01
2.637576e+02 1.900000e+01 2.246314e-01
2.637576e+02 2.000000e+01 2.153454e-01
2.667778e+02 0.000000e+00 2.744236e+00
2.667778e+02 1.000000e+00 2.549934e+00
2.667778e+02 2.000000e+00 2.364587e+00
2.667778e+02 3.000000e+00 2.189699e+00
2.667778e+02 4.000000e+00 2.034038e+00
2.667778e+02 5.000000e+00 1.851854e+00
2.667778e+02 6.000000e+00 1.430677e+00
2.667778e+02 7.000000e+00 9.726836e-01
2.667778e+02 8.000000e+00 5.974518e-01
2.667778e+02 9.000000e+00 4.429482e-01
2.667778e+02 1.000000e+01 3.794618e-01
2.667778e+02 1.100000e+01 3.481370e-01
2.667778e+02 1.200000e+01 3.308787e-01
2.667778e+02 1.300000e+01 3.191157e-01
2.667778e+02 1.400000e+01 3.110332e-01
2.667778e+02 1.500000e+01 2.972597e-01
2.667778e+02 1.600000e+01 2.838906e-01
2.667778e+02 1.700000e+01 2.633092e-01
2.667778e+02 1.800000e+01 2.447631e-01
2.667778e+02 1.900000e+01 2.200026e-01
2.667778e+02 2.000000e+01 2.109069e-01
2.697980e+02 0.000000e+00 2.732005e+00
2.697980e+02 1.000000e+00 2.535512e+00
2.697980e+02 2.000000e+00 2.348577e+00
2.697980e+02 3.000000e+00 2.173295e+00
2.697980e+02 4.000000e+00 2.017778e+00
2.697980e+02 5.000000e+00 1.836056e+00
2.697980e+02 6.000000e+00 1.415117e+00
2.697980e+02 7.000000e+00 9.597622e-01
2.697980e+02 8.000000e+00 5.883539e-01
2.697980e+02 9.000000e+00 4.358577e-01
2.697980e+02 1.000000e+01 3.731769e-01
2.697980e+02 1.100000e+01 3.421560e-01
2.697980e+02 1.200000e+01 3.249663e-01
2.697980e+02 1.300000e+01 3.131976e-01
2.697980e+02 1.400000e+01 3.050410e-01
2.697980e+02 1.500000e+01 2.913739e-01
2.697980e+02 1.600000e+01 2.781220e-01
2.697980e+02 1.700000e+01 2.579096e-01
2.697980e+02 1.800000e+01 2.396882e-01
2.697980e+02 1.900000e+01 2.154456e-01
2.697980e+02 2.000000e+01 2.065339e-01
2.728182e+02 0.000000e+00 2.718933e+00
2.728182e+02 1.000000e+00 2.520360e+00
2.728182e+02 2.000000e+00 2.331945e+00
2.728182e+02 3.000000e+00 2.156366e+00
2.728182e+02 4.000000e+00 2.001073e+00
2.728182e+02 5.000000e+00 1.819905e+00
2.728182e+02 6.000000e+00 1.399402e+00
2.728182e+02 7.000000e+00 9.468438e-01
2.728182e+02 8.000000e+00 5.793220e-01
2.728182e+02 9.000000e+00 4.288374e-01
2.728182e+02 1.000000e+01 3.669611e-01
2.728182e+02 1.100000e+01 3.362442e-01
2.728182e+02 1.200000e+01 3.191248e-01
2.728182e+02 1.300000e+01 3.073525e-01
2.728182e+02 1.400000e+01 2.991255e-01
2.728182e+02 1.500000e+01 2.855668e-01
2.728182e+02 1.600000e+01 2.724345e-01
2.728182e+02 1.700000e+01 2.525903e-01
2.728182e+02 1.800000e+01 2.346923e-01
2.728182e+02 1.900000e+01 2.109605e-01
2.728182e+02 2.000000e+01 2.022261e-01
2.758384e+02 0.000000e+00 2.705072e+00
2.758384e+02 1.000000e+00 2.504529e+00
2.758384e+02 2.000000e+00 2.314736e+00
2.758384e+02 3.000000e+00 2.138953e+00
2.758384e+02 4.000000e+00 1.983961e+00
2.758384e+02 5.000000e+00 1.803435e+00
2.758384e+02 6.000000e+00 1.383556e+00
2.758384e+02 7.000000e+00 9.339415e-01
2.758384e+02 8.000000e+00 5.703621e-01
2.758384e+02 9.000000e+00 4.218909e-01
2.758384e+02 1.000000e+01 3.608170e-01
2.758384e+02 1.100000e+01 3.304039e-01
2.758384e+02 1.200000e+01 3.133562e-01
2.758384e+02 1.300000e+01 3.015825e-01
2.758384e+02 1.400000e+01 2.932883e-01
2.758384e+02 1.500000e+01 2.798397e-01
2.758384e+02 1.600000e+01 2.668291e-01
2.758384e+02 1.700000e+01 2.473519e-01
2.758384e+02 1.800000e+01 2.297754e-01
2.758384e+02 1.900000e+01 2.065471e-01
2.758384e+02 2.000000e+01 1.979832e-01
2.788586e+02 0.000000e+00 2.690475e+00
2.788586e+02 1.000000e+00 2.488066e+00
2.788586e+02 2.000000e+00 2.296997e+00
2.788586e+02 3.000000e+00 2.121098e+00
2.788586e+02 4.000000e+00 1.966482e+00
2.788586e+02 5.000000e+00 1.786679e+00
2.788586e+02 6.000000e+00 1.367600e+00
2.788586e+02 7.000000e+00 9.210680e-01
2.788586e+02 8.000000e+00 5.614798e-01
2.788586e+02 9.000000e+00 4.150216e-01
2.788586e+02 1.000000e+01 3.547473e-01
2.788586e+02 1.100000e+01 3.246375e-01
2.788586e+02 1.200000e+01 3.076627e-01
2.788586e+02 1.300000e+01 2.958896e-01
2.788586e+02 1.400000e+01 2.875312e-01
2.788586e+02 1.500000e+01 2.741940e-01
2.788586e+02 1.600000e+01 2.613071e-01
2.788586e+02 1.700000e+01 2.421949e-01
2.788586e+02 1.800000e+01 2.249376e-01
2.788586e+02 1.900000e+01 2.022051e-01
2.788586e+02 2.000000e+01 1.938050e-01
2.818788e+02 0.000000e+00 2.675192e+00
2.818788e+02 1.000000e+00 2.471022e+00
2.818788e+02 2.000000e+00 2.278771e+00
2.818788e+02 3.000000e+00 2.102842e+00
2.818788e+02 4.000000e+00 1.948670e+00
2.818788e+02 5.000000e+00 1.769668e+00
2.818788e+02 6.000000e+00 1.351558e+00
2.818788e+02 7.000000e+00 9.082356e-01
2.818788e+02 8.000000e+00 5.526806e-01
2.818788e+02 9.000000e+00 4.082327e-01
2.818788e+02 1.000000e+01 3.487545e-01
2.818788e+02 1.100000e+01 3.189470e-01
2.818788e+02 1.200000e+01 3.020461e-01
2.818788e+02 1.300000e+01 2.902753e-01
2.818788e+02 1.400000e+01 2.818558e-01
2.818788e+02 1.500000e+01 2.686312e-01
2.818788e+02 1.600000e+01 2.558692e-01
2.818788e+02 1.700000e+01 2.371199e-01
2.818788e+02 1.800000e+01 2.201791e-01
2.818788e+02 1.900000e+01 1.979344e-01
2.818788e+02 2.000000e+01 1.896911e-01
2.848990e+02 0.000000e+00 2.659275e+00
2.848990e+02 1.000000e+00 2.453443e+00
2.848990e+02 2.000000e+00 2.260104e+00
2.848990e+02 3.000000e+00 2.084225e+00
2.848990e+02 4.000000e+00 1.930563e+00
2.848990e+02 5.000000e+00 1.752434e+00
2.848990e+02 6.000000e+00 1.335452e+00
2.848990e+02 7.000000e+00 8.954561e-01
2.848990e+02 8.000000e+00 5.439697e-01
2.848990e+02 9.000000e+00 4.015273e-01
2.848990e+02 1.000000e+01 3.428410e-01
2.848990e+02 1.100000e+01 3.133345e-01
2.848990e+02 1.200000e+01 2.965083e-01
2.848990e+02 1.300000e+01 2.847414e-01
2.848990e+02 1.400000e+01 2.762635e-01
2.848990e+02 1.500000e+01 2.631522e-01
2.848990e+02 1.600000e+01 2.505163e-01
2.848990e+02 1.700000e+01 2.321273e-01
2.848990e+02 1.800000e+01 2.154999e-01
2.848990e+02 1.900000e+01 1.937346e-01
2.848990e+02 2.000000e+01 1.856412e-01
2.879192e+02 0.000000e+00 2.642774e+00
2.879192e+02 1.000000e+00 2.435377e+00
2.879192e+02 2.000000e+00 2.241040e+00
2.879192e+02 3.000000e+00 2.065286e+00
2.879192e+02 4.000000e+00 1.912196e+00
2.879192e+02 5.000000e+00 1.735008e+00
2.879192e+02 6.000000e+00 1.319303e+00
2.879192e+02 7.000000e+00 8.827412e-01
2.879192e+02 8.000000e+00 5.353521e-01
2.879192e+02 9.000000e+00 3.949083e-01
2.879192e+02 1.000000e+01 3.370089e-01
2.879192e+02 1.100000e+01 3.078019e-01
2.879192e+02 1.200000e+01 2.910510e-01
2.879192e+02 1.300000e+01 2.792895e-01
2.879192e+02 1.400000e+01 2.707556e-01
2.879192e+02 1.500000e+01 2.577583e-01
2.879192e+02 1.600000e+01 2.452492e-01
2.879192e+02 1.700000e+01 2.272174e-01
2.879192e+02 1.800000e+01 2.108998e-01
2.879192e+02 1.900000e+01 1.896056e-01
2.879192e+02 2.000000e+01 1.816550e-01
2.909394e+02 0.000000e+00 2.625738e+00
2.909394e+02 1.000000e+00 2.416870e+00
2.909394e+02 2.000000e+00 2.221619e+00
2.909394e+02 3.000000e+00 2.046063e+00
2.909394e+02 4.000000e+00 1.893603e+00
2.909394e+02 5.000000e+00 1.717420e+00
2.909394e+02 6.000000e+00 1.303131e+00
2.909394e+02 7.000000e+00 8.701016e-01
2.909394e+02 8.000000e+00 5.268323e-01
2.909394e+02 9.000000e+00 3.883785e-01
2.909394e+02 1.000000e+01 3.312604e-01
2.909394e+02 1.100000e+01 3.023509e-01
2.909394e+02 1.200000e+01 2.856757e-01
2.909394e+02 1.300000e+01 2.739208e-01
2.909394e+02 1.400000e+01 2.653335e-01
2.909394e+02 1.500000e+01 2.524503e-01
2.909394e+02 1.600000e+01 2.400685e-01
2.909394e+02 1.700000e+01 2.223904e-01
2.909394e+02 1.800000e+01 2.063790e-01
2.909394e+02 1.900000e+01 1.855470e-01
2.909394e+02 2.000000e+01 1.777322e-01
2.939596e+02 0.000000e+00 2.608216e+00
2.939596e+02 1.000000e+00 2.397966e+00
2.939596e+02 2.000000e+00 2.201885e+00
2.939596e+02 3.000000e+00 2.026595e+00
2.939596e+02 4.000000e+00 1.874818e+00
2.939596e+02 5.000000e+00 1.699699e+00
2.939596e+02 6.000000e+00 1.286957e+00
2.939596e+02 7.000000e+00 8.575481e-01
2.939596e+02 8.000000e+00 5.184150e-01
2.939596e+02 9.000000e+00 3.819405e-01
2.939596e+02 1.000000e+01 3.255973e-01
2.939596e+02 1.100000e+01 2.969832e-01
2.939596e+02 1.200000e+01 2.803839e-01
2.939596e+02 1.300000e+01 2.686367e-01
2.939596e+02 1.400000e+01 2.599981e-01
2.939596e+02 1.500000e+01 2.472291e-01
2.939596e+02 1.600000e+01 2.349748e-01
2.939596e+02 1.700000e+01 2.176466e-01
2.939596e+02 1.800000e+01 2.019371e-01
2.939596e+02 1.900000e+01 1.815585e-01
2.939596e+02 2.000000e+01 1.738722e-01
2.969798e+02 0.000000e+00 2.590257e+00
2.969798e+02 1.000000e+00 2.378711e+00
2.969798e+02 2.000000e+00 2.181878e+00
2.969798e+02 3.000000e+00 2.006917e+00
2.969798e+02 4.000000e+00 1.855874e+00
2.969798e+02 5.000000e+00 1.681872e+00
2.969798e+02 6.000000e+00 1.270799e+00
2.969798e+02 7.000000e+00 8.450908e-01
2.969798e+02 8.000000e+00 5.101044e-01
2.969798e+02 9.000000e+00 3.755968e-01
2.969798e+02 1.000000e+01 3.200216e-01
2.969798e+02 1.100000e+01 2.917004e-01
2.969798e+02 1.200000e+01 2.751770e-01
2.969798e+02 1.300000e+01 2.634385e-01
2.969798e+02 1.400000e+01 2.547506e-01
2.969798e+02 1.500000e+01 2.420956e-01
2.969798e+02 1.600000e+01 2.299684e-01
2.969798e+02 1.700000e+01 2.129861e-01
2.969798e+02 1.800000e+01 1.975741e-01
2.969798e+02 1.900000e+01 1.776397e-01
2.969798e+02 2.000000e+01 1.700749e-01
3.000000e+02 0.000000e+00 2.571906e+00
3.000000e+02 1.000000e+00 2.359148e+00
3.000000e+02 2.000000e+00 2.161638e+00
3.000000e+02 3.000000e+00 1.987066e+00
3.000000e+02 4.000000e+00 1.836803e+00
3.000000e+02 5.000000e+00 1.663969e+00
3.000000e+02 6.000000e+00 1.254677e+00
3.000000e+02 7.000000e+00 8.327395e-01
3.000000e+02 8.000000e+00 5.019046e-01
3.000000e+02 9.000000e+00 3.693496e-01
3.000000e+02 1.000000e+01 3.145350e-01
3.000000e+02 1.100000e+01 2.865038e-01
3.000000e+02 1.200000e+01 2.700562e-01
3.000000e+02 1.300000e+01 2.583271e-01
3.000000e+02 1.400000e+01 2.495919e-01
3.000000e+02 1.500000e+01 2.370504e-01
3.000000e+02 1.600000e+01 2.250499e-01
3.000000e+02 1.700000e+01 2.084089e-01
3.000000e+02 1.800000e+01 1.932897e-01
3.000000e+02 1.900000e+01 1.737903e-01
3.000000e+02 2.000000e+01 1.663397e-01
